#date, start price, highest price, close price, lowest price, deal number, deal amount
2015-03-31,22.050,22.280,21.370,21.350,10410704,225406816
2015-03-30,21.650,22.730,22.020,21.500,14981837,331403520
2015-03-27,21.240,21.670,21.270,20.870,8437198,179361952
2015-03-26,21.200,21.590,21.320,20.800,9305779,197647088
2015-03-25,21.380,21.460,21.200,20.880,9921811,209849792
2015-03-24,22.000,22.290,21.750,20.820,15873316,344763680
2015-03-23,21.300,22.750,22.600,21.090,13285577,288847168
2015-03-20,20.800,21.100,21.040,20.500,10337419,215710848
2015-03-19,20.770,21.200,20.870,20.420,9821465,205508240
2015-03-18,20.440,20.890,20.780,20.130,11639955,239997920
2015-03-17,19.500,20.750,20.430,19.500,14122358,285240128
2015-03-16,19.100,19.470,19.400,19.070,5576733,107928136
2015-03-13,18.860,19.200,19.050,18.760,3211260,61012544
2015-03-12,18.800,18.990,18.730,18.690,2988639,56232220
2015-03-11,19.100,19.190,18.800,18.660,4314464,81336472
2015-03-10,19.490,19.530,19.180,19.150,4754714,91713024
2015-03-09,19.350,19.760,19.430,19.040,7129401,138480992
2015-03-06,18.980,19.400,19.390,18.690,7838046,149902256
2015-03-05,19.010,19.160,18.960,18.650,4132293,77995272
2015-03-04,18.830,19.120,19.000,18.780,4519050,85545248
2015-03-03,18.920,18.980,18.810,18.550,5015228,94044080
2015-03-02,19.000,19.080,19.000,18.750,5052176,95460424
2015-02-27,19.000,19.580,18.840,18.810,8575499,164531248
2015-02-26,18.400,18.980,18.940,18.250,6365939,119383040
2015-02-25,18.220,18.450,18.360,18.100,3024710,55505992
2015-02-17,18.300,18.320,18.210,18.040,1877705,34089500
2015-02-16,17.760,18.260,18.230,17.760,2794883,50599840
2015-02-13,17.700,17.930,17.750,17.640,2310776,41185432
2015-02-12,17.510,17.790,17.700,17.510,1625945,28756904
2015-02-11,17.550,17.720,17.550,17.430,1422796,25045524
2015-02-10,17.130,17.600,17.510,17.100,1975007,34228816
2015-02-09,17.160,17.290,17.170,17.040,1880205,32249070
2015-02-06,17.640,17.640,17.240,17.100,2874896,49618908
2015-02-05,18.180,18.290,17.630,17.550,4816928,85602336
2015-02-04,18.300,18.360,18.140,18.080,3011005,54893776
2015-02-03,18.280,18.380,18.240,17.900,3335745,60535020
2015-02-02,18.200,18.490,18.280,18.010,2348180,42964052
2015-01-30,18.410,18.590,18.380,18.110,2688472,49319256
2015-01-29,18.880,18.880,18.400,18.380,3261914,60661600
2015-01-28,18.820,19.140,18.900,18.730,4979542,94444200
2015-01-27,18.660,19.000,18.950,18.460,6072900,113952360
2015-01-26,18.390,18.800,18.700,18.380,4130982,77050176
2015-01-23,18.950,18.950,18.360,18.250,5962792,110416336
2015-01-22,18.330,18.930,18.840,18.170,7329159,136291824
2015-01-21,17.980,18.440,18.340,17.900,5249554,95980136
2015-01-20,17.520,17.990,17.970,17.520,3895096,69323568
2015-01-19,17.400,17.940,17.410,17.130,4916679,86672880
2015-01-16,18.180,18.260,18.140,17.910,5236019,94664704
2015-01-15,18.180,18.360,18.220,17.910,5954696,108056328
2015-01-14,19.090,19.090,18.470,18.370,12610874,235334224
2015-01-13,17.050,17.480,17.390,17.050,2357917,40821552
2015-01-12,17.400,17.450,17.050,17.020,2779211,47658112
2015-01-09,17.490,17.750,17.540,17.280,4415535,77763336
2015-01-08,17.920,18.030,17.510,17.500,4326498,76462544
2015-01-07,17.900,18.160,17.910,17.680,4340549,77624032
2015-01-06,17.700,18.170,17.920,17.410,6000583,106615456
2015-01-05,18.130,18.130,17.820,17.400,4792515,84737880
2015-06-30,31.550,37.350,36.700,30.590,9913339,332782144
2015-06-29,38.800,39.460,33.990,33.990,7602493,271719680
2015-06-26,41.090,41.090,37.770,37.770,7179660,276752096
2015-06-25,46.550,46.750,41.970,41.890,6372325,281139328
2015-06-24,46.200,47.500,46.130,44.800,6923921,319058560
2015-06-23,43.570,44.990,44.790,39.220,7671756,319185792
2015-06-19,46.400,49.010,43.580,43.580,5113462,234860080
2015-06-18,49.200,51.680,48.360,46.540,6328439,317134976
2015-06-17,46.820,49.650,49.180,45.000,6448125,306343872
2015-06-16,51.000,51.000,47.330,47.260,6961529,341880224
2015-06-15,54.690,54.690,51.980,51.300,8377838,445321824
2015-06-12,55.000,57.840,55.030,52.010,14404611,788871424
2015-06-11,57.250,58.500,57.690,56.340,5904485,339054528
2015-06-10,54.000,59.330,57.740,52.130,9080118,510374048
2015-06-09,52.900,54.990,54.300,51.000,7756952,412975616
2015-06-08,57.000,57.000,52.880,52.300,9140406,497327808
2015-06-05,56.000,56.450,56.450,51.930,12829129,708874304
2015-06-04,46.500,51.320,51.320,45.100,13365596,640081088
2015-06-03,48.500,48.580,46.650,45.710,8567350,401992128
2015-06-02,49.200,49.970,48.620,47.000,9122206,440387872
2015-06-01,45.220,48.900,48.200,45.220,10339562,491152352
2015-05-29,41.990,45.700,44.910,40.260,12760784,558634496
2015-05-28,43.440,47.530,42.530,41.590,13013635,585006080
2015-05-27,45.000,45.000,43.450,42.100,13700429,596756480
2015-05-26,46.000,47.000,45.000,44.310,17799660,813472000
2015-05-25,40.800,44.890,44.890,40.190,20275336,880006080
2015-05-22,39.100,40.810,40.810,39.090,18907632,763646272
2015-05-21,36.800,38.500,37.100,35.720,14013312,515779072
2015-05-20,37.000,38.620,36.280,35.100,24543268,909256192
2015-05-19,31.940,35.110,35.110,31.940,19882798,683477248
2015-05-18,30.980,32.180,31.920,30.580,11828976,371628352
2015-05-15,30.260,30.980,30.460,30.200,7784693,238771568
2015-05-14,31.000,31.180,30.250,30.100,6220105,189289696
2015-05-13,31.290,31.360,30.850,30.600,9340223,289329216
2015-05-12,30.330,32.580,31.710,29.700,13681168,423747104
2015-05-11,29.000,30.500,30.330,28.990,9076593,271146720
2015-05-08,28.310,28.790,28.760,27.700,7356374,207875504
2015-05-07,29.890,30.000,27.700,27.600,8132771,230991872
2015-05-06,30.780,31.700,29.770,29.450,7928748,240441840
2015-05-05,30.900,32.790,30.770,30.500,9951832,314967168
2015-05-04,31.490,31.860,30.800,30.250,8318835,257392400
2015-04-30,32.090,33.000,31.700,31.010,9564183,305880800
2015-04-29,31.700,33.000,32.180,30.700,12435791,396868768
2015-04-28,34.800,35.290,32.100,32.100,18529132,616072640
2015-04-27,36.000,37.740,35.670,35.080,17590960,633165376
2015-04-24,34.980,37.600,36.490,33.400,31900768,1141710848
2015-04-23,34.310,34.310,34.310,33.400,16746083,573817088
2015-04-22,31.190,31.190,31.190,31.190,3191345,99538048
2015-04-21,28.990,29.000,28.350,27.380,16361777,457933824
2015-04-20,29.180,31.180,28.990,27.250,26277168,778805824
2015-04-17,26.370,28.880,28.880,26.370,21689204,605374912
2015-04-16,24.650,26.280,26.250,24.000,14478619,372617088
2015-04-15,24.310,25.960,25.210,23.410,13758419,337371872
2015-04-14,24.820,24.940,24.280,24.010,8544036,208027952
2015-04-13,24.200,25.190,24.760,24.200,11601083,287823200
2015-04-10,23.440,24.450,24.100,23.110,10547108,252497824
2015-04-09,24.600,24.600,23.630,22.600,12689373,298931616
2015-04-08,24.850,25.500,24.600,23.770,25058050,617271808
2015-04-07,22.020,24.150,24.150,22.020,19444084,458761792
2015-04-03,21.720,21.980,21.950,21.600,10695876,233843168
2015-04-02,21.570,22.000,21.790,21.430,9065401,196827312
2015-04-01,21.340,21.530,21.500,21.200,8879474,189928832
2015-08-14,40.980,41.290,40.000,39.520,8714657,352676672
2015-08-13,37.100,39.530,39.270,36.870,8629948,330389152
2015-08-12,38.880,40.500,37.820,37.520,10677357,416833920
2015-08-11,37.510,39.480,38.600,36.990,11900619,460895168
2015-08-10,35.800,37.090,36.710,35.100,8081090,293451008
2015-08-07,32.500,34.180,34.090,32.500,6226785,210330832
2015-08-06,31.400,33.500,32.510,31.360,4107931,134373776
2015-08-05,33.980,34.470,32.800,32.500,7446574,249414800
2015-08-04,30.700,33.510,33.510,30.700,6933747,223327456
2015-08-03,33.000,33.840,30.460,30.460,8019787,252408560
2015-07-31,34.510,36.290,33.840,33.100,6679119,232014416
2015-07-30,36.500,38.580,35.170,35.000,11391938,425480288
2015-07-29,34.000,36.700,36.500,32.280,7501108,257100080
2015-07-28,31.010,36.000,33.500,30.980,10393026,341469440
2015-07-27,38.100,39.380,34.360,34.360,9709103,363111392
2015-07-24,39.000,40.500,38.180,37.700,9866261,385870176
2015-07-23,37.000,38.980,38.650,36.500,8332148,313123712
2015-07-22,38.500,38.500,37.280,36.030,10325381,385910496
2015-07-21,35.180,37.500,37.500,34.180,10484565,386601568
2015-07-20,35.000,37.280,35.830,33.800,11692353,420469376
2015-07-17,32.110,34.600,34.500,32.100,9979957,336565920
2015-07-16,28.500,32.510,31.500,27.280,9714596,298693504
2015-07-15,33.300,33.410,30.190,30.190,14925729,469381312
2015-07-14,33.540,33.540,33.540,30.540,19557692,640657536
2015-07-13,30.490,30.490,30.490,29.880,4820138,146872160
2015-07-10,26.800,27.720,27.720,26.100,6944931,190331488
2015-07-09,20.620,25.200,25.200,20.620,18009188,412510912
2015-07-08,22.910,22.910,22.910,22.910,2456200,56271544
2015-07-07,26.480,27.710,25.450,25.450,3642925,94044992
2015-07-06,33.680,33.680,28.280,27.560,13709121,416127776
2015-07-03,31.350,35.180,30.620,30.620,10390093,328965184
2015-07-02,37.200,38.000,34.020,34.020,6666384,238456112
2015-07-01,36.800,39.470,37.800,36.100,12835548,491638688
2015-08-17,40.000,43.250,42.390,39.400,9563853,394074816
2015-08-18,42.900,42.980,38.150,38.150,11393389,455247744
2015-08-20,38.300,38.900,36.040,35.650,5748043,215109616
2015-08-19,35.150,39.330,38.300,35.050,8217956,305172256
2015-09-14,28.030,28.600,24.970,24.740,7134482,190477536
2015-09-11,27.000,27.740,27.490,26.830,3633834,98886416
2015-09-10,27.250,28.660,27.090,26.810,4592615,127456432
2015-09-09,26.650,27.990,27.850,26.100,6336789,173798736
2015-09-08,24.130,26.410,26.170,23.960,5113898,126721136
2015-09-07,24.200,25.490,24.390,24.040,4666935,116012904
2015-09-02,24.280,27.380,23.560,23.550,6568748,163342224
2015-09-01,28.000,28.880,26.170,26.170,6416605,172005376
2015-08-31,28.630,30.150,29.080,28.180,11826374,345196960
2015-08-28,26.180,28.380,28.380,26.180,10559945,295757664
2015-08-27,25.600,26.600,25.800,23.100,7675573,196261424
2015-08-26,28.000,28.630,25.050,25.050,9943825,264646192
2015-08-25,27.830,29.190,27.830,27.830,6913992,193661696
2015-08-24,33.000,33.980,30.920,30.920,4838975,151900368
2015-08-21,35.360,37.150,34.350,33.510,6133138,216415280
2015-09-30,23.660,24.680,24.300,23.660,2894851,70351200
2015-09-29,24.470,24.470,23.660,23.500,3144663,75317864
2015-09-28,24.610,24.840,24.470,24.010,2808526,68641016
2015-09-25,25.700,25.860,24.410,23.900,3175213,79031320
2015-09-24,25.500,25.930,25.630,25.210,3702799,94343448
2015-09-23,25.500,25.910,25.280,25.000,3650468,92753632
2015-09-22,26.400,27.230,26.230,25.700,4132167,109126944
2015-09-21,24.730,26.600,26.400,24.730,4118383,106738704
2015-09-18,25.020,25.500,25.160,24.180,3590829,89076680
2015-09-17,24.800,26.030,24.320,24.300,6074252,153260448
2015-09-16,22.800,24.760,24.760,22.520,4731400,111732096
2015-09-15,23.820,25.100,22.510,22.470,5247699,124477792
2015-10-12,27.000,28.180,27.850,26.610,5031160,138261376
2015-10-09,26.010,26.940,26.610,25.600,4347972,115095424
2015-10-08,25.580,26.280,26.000,25.580,5415823,140502336
2015-10-20,30.500,30.880,30.530,29.900,5923038,179545168
2015-10-19,29.000,31.700,30.000,29.000,11593750,352341312
2015-10-16,29.030,29.980,28.990,28.260,6051887,175903232
2015-10-15,27.750,28.820,28.710,27.220,5114164,144827648
2015-10-14,27.350,28.680,27.800,27.350,4824141,135400864
2015-10-13,27.010,27.780,27.680,26.850,4251878,116820904
