#date, start price, highest price, close price, lowest price, deal number, deal amount
2015-03-31,16.830,17.040,16.700,16.510,68189312,1145734016
2015-03-30,16.830,16.880,16.650,16.450,65458816,1091436160
2015-03-27,16.260,16.540,16.490,16.020,42522152,694220160
2015-03-26,16.180,16.580,16.190,15.900,48874344,793741184
2015-03-25,16.480,16.480,16.210,16.090,53009188,862158848
2015-03-24,16.680,16.850,16.580,16.000,82877240,1364801792
2015-03-23,16.660,16.830,16.610,16.400,78895904,1314814080
2015-03-20,16.580,16.760,16.610,16.180,60351776,991283904
2015-03-19,16.610,16.950,16.610,16.420,54666148,911457280
2015-03-18,16.510,16.710,16.610,16.410,55244628,916457024
2015-03-17,16.200,17.160,16.740,15.900,90776320,1485011456
2015-03-16,15.930,16.380,16.200,15.840,57029084,918060096
2015-03-13,15.850,16.080,15.880,15.560,40205008,635284480
2015-03-12,15.970,16.100,15.630,15.480,39834316,626896064
2015-03-11,16.160,16.300,15.880,15.800,54393352,870176640
2015-03-10,15.190,16.660,16.110,15.180,96467040,1548346880
2015-03-09,15.050,15.350,15.150,14.800,43946440,664500672
2015-03-06,15.810,15.870,15.120,15.050,53117848,815583040
2015-03-05,15.320,15.900,15.610,15.290,82168912,1281818112
2015-03-04,14.800,15.480,15.260,14.800,66071400,1001477440
2015-03-03,15.460,15.620,14.840,14.810,76010512,1152137600
2015-03-02,15.320,15.660,15.460,15.160,82659552,1270445696
2015-02-27,14.890,15.330,15.160,14.880,60059976,909013696
2015-02-26,15.180,15.350,14.940,14.840,65393880,983742528
2015-02-25,15.000,15.800,15.280,14.850,113452256,1743416832
2015-02-17,14.990,15.300,14.910,14.580,136214656,2031786368
2015-02-16,13.280,14.470,14.470,13.200,81801800,1146560000
2015-02-13,12.900,13.280,13.150,12.900,37625836,493552448
2015-02-12,12.930,13.040,12.850,12.840,21351948,276251968
2015-02-11,12.950,13.080,12.800,12.800,14441850,186847120
2015-02-10,12.670,13.030,12.880,12.650,22285924,287333632
2015-02-09,12.850,12.950,12.670,12.650,15410832,197334976
2015-02-06,12.850,12.920,12.900,12.500,30766770,391465312
2015-02-05,13.490,13.500,12.920,12.870,29307284,386074368
2015-02-04,13.160,13.430,13.200,13.020,31330184,414438368
2015-02-03,12.980,13.180,13.100,12.930,26227096,342964320
2015-02-02,12.960,13.050,12.820,12.750,27408378,352726208
2015-01-30,13.580,13.680,13.070,13.050,44153360,587961408
2015-01-29,13.460,13.690,13.570,13.270,40875880,552345600
2015-01-28,13.490,13.750,13.480,13.360,44147924,598224512
2015-01-27,13.500,13.600,13.460,13.220,41646016,559565696
2015-01-26,13.250,13.480,13.410,13.130,32442060,432119968
2015-01-23,13.420,13.600,13.200,13.150,29144954,388170880
2015-01-22,13.170,13.660,13.420,13.110,49577912,665054464
2015-01-21,12.930,13.280,13.190,12.870,38018732,497160960
2015-01-20,12.610,13.070,13.020,12.500,44360680,566935104
2015-01-19,12.860,13.060,12.490,12.100,44337468,561132672
2015-01-16,13.240,13.380,13.260,13.130,26686558,353732256
2015-01-15,13.120,13.250,13.200,13.000,25357512,332026336
2015-01-14,13.220,13.360,13.160,13.050,23279868,307554368
2015-01-13,12.800,13.550,13.220,12.800,33986524,449479552
2015-01-12,12.880,12.940,12.800,12.630,23011898,293727456
2015-01-09,13.300,13.320,12.980,12.960,42551848,558643456
2015-01-08,13.330,13.660,13.350,13.310,40941320,550908992
2015-01-07,13.880,14.210,13.330,13.330,72803736,997404608
2015-06-30,14.500,16.500,16.310,13.640,100513784,1488940928
2015-06-29,17.010,17.200,15.150,15.150,78691224,1235994112
2015-06-26,18.100,18.110,16.830,16.830,61676376,1061702912
2015-06-25,20.000,20.000,18.700,18.500,55676160,1079999488
2015-06-24,19.920,20.150,19.930,19.210,59323156,1173516928
2015-06-23,19.750,20.210,19.750,18.110,56945908,1102595840
2015-06-19,21.700,21.700,19.510,19.510,58988300,1214626944
2015-06-18,22.310,22.730,21.680,21.660,56643156,1261008640
2015-06-17,22.360,22.780,22.560,21.520,56991448,1270781184
2015-06-16,23.300,23.300,22.340,21.940,82219344,1853423488
2015-06-15,24.110,24.940,23.500,23.500,117048128,2846725888
2015-06-12,22.950,24.320,23.900,22.630,131971824,3097776640
2015-06-11,22.300,23.190,22.800,22.100,97497792,2221844224
2015-06-10,22.490,22.670,22.360,22.030,77005672,1724402432
2015-06-09,22.250,22.770,22.680,21.910,102048240,2284396288
2015-06-08,22.430,22.430,22.080,21.330,90225584,1982305920
2015-06-05,22.880,22.980,22.500,21.710,101228632,2279459584
2015-06-04,22.250,22.850,22.230,20.130,84802760,1852118912
2015-06-03,21.950,22.890,22.090,21.520,82782768,1839866240
2015-06-02,21.010,22.090,21.900,20.850,78355792,1686522752
2015-06-01,20.010,21.110,21.000,19.990,78422112,1615670528
2015-05-29,20.900,21.320,20.220,19.580,81022736,1655432704
2015-05-28,23.000,23.680,21.130,21.130,108786256,2453053440
2015-05-27,22.090,23.900,23.480,21.290,130225360,2927019264
2015-05-26,21.610,22.090,21.850,21.020,101579824,2186972928
2015-05-25,20.870,21.780,21.490,20.870,94107048,2005978368
2015-05-22,20.360,21.100,20.860,20.360,80224400,1673869184
2015-05-21,20.060,20.590,20.300,19.970,53687856,1088024192
2015-05-20,20.400,20.870,20.060,19.910,62086272,1272444928
2015-05-19,19.680,20.350,20.240,19.400,57937548,1157910528
2015-05-18,19.200,19.780,19.550,19.000,55924112,1085272192
2015-05-15,19.900,19.950,19.270,19.120,47156904,915467648
2015-05-14,20.360,20.450,19.800,19.460,88150592,1744175360
2015-05-13,20.500,20.890,20.550,20.040,61468684,1261758464
2015-05-12,20.560,21.290,20.440,20.230,70980456,1469734144
2015-05-11,20.050,20.660,20.360,19.700,67727944,1373472896
2015-05-08,19.800,20.100,19.770,19.110,77755680,1517705344
2015-05-07,21.880,22.040,19.890,19.890,92372848,1887314304
2015-05-06,21.830,22.980,22.100,21.500,62035036,1386551808
2015-05-05,22.800,22.800,21.800,21.110,60387892,1332805248
2015-05-04,22.380,22.670,22.370,21.590,57245016,1260482432
2015-04-30,21.120,22.880,22.380,21.120,101607408,2224862208
2015-04-29,20.150,21.860,21.070,19.850,84151632,1750251648
2015-04-28,20.740,20.750,19.930,19.580,67213472,1348090752
2015-04-27,21.180,21.380,20.500,20.100,86323008,1784194048
2015-04-24,21.000,21.680,21.090,20.590,95932528,2020948736
2015-04-23,19.040,20.930,20.930,19.040,127921928,2598950912
2015-04-22,18.490,19.230,19.030,18.330,79109576,1496885504
2015-04-21,17.910,18.340,18.290,17.910,51371880,933157824
2015-04-20,18.490,18.580,17.890,17.800,86785528,1583480576
2015-04-17,18.210,18.790,18.610,18.120,81225432,1492754176
2015-04-16,17.990,18.480,18.200,17.800,50047432,911338112
2015-04-15,18.600,18.920,18.200,17.760,67199120,1237010816
2015-04-14,18.660,18.990,18.470,18.290,56590372,1049358848
2015-04-13,19.100,19.290,18.760,18.610,63291320,1198922624
2015-04-10,18.720,19.290,18.780,18.500,74504608,1407593984
2015-04-09,18.770,18.900,18.310,17.600,72662000,1332401536
2015-04-08,18.250,18.390,17.950,17.520,68237512,1228376704
2015-04-07,18.300,18.900,18.270,18.000,77852592,1429480704
2015-04-03,17.470,18.370,18.180,17.380,81372840,1455852800
2015-04-02,17.850,17.980,17.590,17.330,58385888,1029118464
2015-04-01,16.990,18.230,17.730,16.950,103332592,1820654592
2015-07-06,12.990,12.990,10.700,10.700,102587232,1168468224
2015-07-03,12.510,13.210,11.890,11.890,86802080,1053404160
2015-07-02,14.460,14.660,13.210,13.210,79205856,1080258816
2015-07-01,15.800,16.330,14.680,14.680,77302120,1206912128
2015-08-18,11.750,11.750,11.750,11.750,4317991,50736396
2015-08-20,14.220,14.220,14.220,14.220,6486826,92242664
2015-08-19,12.930,12.930,12.930,12.930,2998366,38768872
2015-09-14,11.160,11.160,9.980,9.980,68343648,711284480
2015-09-11,10.920,11.230,11.090,10.780,66586100,734026816
2015-09-10,11.200,11.360,10.900,10.810,84855320,944083392
2015-09-09,10.590,11.470,11.470,10.440,113102952,1243230592
2015-09-08,9.990,10.690,10.430,9.800,65064384,664488832
2015-09-07,9.950,10.520,9.990,9.890,66307760,676990848
2015-09-02,9.200,10.200,9.800,9.030,96708232,934755712
2015-09-01,10.900,10.900,9.950,9.950,90309072,925323712
2015-08-31,11.250,11.800,11.050,11.030,123277392,1406086144
2015-08-28,10.350,11.250,11.250,10.200,119183744,1273341440
2015-08-27,10.180,10.600,10.230,9.280,107224984,1080113280
2015-08-26,11.050,11.180,9.960,9.960,126535448,1330935424
2015-08-25,11.070,11.300,11.070,11.070,60106928,666325056
2015-08-24,12.900,12.990,12.300,12.300,65084420,807674432
2015-08-21,14.090,14.570,13.670,13.300,189333920,2636585472
2015-09-30,10.700,10.760,10.590,10.430,33941968,359822112
2015-09-29,10.760,10.900,10.490,10.420,60202536,639650112
2015-09-28,10.990,11.160,11.070,10.700,65024696,715936768
2015-09-25,11.150,11.480,10.880,10.680,110320096,1228604672
2015-09-24,10.670,11.010,11.000,10.550,73310872,790791936
2015-09-23,10.350,11.050,10.530,10.240,83693224,894615680
2015-09-22,10.670,10.850,10.550,10.420,71914128,764496064
2015-09-21,9.960,10.580,10.530,9.900,58843876,605711424
2015-09-18,10.080,10.280,10.200,9.880,51712044,522447296
2015-09-17,9.910,10.540,9.910,9.800,81796088,834209344
2015-09-16,9.200,9.910,9.910,9.100,61560800,582818176
2015-09-15,9.490,9.770,9.010,8.980,73830800,686411776
2015-10-12,11.490,12.200,11.910,11.460,97315528,1149166080
2015-10-09,11.170,11.470,11.280,11.080,67607064,763181184
2015-10-08,11.040,11.390,11.120,10.910,78045376,873163264
2015-11-20,17.940,17.960,17.710,17.510,72378240,1285692416
2015-11-19,17.310,18.140,17.960,17.200,78253040,1379443712
2015-11-18,18.060,18.270,17.250,17.200,102728544,1821160576
2015-11-17,19.100,19.300,18.130,18.080,138471168,2584853760
2015-11-16,17.710,19.300,18.860,17.700,119418352,2224503040
2015-11-13,17.980,18.960,18.320,17.140,188364800,3407214848
2015-11-12,18.180,18.530,18.000,17.600,143081360,2579225088
2015-11-11,17.250,18.660,18.230,17.200,191378992,3436731136
2015-11-10,16.550,18.080,17.090,16.300,196263392,3372260864
2015-11-09,16.470,16.960,16.500,15.920,137764096,2269860864
2015-11-06,16.520,17.100,16.630,16.310,134021528,2242475776
2015-11-05,16.090,17.270,16.490,15.720,188594096,3105576704
2015-11-04,15.190,16.200,16.030,15.130,119947496,1884623744
2015-11-03,15.710,15.870,15.050,14.880,99451624,1520736256
2015-11-02,15.140,16.470,15.670,14.690,134918384,2101865984
2015-10-30,16.280,16.750,16.000,15.900,137839904,2256971264
2015-10-29,16.400,16.670,16.060,15.530,138241792,2234659072
2015-10-28,17.000,17.180,16.000,15.880,183094288,3039707392
2015-10-27,15.540,17.530,17.520,15.040,234586496,3822457088
2015-10-26,16.300,17.090,15.940,15.610,253394736,4100916480
2015-10-23,14.350,15.610,15.610,14.170,223743664,3339240960
2015-10-22,13.150,14.190,14.190,13.120,204897184,2867102464
2015-10-21,14.200,14.690,12.900,12.690,158535216,2183574784
2015-10-20,13.990,14.310,14.060,13.710,98009704,1371556096
2015-10-19,13.780,14.480,13.900,13.600,157013536,2201008128
2015-10-16,13.330,13.450,13.360,12.920,139791680,1844690560
2015-10-15,12.200,13.420,13.330,12.180,158599216,2048946304
2015-10-14,12.060,12.570,12.200,11.800,119975360,1467147008
2015-10-13,11.790,12.040,11.960,11.710,69235048,822769728
