#date, start price, highest price, close price, lowest price, deal number, deal amount
2015-03-31,11.110,11.110,10.910,10.790,19443348,212511920
2015-03-30,11.160,11.500,11.100,10.900,27912700,309703072
2015-03-27,10.850,11.200,11.160,10.750,30666420,337849824
2015-03-26,10.850,11.390,10.960,10.640,58718168,645171328
2015-03-25,9.760,10.630,10.630,9.670,48209624,494820192
2015-03-24,9.800,9.910,9.660,9.420,26164424,253385552
2015-03-23,9.840,10.050,9.800,9.740,28424006,279535008
2015-03-20,9.600,9.830,9.760,9.580,26064460,252684816
2015-03-19,9.460,9.900,9.550,9.360,30688616,295115008
2015-03-18,9.450,9.550,9.480,9.330,19786478,186604848
2015-03-17,9.230,9.450,9.410,9.170,24273320,225808752
2015-03-16,8.820,9.240,9.230,8.780,24490360,221686080
2015-03-13,9.050,9.080,9.000,8.970,8249840,74335744
2015-03-12,8.970,9.060,9.010,8.950,8427921,75883400
2015-03-11,9.170,9.230,8.990,8.970,11524725,104410536
2015-03-10,9.150,9.260,9.180,9.110,7090503,65160284
2015-03-09,9.040,9.150,9.140,9.010,6175209,56173672
2015-03-06,9.380,9.470,9.070,9.060,10931915,100653152
2015-03-05,9.220,9.380,9.320,9.180,9923116,92015760
2015-03-04,9.170,9.210,9.180,9.030,8127052,74271192
2015-03-03,9.000,9.380,9.160,9.000,12776387,117435648
2015-03-02,9.030,9.170,9.150,9.000,8762607,79713552
2015-02-27,8.820,9.050,9.010,8.820,9137980,81892560
2015-02-26,8.710,8.840,8.820,8.650,4938649,43250528
2015-02-25,8.910,8.930,8.710,8.710,5444670,47782272
2015-02-17,8.850,8.950,8.910,8.800,5450082,48344880
2015-02-16,8.750,8.860,8.850,8.700,5565072,48770088
2015-02-13,8.700,8.800,8.730,8.690,5984844,52390172
2015-02-12,8.620,8.740,8.690,8.620,3541749,30751702
2015-02-11,8.740,8.750,8.700,8.580,4213633,36432900
2015-02-10,8.400,8.640,8.640,8.390,4070203,34700032
2015-02-09,8.560,8.650,8.440,8.420,3890508,33138618
2015-02-06,8.380,8.560,8.520,8.370,5787399,49129144
2015-02-05,8.610,8.650,8.400,8.400,8260432,70301984
2015-02-04,8.770,8.840,8.500,8.500,9161669,79303960
2015-02-03,8.770,8.860,8.780,8.690,5773533,50719116
2015-02-02,8.600,8.850,8.730,8.540,7046677,61356804
2015-01-30,8.990,9.090,8.750,8.750,8799515,78237920
2015-01-29,9.080,9.160,8.990,8.940,10474217,94787160
2015-01-28,9.390,9.500,9.210,9.200,12760673,118936656
2015-01-27,9.170,9.550,9.480,9.110,27841492,260986416
2015-01-26,8.910,9.170,9.150,8.800,10243496,92416752
2015-01-23,9.200,9.250,8.900,8.900,11825302,106822544
2015-01-22,9.080,9.250,9.200,9.000,16722374,152744496
2015-01-21,8.990,9.300,9.200,8.970,21876966,200417296
2015-01-20,8.580,9.050,9.010,8.580,14135521,124090296
2015-01-19,8.880,9.300,8.610,8.560,28966016,260088672
2015-01-16,8.690,9.150,9.100,8.620,13030904,115843712
2015-01-15,8.720,8.760,8.680,8.600,8791823,76430944
2015-01-14,8.760,8.810,8.740,8.540,8695863,75402728
2015-01-13,8.680,8.780,8.770,8.610,7808453,67902936
2015-01-12,8.820,8.940,8.700,8.680,11572922,101473320
2015-01-09,9.170,9.300,8.960,8.950,18236612,166948160
2015-01-08,9.150,9.330,9.190,9.010,15559448,142586048
2015-01-07,8.730,9.400,9.210,8.630,26584224,241305040
2015-01-06,8.350,8.970,8.790,8.210,22136710,191499280
2015-01-05,8.460,8.720,8.450,8.420,14874851,126989520
2015-06-30,10.580,11.580,11.570,9.690,25466572,268499424
2015-06-29,12.000,12.310,10.760,10.760,23072396,260103152
2015-06-26,13.000,13.000,11.950,11.950,20479796,251896096
2015-06-25,14.420,14.420,13.380,13.060,17494604,241791888
2015-06-24,13.950,14.350,14.270,13.600,17342368,243145408
2015-06-23,13.700,13.900,13.840,12.350,15984564,214766160
2015-06-19,14.550,14.700,13.660,13.450,17273120,242760448
2015-06-18,15.500,15.700,14.940,14.800,14212017,218117280
2015-06-17,15.400,15.670,15.530,14.350,20794076,311567424
2015-06-16,15.980,15.990,15.210,15.010,19425572,300004512
2015-06-15,16.820,16.890,16.110,16.010,21478160,351281632
2015-06-12,16.350,17.050,16.600,16.250,25481966,422443840
2015-06-11,15.500,17.160,16.550,15.220,34103460,546280000
2015-06-10,15.360,15.940,15.600,15.090,26751046,419666656
2015-06-09,15.150,15.630,15.320,14.890,26701770,407718368
2015-06-08,15.700,15.700,15.390,14.880,48945208,748423168
2015-06-05,14.390,15.770,15.770,14.390,58991656,898565440
2015-06-04,14.510,14.530,14.340,13.230,27578060,384139104
2015-06-03,14.960,15.000,14.500,14.080,28490638,413414464
2015-06-02,14.430,15.000,14.910,14.260,26725916,389249856
2015-06-01,13.680,14.490,14.370,13.550,21158108,299402080
2015-05-29,13.460,13.880,13.550,12.720,24664376,330933120
2015-05-28,14.660,15.210,13.450,13.420,34369892,497937440
2015-05-27,14.100,14.870,14.700,13.910,33920712,491018208
2015-05-26,13.950,14.240,14.100,13.800,29933158,419980928
2015-05-25,13.500,14.340,13.950,13.270,29512912,409859808
2015-05-22,13.700,13.950,13.540,13.200,33154676,448971520
2015-05-21,12.720,13.600,13.570,12.500,39793068,522415104
2015-05-20,12.690,13.040,12.680,12.580,30859056,396374144
2015-05-19,11.950,12.650,12.580,11.900,17975176,221290480
2015-05-18,11.850,12.270,11.980,11.600,15471547,185255872
2015-05-15,12.510,12.550,12.010,11.910,18440076,223964528
2015-05-14,12.510,12.770,12.580,12.380,16192884,203016400
2015-05-13,12.510,12.880,12.520,12.390,23072434,291825888
2015-05-12,12.550,12.690,12.680,12.300,21621218,270664352
2015-05-11,11.660,12.750,12.550,11.660,22871604,278463008
2015-05-08,11.370,11.720,11.590,11.370,16863108,194481056
2015-05-07,12.060,12.070,11.230,11.140,19762290,228472912
2015-05-06,12.860,13.040,12.220,12.080,20427660,257053776
2015-05-05,13.570,13.830,12.890,12.750,36572776,483687584
2015-05-04,12.570,12.970,12.940,12.570,29617148,378645856
2015-04-30,12.600,12.800,12.150,12.150,20958436,260020720
2015-04-29,12.460,13.010,12.650,12.180,19953258,251842656
2015-04-28,13.160,13.170,12.500,12.390,18781504,238181040
2015-04-27,12.700,13.200,13.090,12.380,28244702,360327392
2015-04-24,12.790,12.890,12.610,12.450,20917032,264490384
2015-04-23,13.000,13.440,12.920,12.800,32412696,425180256
2015-04-22,12.700,13.510,13.100,12.620,43759924,569146560
2015-04-21,11.880,12.800,12.480,11.790,44570552,553567360
2015-04-20,11.450,11.980,11.980,11.150,43264476,500727648
2015-04-17,11.260,11.520,11.500,11.110,26885484,305515584
2015-04-16,11.200,11.420,11.200,10.800,18947604,211660992
2015-04-15,11.350,11.690,11.350,11.250,27122204,311638080
2015-04-14,11.580,11.580,11.410,11.240,22243046,253372160
2015-04-13,11.480,11.900,11.600,11.310,34228456,397061632
2015-04-10,10.710,11.160,11.090,10.690,17683356,194834112
2015-04-09,11.080,11.080,10.770,10.470,20382644,219363168
2015-04-08,11.590,11.660,11.100,10.800,27771808,311376416
2015-04-07,11.250,11.800,11.570,11.190,29118208,335591424
2015-04-03,11.330,11.350,11.250,11.100,23677484,265613360
2015-04-02,11.120,11.350,11.350,11.000,30009012,334931488
2015-04-01,10.910,11.170,11.100,10.900,22855582,252617552
2015-08-14,14.390,14.960,14.530,14.000,58641000,843267968
2015-08-13,12.500,13.970,13.970,12.450,36258752,491854624
2015-08-12,13.000,13.300,12.700,12.580,19081794,247137328
2015-08-11,13.160,13.660,13.250,12.910,31207650,412824256
2015-08-10,12.400,13.500,13.230,12.400,28919070,376554656
2015-08-07,12.530,12.730,12.500,12.190,18777240,233756080
2015-08-06,12.600,13.100,12.300,12.100,26173842,331404064
2015-08-05,12.630,13.660,13.100,12.330,41863860,541656320
2015-08-04,12.980,13.080,12.770,11.800,36153612,451715040
2015-08-03,11.430,12.580,12.580,11.230,36340208,437815584
2015-07-31,10.190,11.440,11.440,10.190,23345052,255014496
2015-07-30,11.190,11.470,10.400,10.260,16880980,188334256
2015-07-29,11.090,11.440,11.400,10.670,20531024,226264832
2015-07-28,11.130,11.490,10.890,10.370,29027304,313837632
2015-07-27,12.400,12.730,11.520,11.520,23820950,291614272
2015-07-24,13.800,13.800,12.800,12.750,35940304,480516256
2015-07-23,13.670,14.000,13.820,13.300,36500600,499535808
2015-07-22,13.220,13.850,13.650,13.010,32421060,437599552
2015-07-21,13.000,13.640,13.430,12.700,31173472,409574624
2015-07-20,13.560,13.790,13.290,13.010,35822708,480053792
2015-07-17,12.920,13.950,13.560,12.650,41300536,550982400
2015-07-16,12.310,13.370,12.910,11.800,38291696,490815840
2015-07-15,12.420,13.490,12.310,12.000,46551728,585716736
2015-07-14,13.960,14.500,13.170,13.150,61298768,841975936
2015-07-13,13.270,14.610,14.610,12.800,66925000,922567424
2015-07-10,12.430,13.280,13.280,11.980,54285996,707969536
2015-07-09,10.970,12.070,12.070,10.970,32767684,381036352
2015-07-08,9.300,11.130,10.970,9.110,68187424,717733184
2015-07-07,9.230,10.550,10.120,9.000,45791480,453730816
2015-07-06,9.660,9.660,9.660,7.990,46786168,430586944
2015-07-03,9.550,10.000,8.780,8.780,25064548,228489664
2015-07-02,10.400,10.750,9.750,9.410,19555300,197747744
2015-07-01,11.540,12.090,10.440,10.410,22435152,258138320
2015-08-17,14.310,15.360,15.280,13.850,47696784,701713536
2015-08-18,15.010,15.130,13.750,13.750,37837264,538892224
2015-08-20,13.030,13.310,12.040,12.030,28987024,369592608
2015-08-19,12.990,13.950,13.370,12.380,34796096,452893408
2015-09-14,8.700,8.780,7.760,7.760,12937529,105813384
2015-09-11,8.800,8.890,8.620,8.370,12003177,103495672
2015-09-10,8.990,9.080,8.780,8.700,10037377,89533504
2015-09-09,8.760,9.150,9.100,8.760,16541669,148675968
2015-09-08,8.280,8.800,8.750,8.040,10583277,89044800
2015-09-07,8.900,9.160,8.400,8.270,13159718,116465928
2015-09-02,7.830,8.730,8.640,7.450,22511252,183363136
2015-09-01,9.010,9.010,8.190,8.190,17549524,147849712
2015-08-31,9.860,9.860,9.100,9.100,18905064,178515616
2015-08-28,9.570,10.150,10.020,9.300,30094292,288844896
2015-08-27,9.190,9.400,9.360,8.700,19390432,177890752
2015-08-26,9.180,9.650,8.900,8.550,26409736,241719264
2015-08-25,9.100,9.400,9.070,9.070,29965322,273005504
2015-08-24,10.400,10.870,10.080,10.080,17792508,182849360
2015-08-21,12.220,12.580,11.200,11.110,24403468,289831328
2015-09-30,7.760,7.820,7.740,7.630,7465995,57700060
2015-09-29,7.660,7.710,7.550,7.500,4364573,33200560
2015-09-28,7.620,7.820,7.770,7.500,4356972,33606980
2015-09-25,7.850,7.940,7.610,7.510,6891812,53197708
2015-09-24,7.700,7.940,7.860,7.650,7455928,58509552
2015-09-23,7.850,7.960,7.690,7.570,9464447,73666032
2015-09-22,7.760,8.310,8.030,7.710,15716685,125755088
2015-09-21,7.480,7.890,7.820,7.310,8870361,67879352
2015-09-18,7.420,7.650,7.540,7.410,7761676,58532552
2015-09-17,7.670,7.990,7.410,7.400,14439039,111241288
2015-09-16,7.050,7.710,7.700,7.040,10789683,79378944
2015-09-15,7.480,7.680,7.010,6.980,11538524,84324648
2015-10-12,8.110,8.570,8.470,8.110,15500911,129780552
2015-10-09,8.060,8.140,8.090,7.880,9249250,74372472
2015-10-08,8.020,8.090,8.070,7.890,9568100,76687904
2015-11-20,9.760,9.860,9.860,9.670,13004487,127215200
2015-11-19,9.630,9.740,9.730,9.510,8960418,86449000
2015-11-18,9.900,10.010,9.620,9.590,14256332,139647344
2015-11-17,9.770,10.140,10.030,9.750,22787132,225898624
2015-11-16,9.440,9.750,9.750,9.350,9992836,95463784
2015-11-13,9.420,9.800,9.640,9.400,16113629,155446928
2015-11-12,9.740,9.790,9.590,9.450,14316984,137230560
2015-11-11,9.750,9.850,9.770,9.560,15141492,147345792
2015-11-10,9.480,9.850,9.740,9.400,20340658,195429952
2015-11-09,9.310,9.560,9.470,9.230,18723640,176306480
2015-11-06,9.190,9.480,9.390,9.190,18148644,169823632
2015-11-05,9.150,9.350,9.190,9.070,17859420,164358608
2015-11-04,8.720,9.230,9.150,8.720,14276376,128489256
2015-11-03,8.670,8.860,8.720,8.650,8132655,71086952
2015-11-02,8.880,9.110,8.670,8.660,11137376,98905024
2015-10-30,9.300,9.300,9.040,9.040,14639855,134237344
2015-10-29,9.330,9.470,9.400,9.050,33083290,306750336
2015-10-28,8.720,9.680,9.550,8.710,41685904,392571680
2015-10-27,8.850,8.850,8.800,8.310,11469966,98924224
2015-10-26,8.930,9.050,8.850,8.710,12508507,110681792
2015-10-23,8.530,8.850,8.810,8.450,16215295,141504352
2015-10-22,8.190,8.440,8.380,8.070,9402505,78028696
2015-10-21,9.080,9.080,8.160,8.150,19331648,167153552
2015-10-20,8.940,9.070,9.060,8.860,11839013,106214664
2015-10-19,8.910,9.150,8.940,8.790,16489778,148267632
2015-10-16,8.750,8.930,8.910,8.540,17477488,153262672
2015-10-15,8.320,8.660,8.660,8.320,10788868,92047904
2015-10-14,8.600,8.640,8.360,8.360,10556750,89468920
2015-10-13,8.470,8.750,8.650,8.360,12533827,107292032
