#date, start price, highest price, close price, lowest price, deal number, deal amount
2015-03-31,11.560,12.130,11.860,11.560,37869752,446981056
2015-03-30,11.590,11.740,11.550,11.420,21733924,251714496
2015-03-27,11.610,11.830,11.580,11.510,16781196,195240880
2015-03-26,11.430,11.950,11.610,11.330,28485934,332225856
2015-03-25,11.370,11.610,11.430,11.150,22593824,257221152
2015-03-24,11.660,11.730,11.400,11.000,28113462,319068064
2015-03-23,11.700,11.990,11.660,11.550,31371438,367715840
2015-03-20,11.590,11.990,11.750,11.440,31424448,367069728
2015-03-19,11.160,11.860,11.630,11.030,39592328,454280672
2015-03-18,11.160,11.240,11.170,11.010,23767642,264285216
2015-03-17,11.290,11.410,11.170,10.980,35822964,399766272
2015-03-16,11.160,11.500,11.340,10.980,33430360,375498432
2015-03-13,10.980,11.130,11.120,10.800,19660444,216177184
2015-03-12,10.930,11.160,10.930,10.800,33107460,363073536
2015-03-11,10.250,11.250,11.110,10.160,62404040,681417216
2015-03-10,10.150,10.300,10.230,10.100,15059153,153259552
2015-03-09,9.990,10.370,10.250,9.820,16451317,165599536
2015-03-06,10.280,10.350,10.010,9.960,21739316,219823216
2015-03-05,10.180,10.750,10.430,10.100,37055032,382455808
2015-03-04,9.740,10.050,9.980,9.410,40229936,391629536
2015-02-17,10.100,10.340,10.240,10.040,9776937,99791672
2015-02-16,10.030,10.230,10.140,9.900,9623540,97157320
2015-02-13,9.790,10.200,10.010,9.790,12875666,129317904
2015-02-12,9.690,9.840,9.720,9.610,7493287,72857184
2015-02-11,9.570,9.840,9.700,9.400,10815950,103647576
2015-02-10,9.690,9.720,9.580,9.400,8326592,79166160
2015-02-09,9.740,9.960,9.660,9.630,7756226,75984448
2015-02-06,9.840,10.040,9.750,9.590,12685253,124373168
2015-02-05,10.320,10.570,10.070,9.990,16655856,171698656
2015-02-04,10.120,10.600,10.260,9.900,18984004,194973408
2015-02-03,9.880,10.120,10.120,9.710,11376592,113017296
2015-02-02,9.970,9.970,9.780,9.610,12126215,118887952
2015-01-30,10.380,10.630,10.170,10.150,11668135,121059472
2015-01-29,10.000,10.520,10.330,10.000,14022752,144399392
2015-01-28,10.510,10.510,10.250,10.180,16068990,165629696
2015-01-27,10.550,10.800,10.510,10.180,22649400,237936576
2015-01-26,10.200,10.700,10.490,10.200,19359920,203129824
2015-01-23,10.400,10.830,10.280,10.120,38174692,401360608
2015-01-22,9.870,10.870,10.480,9.610,42956764,440966272
2015-01-21,9.180,10.090,9.880,9.130,48907888,477292576
2015-01-20,8.880,9.200,9.170,8.860,18337084,167100304
2015-01-19,9.100,9.310,8.880,8.620,18998896,172076208
2015-01-16,8.900,9.060,9.020,8.880,9618597,86271432
2015-01-15,8.520,8.980,8.950,8.520,10488452,93057296
2015-01-14,8.880,8.950,8.640,8.580,9678266,84777320
2015-01-13,9.050,9.150,8.910,8.810,10073483,90090208
2015-01-12,8.850,9.590,9.100,8.850,15329609,140722848
2015-01-09,8.890,9.380,9.010,8.700,24619202,224252992
2015-01-08,9.100,9.170,8.880,8.790,24825748,222859584
2015-01-07,8.260,9.080,9.080,8.250,26893188,239116816
2015-01-06,8.350,8.400,8.250,8.130,7571109,62460100
2015-01-05,8.230,8.400,8.370,8.180,8836162,73613216
2015-05-28,17.520,17.520,17.520,17.520,1667921,29221976
2015-05-27,15.930,15.930,15.930,15.930,330122,5258844
2015-04-28,13.560,14.530,14.530,13.310,48348848,672109568
2015-04-27,13.960,14.200,13.580,13.380,55856952,769582400
2015-04-24,12.000,13.380,13.380,11.880,46504384,593863360
2015-04-23,12.250,12.430,12.160,12.080,24187760,296174976
2015-04-22,11.810,12.290,12.210,11.800,25897792,312083680
2015-04-21,11.350,11.750,11.740,11.320,16129461,186780400
2015-04-20,11.800,11.810,11.370,11.300,24396760,283119776
2015-04-17,11.930,12.130,11.810,11.670,19889434,236580928
2015-04-16,11.600,12.130,11.870,11.520,19124278,225624768
2015-04-15,12.500,12.530,11.930,11.850,22689980,275738272
2015-04-14,12.450,12.870,12.530,12.300,28464934,358447904
2015-04-13,12.240,12.600,12.520,12.200,28609550,354660096
2015-04-10,12.000,12.360,12.200,11.810,22059252,268490528
2015-04-09,12.290,12.360,12.020,11.750,26519972,317564960
2015-04-08,12.660,12.690,12.290,11.890,33985640,416954240
2015-04-07,12.750,12.770,12.660,12.430,26231020,330558560
2015-04-03,12.100,12.880,12.480,12.030,26800232,334024544
2015-04-02,12.150,12.280,12.230,11.920,25958168,314129664
2015-04-01,11.880,12.280,12.090,11.750,30903496,372750688
2015-09-14,9.600,9.660,8.470,8.470,40737068,369467712
2015-09-11,9.230,9.500,9.410,9.120,30847416,288737984
2015-09-10,9.450,9.610,9.130,9.010,36480700,343410944
2015-09-09,9.410,9.950,9.710,9.300,62728144,600494080
2015-09-08,9.400,9.750,9.310,9.310,66533740,622913152
2015-09-07,10.340,10.990,10.340,10.340,97007904,1011797184
2015-09-02,11.490,11.490,11.490,11.490,847600,9738924
2015-09-01,12.770,12.770,12.770,12.770,644700,8232819
2015-08-31,14.190,14.190,14.190,14.190,477800,6779982
2015-08-28,15.770,15.770,15.770,15.770,915600,14439012
2015-09-30,7.280,7.500,7.400,7.250,12224524,90194400
2015-09-29,7.360,7.420,7.190,7.150,13063802,95061120
2015-09-28,7.460,7.540,7.510,7.320,10705031,79832408
2015-09-25,7.860,7.950,7.420,7.360,20794368,158845664
2015-09-24,7.630,7.900,7.890,7.600,22456836,173705936
2015-09-23,7.670,7.770,7.600,7.460,21191592,161563616
2015-09-22,7.790,8.130,7.850,7.710,30764200,244092960
2015-09-21,7.300,7.900,7.780,7.240,25162088,191120928
2015-09-18,7.590,7.680,7.510,7.210,23549284,175965120
2015-09-17,7.890,8.120,7.400,7.380,41442340,324676960
2015-09-16,7.550,8.370,8.160,7.100,45562640,348370368
2015-09-15,7.920,8.100,7.620,7.620,27432356,212604384
2015-10-12,7.950,8.520,8.350,7.940,32375782,266152656
2015-10-09,7.610,7.930,7.890,7.610,20414100,159947216
2015-10-08,7.700,7.790,7.690,7.550,18188028,139913616
2015-11-20,10.600,10.610,10.470,10.300,22363244,233650112
2015-11-19,10.400,10.650,10.590,10.200,15142373,157780000
2015-11-18,10.780,10.910,10.350,10.300,18877986,200861328
2015-11-17,10.980,11.400,10.750,10.710,25719032,285073728
2015-11-16,10.390,10.960,10.910,10.300,20567120,219380016
2015-11-13,10.850,11.100,10.680,10.420,27459916,295530688
2015-11-12,11.000,11.600,10.960,10.880,40005160,447653600
2015-11-11,10.240,11.260,11.230,10.210,49413792,535170336
2015-11-10,10.030,10.530,10.240,10.030,31834180,324952768
2015-11-09,9.850,10.450,10.180,9.810,35640568,360703680
2015-11-06,9.460,9.940,9.850,9.450,33382944,325360896
2015-11-05,9.620,9.990,9.540,9.480,41551340,403187872
2015-11-04,9.190,9.750,9.640,9.070,37063528,350121472
2015-11-03,9.300,9.370,9.110,8.890,25450192,231441360
2015-11-02,9.180,9.640,9.300,9.000,32514264,302283456
2015-10-30,8.960,9.440,9.230,8.900,38006160,350867264
2015-10-29,8.830,9.100,8.990,8.770,25582640,229294560
2015-10-28,8.870,9.190,8.790,8.710,26921452,240680384
2015-10-27,8.800,8.950,8.900,8.300,25003088,217050112
2015-10-26,8.950,9.250,8.910,8.760,29386752,264005040
2015-10-23,8.420,8.940,8.790,8.380,32153978,278863776
2015-10-22,8.300,8.590,8.440,8.000,29892796,247194128
2015-10-21,8.960,9.390,8.160,8.150,43486192,383927936
2015-10-20,8.960,9.120,9.050,8.730,27693836,247909744
2015-10-19,9.100,9.440,8.970,8.840,53132580,485439904
2015-10-16,8.340,9.140,9.140,8.240,57239932,502925824
2015-10-15,7.920,8.330,8.310,7.920,28086896,229128912
2015-10-14,8.340,8.400,8.130,8.130,22100268,181841696
2015-10-13,8.300,8.600,8.420,8.200,23769088,200424048
