#date, start price, highest price, close price, lowest price, deal number, deal amount
2015-03-31,21.250,22.350,20.830,20.710,116493352,2514832640
2015-03-30,20.250,21.340,20.980,20.200,93769536,1948591744
2015-03-27,20.130,20.750,20.220,20.060,65385952,1335405568
2015-03-26,20.000,20.780,20.130,19.710,87356816,1762958976
2015-03-25,19.780,21.520,20.450,19.700,148517280,3086482432
2015-03-24,20.200,20.390,19.730,19.300,89014728,1768142336
2015-03-23,20.080,20.400,20.200,19.710,98688512,1981714560
2015-03-20,19.050,20.850,19.980,18.900,138890896,2743923200
2015-03-19,19.280,19.280,19.020,18.900,73899168,1407481472
2015-03-18,19.170,19.400,19.280,18.870,103653480,1989345536
2015-03-17,18.830,19.330,19.140,18.610,103208848,1958903552
2015-03-16,18.350,18.790,18.610,18.050,63927560,1180287360
2015-03-13,18.420,18.760,18.210,18.020,62868524,1156710400
2015-03-12,17.800,18.390,18.300,17.580,67144720,1212808192
2015-03-11,17.550,17.990,17.630,17.420,46870660,832779520
2015-03-10,17.300,17.940,17.580,17.180,61285372,1072423616
2015-03-09,17.300,17.720,17.450,16.800,95212712,1632742784
2015-03-06,18.210,18.700,18.220,18.130,70580488,1302630272
2015-03-05,17.910,18.520,18.210,17.740,77211256,1406804736
2015-03-04,18.130,18.580,18.010,17.830,79888064,1452552192
2015-03-03,18.700,18.820,18.190,17.980,122391504,2247014656
2015-03-02,18.130,19.420,19.100,18.050,179106640,3411363584
2015-02-27,17.550,17.970,17.650,17.500,60136472,1066999488
2015-02-26,16.820,17.750,17.610,16.680,67643200,1172032128
2015-02-25,17.320,17.370,16.880,16.810,33528132,570752320
2015-02-17,17.200,17.500,17.300,17.150,41357016,716348928
2015-02-16,17.000,17.170,17.100,16.850,34183032,581745856
2015-02-13,17.150,17.280,16.960,16.950,43597832,745717568
2015-02-12,17.140,17.150,16.990,16.830,27726612,471025952
2015-02-11,16.990,17.230,17.140,16.850,41511948,705485120
2015-02-10,16.650,17.500,17.190,16.510,85460456,1462108800
2015-02-09,15.750,16.850,16.550,15.690,72816816,1191976832
2015-02-06,15.690,16.070,15.700,15.550,44232044,698676224
2015-02-05,16.490,16.600,15.890,15.830,56565660,924788480
2015-02-04,16.430,16.680,16.050,16.050,43474580,713061184
2015-02-03,16.010,16.420,16.350,15.830,49405696,794507840
2015-02-02,16.020,16.250,15.750,15.600,52767552,841302976
2015-01-30,16.760,16.920,16.510,16.480,43439916,722911360
2015-01-29,16.700,17.000,16.630,16.520,54567048,912680576
2015-01-28,17.190,17.570,17.160,17.090,49604504,859696512
2015-01-27,17.440,17.670,17.280,16.930,54020436,935647616
2015-01-26,17.750,17.770,17.540,17.300,49420000,864169280
2015-01-23,17.850,18.470,17.800,17.610,91475800,1654339328
2015-01-22,17.800,17.800,17.710,17.350,76468312,1343854592
2015-01-21,17.090,18.240,17.890,16.930,139469024,2444645376
2015-01-20,16.310,17.080,16.900,16.030,104284696,1733005440
2015-01-19,16.650,16.980,16.630,16.630,74663520,1244678016
2015-01-16,18.880,18.880,18.480,18.300,56304564,1044706048
2015-01-15,18.190,18.790,18.770,17.930,62848152,1157459072
2015-01-14,18.100,18.260,18.150,17.830,42915280,776427456
2015-01-13,18.260,18.500,17.930,17.810,47733452,862603072
2015-01-12,18.620,18.990,18.440,18.040,57366336,1061414976
2015-01-09,18.310,19.270,18.480,18.310,78010072,1466461696
2015-01-08,19.480,19.620,18.610,18.500,84125272,1587376128
2015-01-07,19.160,20.340,19.480,19.010,117656200,2319224064
2015-01-06,19.300,19.780,19.180,18.580,98953176,1899706624
2015-01-05,20.060,20.120,19.620,18.900,130305672,2554658816
2015-06-30,17.730,19.480,19.470,16.300,78801024,1443524608
2015-06-29,20.100,20.160,17.710,17.560,72991496,1366240128
2015-06-26,21.300,22.180,19.510,19.510,63884676,1324608768
2015-06-25,22.400,22.880,21.680,21.380,49184968,1100016000
2015-06-24,22.550,22.570,22.350,21.760,45795864,1016941248
2015-06-23,21.640,22.440,22.330,20.600,46631872,1014930432
2015-06-19,22.800,23.580,21.500,21.400,50809588,1161481984
2015-06-18,24.300,24.310,23.170,23.160,42914132,1022805760
2015-06-17,24.160,24.410,24.400,23.210,48532792,1158407808
2015-06-16,24.170,24.900,24.050,23.710,51384392,1249945984
2015-06-15,25.600,25.790,24.350,24.310,67682960,1696093952
2015-06-12,25.210,25.700,25.260,25.100,60882368,1545397632
2015-06-11,25.200,25.380,25.150,24.850,59291456,1484562816
2015-06-10,25.500,25.950,25.430,25.260,61902872,1582187008
2015-06-09,26.560,26.850,25.780,25.410,91966784,2395557632
2015-06-08,25.110,26.540,26.510,24.910,138425680,3591894784
2015-06-05,25.880,26.000,25.170,24.600,94163160,2384980224
2015-06-04,24.450,25.360,25.040,23.660,92058760,2264471808
2015-06-03,24.460,24.940,24.450,24.130,57559984,1410481792
2015-06-02,24.200,24.690,24.460,23.910,53925308,1309099136
2015-06-01,23.300,24.800,24.400,23.030,68267576,1631038336
2015-05-29,23.500,23.740,23.200,22.650,67589880,1568859136
2015-05-28,25.720,25.750,23.270,23.270,98342592,2434849024
2015-05-27,26.150,26.450,25.850,25.700,81018944,2112906496
2015-05-26,25.650,26.330,26.110,25.020,107001920,2749389568
2015-05-25,24.800,26.080,25.610,24.700,95545328,2446005248
2015-05-22,24.390,25.450,24.840,24.230,94004744,2344364800
2015-05-21,23.910,24.230,24.120,23.700,46824196,1121637376
2015-05-20,24.300,24.440,23.910,23.700,72104232,1733942784
2015-05-19,22.440,24.640,24.520,22.440,114189536,2738328064
2015-05-18,22.550,22.850,22.400,22.330,39738556,896688896
2015-05-15,23.510,23.600,22.800,22.710,48868344,1129890944
2015-05-14,24.110,24.360,23.660,23.500,48289100,1150544128
2015-05-13,24.700,24.830,24.010,23.810,56250016,1367019648
2015-05-12,24.350,25.460,24.850,24.010,84439296,2095618816
2015-05-11,23.800,24.340,24.290,23.510,65831776,1576354176
2015-05-08,24.190,24.280,23.640,23.130,52146856,1230343296
2015-05-07,23.000,24.000,23.620,23.000,55017696,1301332224
2015-05-06,23.700,24.760,23.380,23.050,72310048,1733029376
2015-05-04,24.590,24.730,24.200,24.000,46448976,1126883584
2015-04-30,25.350,25.570,24.590,24.580,51794632,1298977280
2015-04-29,25.040,25.540,25.190,24.600,54199224,1363227520
2015-04-28,25.800,26.030,25.160,24.970,82351840,2097713024
2015-04-27,25.860,26.370,25.810,25.480,75388960,1952539904
2015-04-24,25.920,26.480,25.800,25.250,98186448,2539197952
2015-04-23,26.620,27.860,26.670,26.000,130477240,3490066944
2015-04-22,25.020,26.780,26.430,24.900,122225776,3141580544
2015-04-21,23.250,25.250,24.960,23.250,98748168,2416304384
2015-04-20,24.800,24.850,23.280,23.150,95503872,2299653632
2015-04-17,24.980,25.760,24.760,24.400,91187208,2281600512
2015-04-16,24.300,25.250,24.710,23.770,76445808,1877871872
2015-04-15,26.280,26.500,24.770,24.700,88206504,2271974400
2015-04-14,26.500,27.360,26.600,25.500,124952464,3266545152
2015-04-13,26.580,26.950,26.690,25.500,109281656,2865089024
2015-04-10,24.900,26.580,26.450,24.700,119458800,3071098368
2015-04-09,25.140,26.870,25.010,24.580,161875392,4156983296
2015-04-08,23.060,25.150,24.660,22.720,143954144,3450100736
2015-04-07,23.110,23.250,22.930,22.410,102549064,2333444864
2015-04-03,21.680,22.740,22.680,21.560,113579960,2538454016
2015-04-02,22.350,22.460,21.820,21.230,91888992,1997955968
2015-04-01,21.100,22.200,21.930,20.870,106141240,2288746752
2015-08-14,16.500,16.740,16.500,16.320,46886232,774520832
2015-08-13,16.110,16.450,16.280,15.800,31445238,508171776
2015-08-12,16.070,16.670,16.080,15.950,41989128,686706816
2015-08-11,16.400,16.720,16.240,16.190,46901840,771123712
2015-08-10,15.470,16.790,16.490,15.340,61947508,996583296
2015-08-07,15.150,15.650,15.390,15.150,28876750,444939296
2015-08-06,15.290,15.540,15.120,15.040,28555808,436407328
2015-08-05,15.910,16.050,15.560,15.500,30066420,475856192
2015-08-04,15.400,16.090,16.090,15.340,38037904,598029056
2015-08-03,15.030,15.500,15.480,14.920,39194504,592271936
2015-07-31,14.870,15.400,15.230,14.870,43974236,667359168
2015-07-30,16.010,16.400,15.070,15.020,41233432,658926720
2015-07-29,15.950,16.190,16.170,15.550,43093532,681373120
2015-07-28,14.680,16.400,16.060,14.010,96411112,1486451328
2015-07-27,16.750,16.870,15.390,15.390,66884852,1082723840
2015-07-24,17.860,17.990,17.100,16.910,74985976,1317417472
2015-07-23,17.260,17.850,17.800,17.260,75090320,1329452032
2015-07-22,17.300,17.650,17.240,16.950,52208896,902796416
2015-07-21,16.800,17.860,17.460,16.680,70161776,1214504192
2015-07-20,17.480,17.910,17.110,16.910,63948608,1109498112
2015-07-17,16.500,17.730,17.440,16.320,58365548,992957824
2015-07-16,15.960,16.860,16.290,15.300,52887764,857634688
2015-07-15,17.510,18.130,15.960,15.960,81622144,1380649984
2015-07-14,18.210,18.660,17.730,17.530,88628520,1607527936
2015-07-13,18.010,19.380,18.840,17.700,123515032,2290999296
2015-07-10,16.570,18.230,18.230,16.290,127371160,2273937152
2015-07-09,13.650,16.570,16.570,13.650,116870520,1813531776
2015-07-08,15.060,15.200,15.060,15.060,60511400,911615872
2015-07-07,18.070,18.470,16.730,16.690,96852736,1651845760
2015-07-06,19.360,19.360,18.540,17.510,72539328,1338137856
2015-07-03,17.790,18.980,17.600,16.580,61935488,1114231168
2015-07-02,18.650,19.030,18.010,17.280,69795696,1284429696
2015-07-01,19.010,19.790,17.980,17.800,61287756,1176571136
2015-08-17,16.440,16.620,16.370,16.050,34086892,556862656
2015-08-18,16.430,17.250,15.040,14.910,77263696,1273241856
2015-08-20,15.000,15.250,14.480,14.450,34575272,513665760
2015-08-19,14.750,15.340,15.270,14.150,53053672,789775232
2015-09-14,11.770,11.900,10.660,10.570,57393640,628133952
2015-09-11,11.770,12.050,11.740,11.590,29699144,351923648
2015-09-10,11.820,12.230,11.780,11.740,42213056,505527552
2015-09-09,11.660,12.320,12.050,11.580,62545024,748858048
2015-09-08,11.050,11.640,11.590,10.660,40960500,456693920
2015-09-07,11.580,12.050,11.220,11.220,46835868,551002048
2015-09-02,11.000,11.800,11.560,10.880,91604440,1046256192
2015-09-01,11.180,12.530,11.680,10.810,101255872,1193284480
2015-08-31,11.470,11.470,11.390,10.700,66917200,744011264
2015-08-28,10.900,11.580,11.470,10.780,75513032,836543104
2015-08-27,10.390,10.760,10.720,9.890,62840128,652180160
2015-08-26,10.610,11.330,9.900,9.900,72495472,769344320
2015-08-25,10.820,11.340,10.770,10.770,48841512,533249696
2015-08-24,12.890,12.890,11.970,11.970,42567008,517146944
2015-08-21,14.290,14.580,13.300,13.280,40882744,572193152
2015-09-30,10.950,11.440,11.000,10.900,37931588,422733248
2015-09-29,10.880,11.380,10.990,10.620,39118864,428359232
2015-09-28,10.800,11.200,11.080,10.550,25639628,280562816
2015-09-25,11.340,11.530,10.800,10.700,38000796,420103040
2015-09-24,11.360,11.800,11.420,11.320,39732936,458100736
2015-09-23,11.260,11.460,11.160,11.140,33960128,383300192
2015-09-22,11.090,11.880,11.530,11.010,63758288,737613248
2015-09-21,10.630,11.060,11.020,10.460,33964944,367956576
2015-09-18,10.850,10.950,10.780,10.610,23632448,255009248
2015-09-17,10.830,11.150,10.650,10.600,45529004,498534400
2015-09-16,10.090,10.970,10.950,9.970,43340988,452879200
2015-09-15,10.400,10.800,9.970,9.930,35295016,364255456
2015-10-12,11.900,12.730,12.560,11.720,77704920,958045568
2015-10-09,11.420,11.900,11.800,11.360,51805988,603401536
2015-10-08,11.680,11.680,11.410,11.370,45711388,525840096
2015-11-20,17.790,17.800,17.510,17.220,71436288,1248194560
2015-11-19,17.300,17.850,17.830,17.100,77841816,1361412608
2015-11-18,18.330,18.680,17.100,16.980,115172184,2053742464
2015-11-17,18.770,19.800,18.370,18.210,173410096,3311471872
2015-11-16,18.050,18.670,18.350,17.900,106399704,1937610752
2015-11-13,18.440,19.500,18.810,18.350,157916704,2988622080
2015-11-12,19.500,20.200,18.800,18.710,264777936,5164490240
2015-11-11,17.450,19.120,19.120,17.300,204134336,3751753472
2015-11-10,17.350,18.940,17.380,17.220,148614464,2678433024
2015-11-09,18.280,19.160,17.640,17.450,208001264,3788758272
2015-11-06,16.200,18.230,18.230,16.010,182623424,3158136576
2015-11-05,15.980,17.090,16.570,15.620,200719936,3355789312
2015-11-04,14.200,15.540,15.540,14.170,109746304,1646880256
2015-11-03,13.810,14.330,14.130,13.780,58025136,815976960
2015-11-02,13.780,14.450,13.750,13.660,66017904,930601920
2015-10-30,13.590,14.470,14.000,13.350,71097304,997734080
2015-10-29,13.690,13.860,13.660,13.460,29924348,408388704
2015-10-28,13.910,14.150,13.500,13.450,40865504,563758976
2015-10-27,13.990,14.170,14.090,13.370,50858788,701406080
2015-10-26,14.300,14.800,14.180,13.980,85323104,1227640320
2015-10-23,13.300,14.050,13.910,13.060,75884312,1030167040
2015-10-22,12.840,13.320,13.220,12.570,58154740,754976640
2015-10-21,13.920,14.000,12.770,12.540,71952192,956475008
2015-10-20,13.710,13.850,13.850,13.420,50320376,685401344
2015-10-19,13.460,14.300,13.670,13.390,83067696,1149571456
2015-10-16,13.200,13.480,13.410,13.050,80510144,1069977536
2015-10-15,12.540,13.050,13.050,12.450,62681148,802702720
2015-10-14,12.480,13.250,12.590,12.440,74886512,958517888
2015-10-13,12.390,12.590,12.480,12.330,42377224,529104672
