#date, start price, highest price, close price, lowest price, deal number, deal amount
2015-03-31,8.110,8.180,7.930,7.890,22257370,178150112
2015-03-30,8.030,8.180,8.110,7.650,34211224,272265536
2015-03-27,8.110,8.170,8.080,8.030,9960740,80428872
2015-03-26,7.960,8.280,8.050,7.790,17608138,141484000
2015-03-25,7.850,8.400,7.980,7.850,26711664,215945488
2015-03-24,7.900,7.900,7.730,7.330,23308452,179056976
2015-03-23,7.690,7.930,7.900,7.670,20888876,163262816
2015-03-20,7.660,7.970,7.640,7.610,20983568,162827840
2015-03-19,7.350,7.780,7.670,7.280,25283458,188988160
2015-03-18,7.330,7.440,7.380,7.240,15045048,110649904
2015-03-17,7.310,7.500,7.350,7.180,19404932,142200016
2015-03-16,7.150,7.380,7.300,7.150,16240424,118454816
2015-03-13,7.180,7.250,7.120,7.050,9527402,68041848
2015-03-12,7.250,7.280,7.240,6.960,13943038,99209536
2015-03-11,7.000,7.270,7.240,6.960,20068962,143142864
2015-03-10,6.900,7.100,7.010,6.860,15511077,108742560
2015-03-09,6.770,6.950,6.900,6.600,13428318,91589056
2015-03-06,6.930,6.950,6.760,6.720,11418748,77794208
2015-03-05,6.850,7.140,6.870,6.760,22574544,157190480
2015-03-04,6.600,6.850,6.850,6.560,20966468,141358144
2015-03-03,6.710,6.780,6.610,6.600,18322972,122137296
2015-03-02,6.750,6.950,6.800,6.610,31512500,212814864
2015-02-27,6.840,6.850,6.770,6.500,33228756,223087072
2015-02-26,6.170,6.750,6.750,6.150,37170048,246026496
2015-02-25,6.030,6.310,6.140,6.030,14099503,87484400
2015-02-17,6.010,6.100,6.040,5.980,8461798,51160264
2015-02-16,5.850,6.010,5.990,5.840,7769236,46320160
2015-02-13,5.760,5.910,5.850,5.750,5714848,33405508
2015-02-12,5.670,5.760,5.740,5.660,4183365,23911752
2015-02-11,5.640,5.750,5.700,5.630,5554827,31639774
2015-02-10,5.620,5.700,5.640,5.600,3903953,22036936
2015-02-09,5.650,5.730,5.720,5.450,5759281,32180380
2015-02-06,5.770,5.800,5.610,5.590,5342450,30487150
2015-02-05,5.920,5.960,5.770,5.770,4256918,24950134
2015-02-04,5.900,5.960,5.860,5.850,5008586,29581264
2015-02-03,5.860,5.960,5.910,5.840,5359035,31640228
2015-02-02,5.850,5.920,5.860,5.710,8010251,46652868
2015-01-30,5.900,5.980,5.890,5.810,6040358,35514516
2015-01-29,6.000,6.040,5.900,5.900,7706210,45897980
2015-01-28,6.060,6.150,6.030,6.000,10134035,61486324
2015-01-27,6.050,6.100,6.060,5.910,14670153,88454952
2015-01-26,5.830,6.190,6.130,5.800,21386308,129358112
2015-01-23,5.790,5.960,5.840,5.790,18897064,111083904
2015-01-22,5.700,5.780,5.780,5.670,10906783,62462180
2015-01-21,5.560,5.800,5.720,5.520,14963491,84943816
2015-01-20,5.380,5.570,5.540,5.380,6808410,37481908
2015-01-19,5.510,5.630,5.380,5.300,11309573,62116188
2015-01-16,5.520,5.590,5.570,5.470,6550274,36254984
2015-01-15,5.500,5.530,5.500,5.430,4482234,24607060
2015-01-14,5.540,5.540,5.480,5.480,5846123,32241548
2015-01-13,5.510,5.550,5.550,5.470,5017542,27639648
2015-01-12,5.440,5.640,5.530,5.430,10038616,55646324
2015-01-09,5.540,5.590,5.470,5.470,6943299,38413836
2015-01-08,5.640,5.650,5.540,5.520,8471003,47241896
2015-01-07,5.630,5.680,5.650,5.560,9246927,52069752
2015-01-06,5.580,5.640,5.640,5.460,12059575,66790116
2015-01-05,5.480,5.650,5.600,5.450,15647474,87330528
2015-06-30,11.300,12.100,12.010,10.490,29291108,329443136
2015-06-29,13.500,13.500,11.650,11.650,20345872,246319888
2015-06-26,14.100,14.100,12.940,12.940,13124317,174473808
2015-06-25,15.500,15.650,14.380,13.960,17896786,267273360
2015-06-24,15.400,15.850,15.450,14.720,18705156,288292096
2015-06-23,14.850,15.380,15.200,13.960,17073588,253218832
2015-06-19,15.000,15.990,14.670,14.260,17894392,275393536
2015-06-18,15.230,16.610,15.470,14.880,26758460,426280800
2015-06-17,14.950,15.300,15.300,14.000,21143832,308632608
2015-06-16,15.780,15.800,14.940,14.700,20930100,318394816
2015-06-15,17.320,17.330,16.100,16.070,26063332,434216576
2015-06-12,16.490,16.890,16.600,16.230,23945048,396148640
2015-06-11,16.190,16.600,16.320,15.900,20596924,334316320
2015-06-10,16.500,16.900,16.330,15.540,28357776,460289472
2015-06-09,15.650,17.100,16.780,15.650,26814914,442973344
2015-06-08,16.810,16.810,15.550,15.400,32638524,524793440
2015-06-05,17.060,17.600,16.800,16.500,30217880,511128672
2015-06-04,16.750,18.000,17.380,16.100,38175588,656773248
2015-06-03,15.600,16.580,16.580,15.170,32483934,525497024
2015-06-02,14.170,15.070,15.070,13.820,32418408,475590336
2015-06-01,13.130,14.020,13.700,12.980,22897062,311261600
2015-05-29,13.100,13.890,13.000,12.040,23281724,304361984
2015-05-28,14.430,14.800,13.350,12.980,28826240,400714656
2015-05-27,14.140,14.500,14.270,13.710,24899848,351424288
2015-05-26,13.780,14.490,14.130,13.530,32369330,452171520
2015-05-25,13.500,14.450,13.730,13.500,42929464,600024192
2015-05-22,12.050,13.230,13.230,12.050,28349480,368981568
2015-05-21,11.700,12.270,12.030,11.510,30679428,365932000
2015-05-20,10.850,11.810,11.740,10.850,45088544,523314144
2015-05-19,10.410,11.020,10.740,10.410,26232408,283217824
2015-05-18,10.100,10.500,10.420,10.090,17005520,176841456
2015-05-15,10.200,10.250,10.180,10.080,10531358,107197856
2015-05-14,10.170,10.440,10.320,10.150,15632644,160630576
2015-05-13,10.210,10.350,10.170,10.060,12255452,125114912
2015-05-12,10.280,10.430,10.210,10.000,13514876,137999168
2015-05-11,9.930,10.550,10.280,9.680,18033884,181893424
2015-05-08,9.440,9.800,9.790,9.430,11368615,109256544
2015-05-07,9.880,10.140,9.410,9.400,12783767,124149480
2015-05-06,9.890,10.210,9.710,9.690,12487652,124756072
2015-05-05,10.760,10.760,10.000,9.990,23129200,239672448
2015-05-04,11.150,11.200,10.890,10.670,23081924,252393264
2015-04-30,10.410,11.430,11.170,10.140,40607864,443309920
2015-04-29,10.350,10.550,10.390,10.170,18944224,197005248
2015-04-28,10.550,10.550,10.380,9.970,24656008,251154048
2015-04-27,10.980,11.000,10.550,10.420,19408608,206646016
2015-04-24,10.950,10.950,10.880,10.520,21892348,234313488
2015-04-23,11.170,11.230,10.950,10.780,27164970,297278432
2015-04-22,11.110,11.590,11.250,10.970,34016904,382395072
2015-04-21,11.180,11.280,11.120,10.700,25521798,278227424
2015-04-20,10.740,11.680,11.180,10.600,37211912,414422976
2015-04-17,10.790,10.980,10.740,10.500,31345182,336427808
2015-04-16,9.700,10.790,10.790,9.610,39514184,408359872
2015-04-15,9.810,10.190,9.810,9.650,21466396,213268528
2015-04-14,9.760,10.100,9.800,9.660,20521088,202295648
2015-04-13,9.440,10.260,9.840,9.210,31206124,306863296
2015-04-10,8.660,9.530,9.450,8.540,30016656,273075296
2015-04-09,8.760,8.860,8.660,8.250,18044350,154501872
2015-04-08,8.820,8.950,8.770,8.400,22398420,195644176
2015-04-07,8.490,8.950,8.820,8.490,28665204,250294336
2015-04-03,8.090,8.590,8.490,8.050,30878644,257316112
2015-04-02,7.990,8.280,8.210,7.870,27547454,222709552
2015-04-01,7.930,8.050,7.980,7.800,13736045,109232560
2015-08-14,10.990,11.950,11.580,10.860,30232944,344030112
2015-08-13,10.850,11.260,10.970,10.420,26031618,281629632
2015-08-12,10.260,11.190,10.880,10.010,29409978,316139424
2015-08-11,9.750,10.700,10.400,9.690,28435882,290227520
2015-08-10,9.480,9.950,9.830,9.300,20301764,196228176
2015-08-07,8.990,9.350,9.350,8.930,19282440,176919360
2015-08-06,8.710,9.100,8.860,8.670,7527639,67051624
2015-08-05,9.200,9.400,9.000,8.870,15707211,143622960
2015-08-04,8.700,9.330,9.320,8.700,17356000,157010032
2015-08-03,9.080,9.380,8.740,8.500,15830026,141080256
2015-07-31,9.110,9.520,9.240,8.990,14966923,138775968
2015-07-30,9.100,9.700,9.210,8.900,21881922,206039472
2015-07-29,8.550,9.190,9.170,8.380,20467714,178020656
2015-07-28,8.100,8.880,8.450,7.920,31085936,259058368
2015-07-27,9.470,10.150,8.800,8.780,28510684,271650880
2015-07-24,9.980,10.390,9.760,9.600,32331884,323334016
2015-07-23,9.240,10.190,9.980,9.240,32793960,318068928
2015-07-22,9.160,9.600,9.380,9.000,25129400,234683264
2015-07-21,8.820,9.670,9.300,8.600,33445104,310800480
2015-07-20,8.270,9.000,9.000,8.130,33240380,283783424
2015-07-17,7.700,8.310,8.210,7.190,28701064,228583136
2015-07-16,6.950,7.860,7.590,6.800,23958172,179271120
2015-07-15,8.490,8.490,7.510,7.100,50727896,402611328
2015-07-14,7.720,7.720,7.720,7.720,560580,4327678
2015-07-13,7.020,7.020,7.020,7.020,410801,2883823
2015-07-08,6.380,6.380,6.380,6.380,6372600,40657188
2015-07-07,7.100,7.100,7.090,7.090,2460200,17447184
2015-07-06,9.450,9.450,7.880,7.880,19761476,168399776
2015-07-03,8.970,9.330,8.760,8.760,21182314,187705856
2015-07-02,10.780,10.900,9.730,9.730,21074194,210421504
2015-07-01,11.840,12.070,10.810,10.810,21285424,243815856
2015-08-17,11.480,11.580,11.410,10.950,26481482,299875104
2015-08-18,11.410,11.410,10.270,10.270,22749780,245643712
2015-08-20,10.110,10.490,9.860,9.820,11058069,112535152
2015-08-19,9.760,10.600,10.420,9.310,22189924,219152848
2015-09-14,8.740,8.740,7.900,7.900,17667560,145740576
2015-09-11,8.590,8.900,8.780,8.450,25766944,222135808
2015-09-10,8.700,9.360,8.830,8.500,46810796,419563744
2015-09-09,7.800,8.510,8.510,7.770,28304728,237587104
2015-09-08,7.050,7.740,7.740,7.000,15448718,114496744
2015-09-07,6.850,7.290,7.040,6.820,13008207,91732680
2015-09-02,6.700,7.500,6.660,6.490,10428539,72083224
2015-09-01,7.900,7.900,7.100,7.100,12201127,90327144
2015-08-31,8.350,8.360,7.890,7.890,16908752,136583872
2015-08-28,7.530,8.270,8.250,7.530,21720320,170273440
2015-08-27,6.800,7.520,7.520,6.650,23538444,165300576
2015-08-26,7.400,7.800,6.900,6.620,29569720,210538736
2015-08-25,7.350,7.550,7.350,7.350,19648120,144875280
2015-08-24,8.300,8.690,8.170,8.170,9402215,77483088
2015-08-21,9.730,9.800,9.080,8.880,16030400,150428272
2015-09-30,7.160,7.400,7.230,7.160,6187279,45194316
2015-09-29,7.050,7.170,7.160,7.000,5626418,39921608
2015-09-28,7.150,7.340,7.200,6.920,7505808,53693904
2015-09-25,7.630,7.680,7.120,7.030,12721213,93205496
2015-09-24,7.580,7.750,7.700,7.480,11296334,86121120
2015-09-23,7.670,7.870,7.590,7.510,10749667,82414880
2015-09-22,7.950,8.180,7.900,7.850,14753426,117841344
2015-09-21,7.470,7.940,7.920,7.380,11097190,85729144
2015-09-18,7.450,7.700,7.560,7.310,10089492,76059784
2015-09-17,7.940,8.140,7.450,7.450,23757198,186386992
2015-09-16,7.180,7.820,7.800,7.080,18456398,137546032
2015-09-15,7.110,7.530,7.110,7.110,20035492,145381344
2015-10-12,7.760,8.360,8.350,7.750,18567500,150014832
2015-10-09,7.710,7.890,7.770,7.450,12932121,99769048
2015-10-08,7.450,7.850,7.700,7.330,14777137,112689592
2015-11-20,11.500,11.630,11.380,11.250,15672682,179211728
2015-11-19,11.090,11.600,11.500,10.980,17433166,194583344
2015-11-18,11.100,11.760,11.100,11.100,25274032,286987488
2015-11-17,11.030,11.410,11.250,10.850,26734288,298684608
2015-11-16,10.080,11.090,11.030,9.990,21325328,225358528
2015-11-13,10.280,10.620,10.270,10.130,17087256,177437776
2015-11-12,10.170,10.460,10.350,10.060,24119572,248611040
2015-11-11,9.990,10.220,10.120,9.950,22608084,228057760
2015-11-10,9.870,10.180,9.990,9.710,24000010,237741648
2015-11-09,9.870,10.050,9.950,9.720,32938720,326304768
2015-11-06,9.740,10.530,10.250,9.480,60878204,604988160
2015-11-05,10.740,10.740,9.900,9.880,64024180,659497408
2015-11-04,9.760,9.760,9.760,9.760,26228724,255992336
2015-11-03,8.950,9.140,8.870,8.800,7029335,63155044
2015-11-02,9.290,9.420,9.010,9.010,10885335,100008208
2015-10-30,9.380,9.780,9.400,9.300,13339970,127565896
2015-10-29,9.330,9.650,9.440,9.100,17308564,162470768
2015-10-28,8.900,9.670,9.350,8.800,23100538,212935696
2015-10-27,9.000,9.030,8.950,8.330,11406884,99719368
2015-10-26,9.120,9.240,9.000,8.830,14541733,131284616
2015-10-23,8.700,9.170,9.020,8.570,12467340,110242656
2015-10-22,8.300,8.780,8.660,8.120,13510269,115031432
2015-10-21,9.220,9.250,8.300,8.300,18936680,165287888
2015-10-20,8.850,9.350,9.220,8.750,16666105,151594624
2015-10-19,8.900,9.160,8.930,8.760,18577892,166543040
2015-10-16,8.690,9.100,8.900,8.620,23554344,208402864
2015-10-15,8.110,8.850,8.800,8.110,30716640,259905408
2015-10-14,8.280,8.400,8.190,8.100,15754056,129784920
2015-10-13,8.200,8.350,8.290,8.070,17303028,142083984
