#date, start price, highest price, close price, lowest price, deal number, deal amount
2015-03-31,10.720,10.960,10.940,10.600,21786492,234770880
2015-03-30,10.440,10.800,10.700,10.430,18571588,197503296
2015-03-27,10.470,10.520,10.430,10.300,12711352,132281344
2015-03-26,10.200,10.550,10.420,10.190,13347941,138826864
2015-03-25,10.450,10.450,10.280,10.190,18129600,186408208
2015-03-24,10.900,10.920,10.490,10.270,28581820,300944448
2015-03-23,10.900,11.200,10.920,10.790,16101435,176007120
2015-03-20,10.980,11.060,10.830,10.700,17397868,188731584
2015-03-19,10.810,11.180,11.020,10.610,26226736,287246240
2015-03-18,10.690,10.850,10.760,10.660,17923664,192783408
2015-03-17,10.360,10.820,10.750,10.260,25415148,266980704
2015-03-16,10.210,10.410,10.380,10.070,18850318,193546928
2015-03-13,10.450,10.460,10.250,10.180,9148650,94120000
2015-03-12,10.130,10.390,10.360,10.020,9669847,98798792
2015-03-11,10.230,10.460,10.150,10.130,9218335,94765600
2015-03-10,10.340,10.510,10.310,10.220,9070612,93958960
2015-03-09,10.180,10.420,10.340,9.980,12765172,131171104
2015-03-06,10.570,10.760,10.260,10.200,14302990,149481936
2015-03-05,10.960,10.990,10.590,10.540,15300425,164002864
2015-03-04,10.890,11.280,11.090,10.780,12480813,136918784
2015-03-03,10.760,11.080,10.940,10.670,14380738,156514624
2015-03-02,11.240,11.360,10.840,10.640,19391060,212077936
2015-02-27,10.350,10.960,10.840,10.160,18984824,200917024
2015-02-26,10.300,10.600,10.450,10.230,13328395,138807120
2015-02-25,10.220,10.580,10.300,9.970,15460255,159632208
2015-02-17,9.890,10.300,10.220,9.810,18678984,189086784
2015-02-16,9.560,9.990,9.880,9.370,19841112,190481792
2015-02-13,9.680,9.750,9.520,9.520,10600518,101993176
2015-02-12,9.530,9.660,9.580,9.370,11381275,108021048
2015-02-11,9.690,9.710,9.640,9.300,11660487,110836520
2015-02-10,9.830,10.080,9.690,9.530,13182831,127811168
2015-02-09,9.440,10.190,9.890,9.370,20909688,205890576
2015-02-06,9.300,9.750,9.550,9.250,15981669,151160880
2015-02-05,9.470,9.900,9.300,9.280,21713222,207736624
2015-02-04,9.580,10.200,9.470,9.460,30152416,293349440
2015-02-03,8.820,9.660,9.370,8.820,36259520,340704128
2015-02-02,8.400,8.930,8.830,8.250,17865962,154756624
2015-01-30,8.720,8.850,8.780,8.630,10721126,93875600
2015-01-29,8.700,8.860,8.700,8.610,11041721,96159560
2015-01-28,9.040,9.090,8.790,8.740,13064290,116409216
2015-01-27,9.100,9.270,9.040,8.950,14464237,131656904
2015-01-26,9.050,9.150,9.140,8.800,15320182,137237632
2015-01-23,9.130,9.300,9.060,9.010,18700028,171355024
2015-01-22,9.110,9.250,9.120,8.970,15665627,142356400
2015-01-21,8.910,9.210,9.110,8.850,19312272,174842624
2015-01-20,8.630,8.970,8.910,8.630,15824321,139613168
2015-01-19,8.700,9.380,8.610,8.410,28467752,255000576
2015-01-16,8.530,9.310,8.970,8.530,23378842,209107648
2015-01-15,8.420,8.570,8.530,8.400,8915386,75861736
2015-01-14,8.500,8.570,8.400,8.340,9218360,77969328
2015-01-13,8.430,8.540,8.490,8.300,11323945,95458944
2015-01-12,8.630,8.850,8.420,8.380,15698478,134671840
2015-01-09,8.580,8.850,8.600,8.580,13171193,115104632
2015-01-08,8.990,9.000,8.670,8.650,19582926,171901344
2015-01-07,9.080,9.160,8.990,8.860,18018656,162194448
2015-01-06,9.350,9.640,9.140,9.100,20913498,194938752
2015-01-05,9.040,9.600,9.430,8.750,27740614,255848624
2015-06-30,11.600,12.790,12.760,10.530,26745628,313657408
2015-06-29,13.410,13.410,11.630,11.630,25321216,310906688
2015-06-26,13.500,13.950,12.920,12.920,19563564,260229440
2015-06-25,15.400,15.430,14.350,14.000,18062388,270668512
2015-06-24,15.190,15.570,15.390,14.750,17215748,262624448
2015-06-23,15.170,15.450,15.060,13.650,18414952,266535904
2015-06-19,16.300,16.500,15.170,15.170,22393788,350208896
2015-06-18,17.290,17.760,16.850,16.800,11119723,193283792
2015-06-17,16.710,17.750,17.410,16.490,15295972,260813040
2015-06-16,17.180,17.860,16.910,16.750,16336161,282606976
2015-06-15,18.800,18.900,17.560,17.410,21977820,396567264
2015-06-12,18.050,18.790,18.510,18.050,22359684,413208800
2015-06-11,18.000,18.100,17.920,17.450,16836394,299467616
2015-06-10,17.900,18.490,18.100,17.550,14936813,270322752
2015-06-09,17.650,18.480,18.180,17.300,20037112,360756160
2015-06-08,18.400,18.400,17.730,17.310,25172184,448730912
2015-06-05,18.940,19.610,18.480,18.190,30349348,566797568
2015-06-04,18.180,19.220,18.900,17.200,29836584,550474176
2015-06-03,17.490,18.890,18.140,17.160,28496736,514455808
2015-06-02,16.850,17.850,17.600,16.600,35916852,624235712
2015-06-01,15.200,16.500,16.500,15.150,34258704,550077760
2015-05-29,14.780,15.190,15.000,13.890,28555748,416252864
2015-05-28,15.640,16.290,14.950,14.260,31445380,493588544
2015-05-27,15.500,15.750,15.670,14.880,29706118,454289376
2015-05-26,15.280,15.750,15.570,14.850,27610776,423391680
2015-05-25,14.450,15.190,15.040,14.300,26166906,388030464
2015-05-22,14.100,14.540,14.330,13.960,24762340,352599328
2015-05-21,13.360,13.950,13.850,13.360,20191984,276323200
2015-05-20,13.260,13.770,13.360,13.210,18937324,256143440
2015-05-19,12.960,13.350,13.310,12.950,13003882,171655952
2015-05-18,13.150,13.150,13.000,12.810,15989697,207283520
2015-05-15,13.890,13.890,13.210,13.190,16819696,225510016
2015-05-14,14.200,14.390,14.000,13.850,17725656,249174336
2015-05-13,14.100,14.410,14.250,13.720,19938132,280006656
2015-05-12,14.100,14.300,14.020,13.810,17031692,239896832
2015-05-11,13.510,13.830,13.740,13.400,15332182,208860784
2015-05-08,13.380,13.570,13.510,13.210,14354092,192664608
2015-05-07,12.970,13.900,13.380,12.350,22769728,295822144
2015-05-06,14.000,14.130,13.050,12.980,17988112,241859824
2015-05-05,15.480,15.480,13.810,13.730,19253688,276759488
2015-05-04,14.540,14.700,14.300,13.850,25829456,364092512
2015-04-30,14.900,15.010,14.710,14.610,14593217,216255632
2015-04-29,14.500,15.050,14.980,14.310,14772176,217740432
2015-04-28,15.000,15.560,14.700,14.250,27949958,416532672
2015-04-27,14.660,15.830,15.340,14.660,35147560,533147872
2015-04-24,14.150,14.740,14.630,13.910,26223440,377605568
2015-04-23,14.350,14.510,14.190,14.100,21132572,302228768
2015-04-22,14.200,14.600,14.260,13.920,28818166,411719520
2015-04-21,13.260,14.000,13.990,13.100,25086432,341893984
2015-04-20,13.750,13.780,13.200,13.080,23732486,319197248
2015-04-17,13.950,14.310,13.820,13.610,36518960,510821152
2015-04-16,13.300,14.100,13.850,12.960,27597220,377279808
2015-04-15,12.950,14.180,13.300,12.950,31105046,419968576
2015-04-14,13.280,13.280,12.890,12.780,23573924,305128064
2015-04-13,13.500,13.830,13.290,13.270,27907976,376641120
2015-04-10,13.100,13.540,13.310,12.900,29910114,397013024
2015-04-09,13.290,13.330,13.070,12.500,26095658,338174240
2015-04-08,12.900,13.800,13.390,12.200,44267292,572360896
2015-04-07,12.800,13.220,12.790,12.500,45507108,585122880
2015-04-03,11.400,12.100,12.020,11.250,34402260,406509152
2015-04-02,11.070,11.500,11.450,11.020,36053516,406288064
2015-04-01,10.950,11.060,11.000,10.820,29790404,326015488
2015-08-14,11.910,12.220,11.980,11.850,17120544,205978560
2015-08-13,11.880,12.160,11.920,11.600,15224948,180898544
2015-08-12,11.600,12.120,11.650,11.570,14541915,171377056
2015-08-11,11.620,12.320,11.820,11.460,23174000,273236416
2015-08-10,11.320,11.900,11.750,11.240,17132072,197547824
2015-08-07,10.970,11.290,11.290,10.820,15955043,177056032
2015-08-06,10.790,11.350,10.960,10.510,17501568,192164064
2015-07-31,10.270,10.640,10.500,10.270,7998502,83475016
2015-07-30,10.900,11.160,10.420,10.400,12554500,136535904
2015-07-29,10.660,11.050,11.030,10.300,12163975,128919256
2015-07-28,10.370,10.980,10.520,9.620,22997656,236837280
2015-07-27,11.440,11.880,10.690,10.690,17518488,197277920
2015-07-24,12.350,12.370,11.880,11.680,24796624,300394400
2015-07-23,11.710,12.450,12.380,11.650,22288580,268193312
2015-07-22,11.950,12.150,11.860,11.390,19605684,230305408
2015-07-21,11.080,12.000,12.000,10.850,20643402,241353728
2015-07-20,11.220,11.600,11.250,10.910,14634846,165213296
2015-07-17,10.680,11.550,11.290,10.640,13769762,152531312
2015-07-16,10.240,10.890,10.640,9.340,17748470,184149728
2015-07-15,10.900,11.200,10.240,10.240,17544764,186939136
2015-07-14,11.550,12.370,11.380,11.170,33654980,396595680
2015-07-13,11.550,12.010,12.010,11.170,28333480,330619200
2015-07-10,10.250,10.920,10.920,10.070,14393027,155399744
2015-07-09,9.100,9.930,9.930,9.030,16286001,156295776
2015-07-08,8.220,9.700,9.030,8.220,58219772,500752416
2015-07-07,9.610,9.980,9.130,9.130,14462847,134680832
2015-07-06,11.080,11.080,10.140,9.160,29814054,299394080
2015-07-03,10.500,11.600,10.080,9.820,26874376,279273856
2015-07-02,12.020,12.500,10.910,10.820,18802572,216366736
2015-07-01,12.760,13.480,12.020,11.850,22418284,289596352
2015-08-17,11.800,11.910,11.910,11.510,13793873,161525936
2015-08-18,11.900,12.000,10.720,10.720,16012519,182238464
2015-08-20,10.770,10.800,10.270,10.180,9241950,97395952
2015-08-19,10.260,10.900,10.810,9.800,13804822,142766528
2015-09-14,8.060,8.150,7.260,7.250,8234740,62379144
2015-09-11,7.980,8.180,8.050,7.820,5543012,44351568
2015-09-10,8.080,8.220,7.970,7.910,6609261,53468684
2015-09-09,7.990,8.280,8.200,7.890,9684913,78549824
2015-09-08,7.390,7.970,7.900,7.330,6417976,49118356
2015-09-07,7.530,7.850,7.420,7.350,6038307,45759384
2015-09-02,7.500,7.910,7.320,7.210,7454367,56309328
2015-09-01,8.370,8.370,7.730,7.620,8942528,70646792
2015-08-31,8.490,8.840,8.450,8.200,10988332,93858768
2015-08-28,8.170,8.470,8.470,8.030,12768096,105005920
2015-08-27,7.700,7.900,7.900,7.440,9244813,71179536
2015-08-26,7.710,7.970,7.540,7.150,10436421,80055312
2015-08-25,7.540,7.870,7.550,7.540,18466500,139934912
2015-08-24,8.900,8.990,8.380,8.380,7507577,63543956
2015-08-21,9.980,10.250,9.310,9.300,9907051,97296952
2015-09-30,7.180,7.310,7.230,7.150,3218488,23292550
2015-09-29,7.300,7.300,7.160,7.090,5183457,37156144
2015-09-28,7.210,7.480,7.420,7.160,3419373,25222502
2015-09-25,7.680,7.710,7.260,7.120,5919648,44278624
2015-09-24,7.550,7.720,7.700,7.540,5801571,44362440
2015-09-23,7.530,7.700,7.550,7.480,6184942,46864012
2015-09-22,7.600,7.920,7.790,7.570,7532854,58488500
2015-09-21,7.300,7.700,7.640,7.180,5957526,44762992
2015-09-18,7.440,7.550,7.450,7.200,5495447,40548168
2015-09-17,7.310,7.970,7.330,7.310,9400618,70950432
2015-09-16,6.850,7.550,7.450,6.850,7556337,53869584
2015-09-15,7.160,7.200,6.860,6.790,5877828,41242328
2015-10-12,7.840,8.530,8.350,7.760,12712165,104057992
2015-10-09,7.520,7.890,7.800,7.510,10375487,80111984
2015-10-08,7.490,7.690,7.540,7.470,6229734,47002152
2015-11-20,10.180,11.090,11.090,10.120,27366094,295037280
2015-11-19,10.010,10.100,10.080,9.870,8716301,86969136
2015-11-18,10.320,10.500,10.050,9.980,10666018,108809792
2015-11-17,10.190,10.740,10.320,10.010,19768796,204500688
2015-11-16,9.780,10.260,10.180,9.560,11755958,116073416
2015-11-13,10.020,10.350,10.010,9.900,13919788,140804592
2015-11-12,10.300,10.370,10.000,10.000,19878656,202045472
2015-11-11,10.460,10.460,10.460,9.910,34912752,357644608
2015-11-05,9.670,9.880,9.510,9.410,15502912,149440512
2015-11-04,9.460,9.870,9.640,9.410,19624892,189185072
2015-11-03,8.820,9.370,9.140,8.820,18876706,171804800
2015-11-02,8.480,9.280,9.010,8.310,19256540,169840864
2015-10-30,8.680,8.780,8.590,8.430,10258136,88641344
2015-10-29,8.560,8.850,8.690,8.530,12511320,109096616
2015-10-28,8.580,8.720,8.480,8.430,11832929,101812112
2015-10-27,8.500,8.690,8.630,8.120,11101999,93302120
2015-10-26,8.450,8.700,8.570,8.350,12164386,103347704
2015-10-23,7.990,8.390,8.310,7.950,13206801,108220456
2015-10-22,7.790,8.020,7.970,7.720,9507820,74872144
2015-10-21,8.530,8.640,7.790,7.710,14158927,117067200
2015-10-20,8.440,8.580,8.560,8.300,11337855,95811904
2015-10-19,8.610,8.680,8.430,8.310,11531225,98291168
2015-10-16,8.630,8.850,8.660,8.470,16659242,143132912
2015-10-15,8.330,8.650,8.630,8.250,17331090,146745600
2015-10-14,8.730,8.820,8.510,8.300,14281247,121128392
2015-10-13,8.250,8.810,8.730,8.160,15220924,130370448
