#date, start price, highest price, close price, lowest price, deal number, deal amount
2015-03-31,27.100,27.640,27.150,26.800,2680098,72964624
2015-03-30,26.970,27.290,27.220,26.670,2740344,74007544
2015-03-27,27.500,27.550,27.070,26.650,2898123,78145952
2015-03-26,28.180,28.180,27.450,27.020,2295297,63330700
2015-03-25,27.770,28.500,28.390,27.080,4554743,126326368
2015-03-24,28.460,28.670,27.710,27.210,4776559,132074376
2015-03-23,28.530,29.540,28.400,28.400,6708882,193462384
2015-03-20,27.560,28.830,28.800,27.080,4665779,130407976
2015-03-19,26.000,28.740,27.940,25.570,8594961,234581632
2015-03-18,26.020,26.380,26.130,25.400,2956737,76692312
2015-03-17,24.860,27.000,26.020,24.650,5424470,140005776
2015-03-16,24.390,25.000,24.920,23.900,6572656,160766848
2015-03-13,23.800,24.870,24.450,23.800,1593893,38718060
2015-03-12,24.020,24.340,23.870,23.760,2207683,52844612
2015-03-11,24.630,25.270,24.240,23.750,2264550,55145964
2015-03-10,24.700,24.990,24.800,24.400,3082556,76189264
2015-03-09,24.840,25.300,24.990,23.500,5143169,125117432
2015-03-06,23.000,24.990,24.890,22.850,7619981,180803296
2015-03-05,21.800,23.150,22.850,21.800,6336062,144219408
2015-03-04,21.680,22.000,21.910,21.610,2560380,55930968
2015-03-03,21.900,21.910,21.650,21.580,1981480,42967116
2015-03-02,21.810,22.090,22.070,21.610,2810405,61351380
2015-02-27,21.830,21.900,21.810,21.600,1775383,38608864
2015-02-26,21.700,21.920,21.820,21.450,1393215,30305256
2015-02-25,21.730,21.980,21.840,21.300,2116422,45629412
2015-02-17,22.500,22.500,21.720,21.720,2502068,54917708
2015-02-16,22.050,22.630,22.360,22.010,2222668,49822408
2015-02-13,21.600,22.450,22.270,21.480,2889659,63198424
2015-02-12,21.520,21.870,21.550,21.350,969400,20905000
2015-02-11,21.510,21.800,21.620,21.280,745741,16110535
2015-02-10,20.910,21.500,21.370,20.860,1412498,30012690
2015-02-09,21.450,21.830,21.050,20.680,3109405,66158732
2015-02-06,21.800,21.920,21.490,21.330,2583016,55574212
2015-02-05,22.140,22.150,21.800,21.710,2409961,52970032
2015-02-04,22.210,22.450,21.850,21.780,2536863,56231904
2015-02-03,21.840,22.610,22.050,21.550,2898906,63735596
2015-02-02,21.490,21.990,21.680,21.370,2201846,47891568
2015-01-30,21.800,21.960,21.580,21.500,2004540,43570712
2015-01-29,21.880,21.900,21.900,21.500,2068655,44797808
2015-01-28,22.440,22.760,22.000,22.000,3099881,69504992
2015-01-27,22.120,22.530,22.430,21.900,3215897,71485616
2015-01-26,21.940,22.490,22.240,21.940,3554810,78972184
2015-01-23,22.100,22.400,21.900,21.650,2553756,56121984
2015-01-22,20.810,22.550,22.210,20.800,5936139,129826352
2015-01-21,21.030,21.300,21.000,20.660,3401146,71255584
2015-01-20,19.690,20.860,20.750,19.670,5497870,111564408
2015-01-19,19.580,20.110,19.600,19.510,4535183,90030416
2015-01-16,19.520,19.950,19.900,19.480,2643222,52250172
2015-01-15,19.400,19.540,19.510,19.320,1207354,23497256
2015-01-14,19.410,19.730,19.450,19.300,1874521,36591844
2015-01-13,19.660,19.660,19.560,19.300,2300709,44844828
2015-01-12,19.820,20.410,19.670,19.640,5653570,112615728
2015-01-09,19.770,20.120,19.880,19.570,5184807,102903968
2015-01-08,19.660,19.940,19.770,19.510,3641012,71885736
2015-01-07,19.520,19.720,19.660,19.450,2177345,42640236
2015-01-06,19.300,19.610,19.530,19.220,2531705,49142264
2015-01-05,19.260,19.660,19.270,18.460,4999105,96326760
2015-06-30,13.410,15.000,14.930,12.800,17219992,239155296
2015-06-29,14.500,14.600,13.780,12.650,17813968,241030864
2015-06-26,15.090,15.500,14.050,14.050,12592777,184820688
2015-06-25,15.400,16.500,15.610,15.020,15091738,238062304
2015-06-24,15.250,15.530,15.390,15.010,10855398,165997184
2015-06-23,15.080,15.400,15.020,13.900,10994169,161941008
2015-06-19,16.100,16.430,15.080,15.000,13265178,207181456
2015-06-18,17.050,17.560,16.650,16.000,12236518,209704832
2015-06-17,16.820,17.280,17.100,15.800,13813924,228578560
2015-06-16,17.770,17.770,16.940,16.500,15291566,265336784
2015-06-15,18.700,18.890,18.100,18.000,20717724,380849280
2015-06-12,18.090,18.990,18.640,18.090,30144538,562100416
2015-06-11,18.050,18.400,18.040,17.670,21198564,381044480
2015-06-10,18.280,18.770,18.080,17.600,32974622,599448064
2015-06-09,17.000,18.800,18.360,16.710,39092568,687278656
2015-06-08,17.340,17.570,17.290,17.100,25274144,436518240
2015-06-05,17.400,17.690,17.330,16.750,21222414,364918304
2015-06-04,17.730,17.830,17.320,16.080,18154620,310499360
2015-06-03,16.710,18.090,17.720,16.710,26036040,455594272
2015-06-02,16.550,16.680,16.670,16.000,19138298,311695008
2015-06-01,15.800,16.480,16.370,15.510,16307618,262910640
2015-05-29,16.750,16.780,15.800,15.200,16968836,272092768
2015-05-28,36.350,36.780,33.750,33.520,11687226,411159360
2015-05-27,35.600,37.050,36.290,35.600,10373094,373693312
2015-05-26,33.520,36.000,35.990,33.380,8912548,307800128
2015-05-25,30.880,33.800,33.420,30.880,10602007,343727360
2015-05-22,31.040,31.380,30.870,30.000,9273963,284771744
2015-05-21,30.000,30.880,30.490,30.000,8147626,247703104
2015-05-20,29.620,30.400,29.750,29.380,13230800,394115488
2015-05-19,27.500,30.000,29.700,27.480,10355603,297076832
2015-05-18,27.390,27.970,27.470,27.010,4976103,137395392
2015-05-15,27.500,27.500,27.370,26.900,2507924,68140024
2015-05-14,27.760,27.840,27.540,27.380,3407918,93919184
2015-05-13,27.600,27.860,27.750,27.330,4065073,112194632
2015-05-12,27.800,27.870,27.610,27.150,5551503,152738032
2015-05-11,27.560,27.870,27.850,27.180,4431471,122039448
2015-05-08,26.520,27.510,27.440,26.520,4039123,109078176
2015-05-07,26.680,26.720,26.240,25.840,4524828,118442424
2015-05-06,27.030,27.400,26.720,26.400,4573602,122717264
2015-05-05,28.400,28.400,27.080,27.000,4889262,134704416
2015-05-04,29.040,29.040,28.400,27.980,5341621,151129376
2015-04-30,28.610,29.660,29.070,28.530,5011847,146356768
2015-04-29,28.200,28.970,28.660,28.050,4952559,142200528
2015-04-28,29.780,29.810,28.360,28.200,7787990,223649200
2015-04-27,32.200,32.300,29.800,29.310,14347857,433711296
2015-04-24,30.870,31.590,30.740,30.050,5899734,181512736
2015-04-23,29.530,31.680,31.100,29.180,8515032,260887056
2015-04-22,29.220,30.690,29.530,29.220,12966744,390011232
2015-04-21,27.300,29.000,29.000,27.150,8724602,243368160
2015-04-20,27.500,28.120,27.300,27.060,5285560,146066256
2015-04-17,28.460,28.580,28.200,27.000,8522952,238585504
2015-04-16,27.280,28.700,28.440,27.000,12097444,339227136
2015-04-15,27.260,27.760,27.330,25.880,6250863,167698992
2015-04-14,27.690,27.870,27.260,27.080,5588555,153413728
2015-04-13,28.100,28.100,27.670,27.280,5942614,164246208
2015-04-10,27.700,28.700,28.470,27.350,4595730,129440928
2015-04-09,29.850,29.850,28.320,27.200,7857693,226936368
2015-04-08,27.970,30.000,30.000,27.780,7055011,203597008
2015-04-07,27.880,28.210,27.950,27.670,5095689,142164688
2015-04-03,27.900,28.560,27.900,27.660,6267367,176060976
2015-04-02,27.740,28.250,28.190,27.410,3958306,109824272
2015-04-01,27.100,27.980,27.740,27.010,3680957,101519760
2015-08-14,13.670,13.890,13.560,13.510,11832506,162160992
2015-08-13,13.150,14.000,13.670,12.890,16126282,216049488
2015-08-12,13.700,13.700,13.300,13.050,20498504,274803136
2015-08-11,12.770,14.040,13.730,12.680,30116890,405937152
2015-08-10,12.330,12.900,12.800,12.200,14526098,182691520
2015-08-07,11.850,12.240,12.210,11.850,9110752,110480448
2015-08-06,11.600,12.020,11.810,11.520,6780172,80044008
2015-08-05,11.960,12.240,11.960,11.800,13048060,157387440
2015-08-04,11.200,12.060,12.020,11.120,10807273,125126048
2015-08-03,11.710,12.190,11.210,10.880,15438436,177321696
2015-07-31,12.250,12.540,11.850,11.600,17565220,213470240
2015-07-30,12.030,13.210,12.580,11.900,37117700,469717696
2015-07-29,11.500,12.250,12.030,11.000,19666888,227271232
2015-07-28,11.150,11.980,11.150,10.690,20408244,226340320
2015-07-27,12.880,14.030,11.880,11.820,33027140,436837024
2015-07-24,12.920,13.130,13.020,12.630,16533828,212822720
2015-07-23,12.750,13.040,12.920,12.610,12446131,160285008
2015-07-22,12.640,13.410,12.820,12.580,16901600,218251680
2015-07-21,11.710,13.090,12.900,11.600,22407672,280620576
2015-07-20,11.650,12.200,11.900,11.520,16911704,201279728
2015-07-17,11.100,11.800,11.700,11.010,15588186,178353856
2015-07-16,10.650,11.640,11.000,10.160,21340980,232937920
2015-07-15,12.000,12.120,11.210,11.210,15802256,182559904
2015-07-14,11.800,12.850,12.460,11.460,35309360,430754688
2015-07-13,11.520,12.010,12.010,11.050,33961240,398192000
2015-07-10,10.150,10.920,10.920,10.150,15588049,167195344
2015-07-09,8.130,9.930,9.930,8.130,54584632,489914080
2015-07-08,9.030,9.030,9.030,9.030,14682500,132582976
2015-07-07,10.620,10.650,10.030,10.030,9120591,92196264
2015-07-06,13.500,13.500,11.140,11.070,20119376,240052528
2015-07-03,13.330,13.750,12.300,12.300,17882992,226979648
2015-07-02,14.050,14.950,13.670,13.000,15532812,217795296
2015-07-01,14.980,16.050,14.400,14.400,25710322,394903328
2015-08-17,13.500,13.680,13.450,13.000,10768221,143744992
2015-08-18,13.500,13.810,12.140,12.110,15710608,206186352
2015-08-20,12.400,12.570,12.080,12.000,6550315,80566896
2015-08-19,11.910,12.630,12.500,11.500,10630332,128925672
2015-09-14,10.630,10.740,10.100,9.820,10796048,111687776
2015-09-11,10.410,10.610,10.540,10.250,6602888,68899368
2015-09-10,10.400,10.610,10.300,10.270,5219985,54568996
2015-09-09,10.260,10.810,10.610,10.080,11437375,120388400
2015-09-08,9.580,10.170,10.100,9.320,6205641,60980332
2015-09-07,9.530,9.900,9.600,9.500,5777723,56220644
2015-09-02,9.010,9.950,9.410,8.850,6917162,65184616
2015-09-01,10.200,10.200,9.470,9.150,10021895,96477200
2015-08-31,10.500,10.500,10.150,10.060,6022034,61625428
2015-08-28,10.240,10.840,10.540,10.150,9784724,102137592
2015-08-27,9.700,10.140,10.110,9.460,8406039,81743584
2015-08-26,9.550,9.940,9.400,8.880,11528107,108751400
2015-08-25,9.360,9.960,9.120,9.120,14894839,140029744
2015-08-24,10.900,10.900,10.130,10.130,14523605,148659024
2015-08-21,11.940,12.100,11.250,11.200,7226753,84320712
2015-09-30,10.320,10.680,10.590,10.320,7978448,83991664
2015-09-29,10.400,10.690,10.470,10.320,7410730,77773928
2015-09-28,10.180,10.730,10.600,10.180,10373798,108912792
2015-09-25,10.750,10.990,10.290,10.200,8519810,89484288
2015-09-24,10.800,11.000,10.790,10.610,6977559,75315880
2015-09-23,10.970,11.070,10.690,10.600,7733848,83661960
2015-09-22,11.420,11.470,11.170,11.020,11781238,132086000
2015-09-21,10.690,11.470,11.440,10.510,13529773,149324640
2015-09-18,10.300,10.780,10.700,10.180,8961092,93868840
2015-09-17,10.370,10.870,10.070,10.040,9652589,101021248
2015-09-16,9.530,10.450,10.380,9.530,6440836,64501660
2015-09-15,9.910,10.070,9.500,9.360,10464472,102477376
2015-10-12,10.600,11.050,11.020,10.540,14734616,159568752
2015-10-09,10.610,10.640,10.580,10.400,8330302,87657296
2015-10-08,10.770,10.950,10.670,10.560,15358615,164638480
2015-11-20,12.750,12.790,12.650,12.500,5413457,68317096
2015-11-19,12.480,12.780,12.700,12.300,5886571,74030032
2015-11-18,12.510,12.790,12.550,12.260,8435962,105206888
2015-11-17,12.890,13.080,12.510,12.420,9593675,122907048
2015-11-16,12.670,12.890,12.750,12.490,7891148,100167624
2015-11-13,12.810,13.000,12.800,12.710,7465096,95902128
2015-11-12,13.300,13.390,12.930,12.850,16787664,219096128
2015-11-11,12.500,13.350,13.080,12.400,24066588,313820544
2015-11-10,11.980,13.080,12.640,11.800,36289840,460227456
2015-11-09,11.340,12.110,11.890,11.120,22920820,264569312
2015-11-06,11.110,11.440,11.340,11.110,13097874,148312576
2015-11-05,10.880,11.200,11.030,10.850,14913616,165023120
2015-11-04,10.510,11.050,10.970,10.420,13893873,149110848
2015-11-03,10.670,10.710,10.490,10.420,5878072,61957460
2015-11-02,10.710,10.880,10.650,10.600,7236863,77834976
2015-10-30,10.990,11.020,10.810,10.810,9781460,106441752
2015-10-29,10.820,11.150,11.100,10.690,11993877,131218392
2015-10-28,11.090,11.140,10.760,10.710,10589116,115872424
2015-10-27,10.960,11.180,11.150,10.810,8436627,92673552
2015-10-26,11.240,11.300,11.040,10.930,9830928,109232264
2015-10-23,10.920,11.180,11.160,10.810,7531628,82761536
2015-10-22,10.710,11.080,10.920,10.550,7028423,75760952
2015-10-21,11.490,11.500,10.700,10.600,13300103,147650000
2015-10-20,11.550,11.640,11.520,11.320,11655632,133356728
2015-10-19,11.200,11.700,11.690,11.100,17778012,202839296
2015-10-16,11.120,11.180,11.120,10.910,14340485,158563408
2015-10-15,10.890,11.100,11.080,10.800,9559771,104789384
2015-10-14,10.890,11.050,10.880,10.780,7577700,82598984
2015-10-13,10.900,11.140,11.040,10.740,10495333,114834504
