#date, start price, highest price, close price, lowest price, deal number, deal amount
2015-03-31,16.620,17.160,16.610,16.150,29036914,483269376
2015-03-30,16.320,17.600,16.570,16.280,40964280,692338496
2015-03-27,15.240,16.150,16.140,14.900,38061556,597008448
2015-03-26,15.700,16.200,15.160,14.500,47539752,729612160
2015-03-25,16.840,16.980,16.060,16.000,40747744,668199808
2015-03-24,17.290,17.370,17.050,16.000,25173728,424531520
2015-03-23,16.060,17.660,17.380,15.800,26823210,447465216
2015-03-20,15.300,16.380,16.050,15.250,25971188,408201152
2015-03-19,15.000,15.680,15.140,14.700,24375284,372203840
2015-03-18,14.400,14.990,14.790,14.130,24143580,353160960
2015-03-17,14.280,15.160,14.500,13.890,36606368,532398688
2015-03-16,12.810,14.170,14.170,12.500,33888004,459141152
2015-03-13,12.990,13.050,12.880,12.500,15326492,194361936
2015-03-12,13.150,13.210,12.920,12.510,17392164,224243056
2015-03-11,12.670,13.490,13.300,12.670,25600592,337556480
2015-03-10,12.440,13.080,12.490,12.190,18196802,230197632
2015-03-09,12.510,12.690,12.400,12.000,14040682,172294528
2015-03-06,13.040,13.090,12.600,12.500,11753197,149730512
2015-03-05,12.860,13.520,13.010,12.750,14962812,195550112
2015-03-04,12.750,13.100,12.890,12.700,13378555,172038160
2015-03-03,13.110,13.730,12.820,12.660,33783708,446112064
2015-03-02,12.030,13.100,13.100,11.500,33079052,409589920
2015-02-27,11.810,12.160,11.910,11.650,14780022,175663552
2015-02-26,11.790,12.170,12.080,11.450,21396352,251876880
2015-02-25,12.420,12.430,11.850,11.750,17251952,206550432
2015-02-17,12.600,12.650,12.380,12.130,26863064,330196032
2015-02-16,11.720,12.600,12.530,11.600,47211020,567537216
2015-02-13,10.600,11.450,11.450,10.470,38263072,424934048
2015-02-12,10.670,10.870,10.410,10.380,23005520,244191536
2015-02-11,9.890,10.880,10.790,9.810,33650444,352722496
2015-02-10,10.200,10.450,10.070,9.740,27445532,276107520
2015-02-09,9.610,9.850,9.760,9.270,20347660,193495376
2015-02-06,10.180,10.470,9.650,9.480,26129876,258952576
2015-02-05,10.280,10.520,10.280,10.110,29159044,301048608
2015-02-04,10.400,10.470,10.310,10.090,28659012,293928928
2015-02-03,10.540,10.610,10.480,10.180,34006640,353452000
2015-02-02,10.020,10.770,10.700,9.990,38727384,403213184
2015-01-30,10.120,10.880,10.270,10.020,45734232,475047744
2015-01-29,10.000,10.450,10.190,9.900,53880808,546041920
2015-01-28,8.730,9.630,9.630,8.680,47792904,451846176
2015-01-27,8.870,8.910,8.750,8.550,11387661,99366304
2015-01-26,8.930,8.970,8.870,8.770,10689276,94664064
2015-01-23,8.740,9.160,8.920,8.530,18781912,166341632
2015-01-22,8.760,8.850,8.790,8.590,13790779,120438416
2015-01-21,8.400,8.970,8.780,8.350,20572010,179554944
2015-01-20,8.230,8.430,8.380,8.130,11712671,97312520
2015-01-19,8.490,8.570,8.180,8.010,16583662,137724688
2015-01-16,8.500,8.760,8.550,8.300,30326886,257998704
2015-01-15,7.460,8.210,8.210,7.460,14123680,113773192
2015-01-14,7.670,7.670,7.460,7.440,6482520,48745880
2015-01-13,7.590,7.740,7.670,7.480,6019257,45672016
2015-01-12,7.900,7.930,7.590,7.490,9465482,72276984
2015-01-09,8.100,8.200,7.990,7.980,6520301,52723716
2015-01-08,8.060,8.250,8.130,7.920,7724301,62204160
2015-01-07,8.100,8.190,8.060,7.920,6937168,55931224
2015-01-06,7.910,8.120,8.090,7.830,8951743,71322776
2015-01-05,8.050,8.080,8.020,7.830,9227701,73219688
2015-06-30,19.650,21.550,21.490,18.200,57339032,1153120384
2015-06-29,21.370,22.500,20.190,18.760,70912024,1455062016
2015-06-26,22.110,22.500,20.840,20.840,41555772,884326080
2015-06-25,24.690,24.890,23.160,22.430,60282932,1438597632
2015-06-24,25.500,25.780,24.690,23.800,76212800,1899734656
2015-06-23,22.500,24.320,24.320,21.000,65883924,1508888192
2015-06-19,23.440,24.490,22.110,22.100,51045896,1189805056
2015-06-18,27.200,27.200,24.550,24.510,57466200,1487213184
2015-06-17,26.020,27.810,27.230,25.120,76864992,2030915840
2015-06-16,25.600,27.780,27.780,25.280,134605792,3626350336
2015-06-15,25.280,25.280,25.280,25.280,6430682,162567648
2015-06-12,21.000,22.980,22.980,20.690,75164848,1651311232
2015-06-11,20.700,21.340,20.890,20.310,69937368,1460340352
2015-06-10,19.980,20.000,19.590,19.000,65483916,1275694336
2015-06-09,21.200,21.340,19.980,19.800,49359208,1010877120
2015-06-08,21.350,21.370,20.810,19.800,82959224,1709437184
2015-06-05,19.990,21.430,20.790,19.580,73008704,1514125568
2015-06-04,19.000,19.490,19.480,17.010,64013500,1208004608
2015-06-03,17.550,18.800,18.800,17.290,56836760,1034437760
2015-06-02,16.820,17.480,17.440,16.600,29202104,498669568
2015-06-01,16.100,16.750,16.740,16.100,25969948,427182368
2015-05-29,16.450,16.760,16.100,15.390,30696064,494700192
2015-05-28,18.100,18.100,16.490,16.490,46626224,812638848
2015-05-27,18.930,19.060,18.320,18.010,44758268,822645312
2015-05-26,18.550,19.080,18.930,18.160,50490968,942559552
2015-05-25,17.160,18.900,18.520,16.950,58316640,1043385216
2015-05-22,17.690,17.850,17.230,16.720,36986256,635520960
2015-05-21,16.800,17.340,17.200,16.450,34198168,582595648
2015-05-20,16.420,16.980,16.580,16.120,33932456,565351744
2015-05-19,15.940,16.450,16.390,15.810,17748400,286536352
2015-05-18,16.100,16.380,15.950,15.770,18712034,299751040
2015-05-15,16.770,16.770,16.060,16.010,19412520,314080992
2015-05-14,17.200,17.480,16.780,16.610,30825066,521356928
2015-05-13,17.220,17.910,17.440,16.800,24659900,429149472
2015-05-12,17.550,18.000,17.240,16.900,25294548,438714432
2015-05-11,17.000,17.160,17.080,16.470,24590948,417250624
2015-05-08,15.800,16.610,16.610,15.800,16863400,273311456
2015-05-07,15.400,15.840,15.480,14.870,12788981,195079024
2015-05-06,15.800,16.180,15.500,15.480,10619951,168500800
2015-05-05,16.880,16.900,15.880,15.800,21044464,341725024
2015-05-04,17.270,17.420,17.010,16.570,18602380,316546496
2015-04-30,16.470,17.200,17.010,16.130,24139588,401329888
2015-04-29,15.900,16.370,16.080,15.800,14393638,232844656
2015-04-28,16.800,16.880,15.800,15.580,25625596,411246592
2015-04-27,17.000,17.280,16.790,16.690,20049990,338824320
2015-04-24,17.170,17.270,16.930,16.680,21230156,359131520
2015-04-23,17.560,17.690,17.330,17.070,24304744,421378784
2015-04-22,17.400,17.770,17.490,17.000,25762652,451156288
2015-04-21,16.600,17.300,17.200,16.530,21650120,365663104
2015-04-20,17.900,17.900,16.570,16.400,40185896,685881984
2015-04-17,19.400,19.600,18.030,17.680,40292896,739808512
2015-04-16,17.310,19.120,18.590,16.800,30660760,562084160
2015-04-15,18.500,18.500,17.520,17.250,22416748,398893344
2015-04-14,19.200,19.250,18.570,18.330,28565236,535088896
2015-04-13,18.540,19.500,18.960,17.740,37689936,699078976
2015-04-10,17.050,18.730,18.540,17.050,44393296,805733440
2015-04-09,17.100,17.250,17.030,16.020,20928056,347584928
2015-04-08,18.110,18.200,17.090,16.300,32220972,555163520
2015-04-07,18.430,18.780,18.080,17.900,24109882,437369888
2015-04-03,18.000,18.800,18.420,17.810,22764196,416171264
2015-04-02,16.950,18.500,18.340,16.950,39404008,697098624
2015-04-01,16.490,17.000,16.910,16.190,30765002,511862432
2015-07-02,19.390,19.690,17.410,17.410,39234744,711252416
2015-07-01,21.000,21.990,19.340,19.340,50991228,1064908608
2015-08-17,19.150,19.150,18.230,17.630,75961976,1406477824
2015-08-18,18.230,18.360,16.410,16.410,44617296,770104768
2015-08-20,16.460,18.170,17.410,16.010,50363608,874185152
2015-08-19,15.310,16.880,16.520,14.810,38037236,596985472
2015-09-14,6.270,6.420,5.830,5.570,68786944,417003936
2015-09-11,5.900,6.300,6.190,5.880,49117012,298216544
2015-09-10,6.000,6.170,5.900,5.870,44013360,266226064
2015-09-09,5.850,6.260,6.210,5.850,65121352,396648160
2015-09-08,5.320,5.850,5.830,5.190,41542272,228874560
2015-09-07,5.350,5.590,5.320,5.240,41727536,225684448
2015-09-02,5.110,5.770,5.140,5.100,48120104,257563488
2015-09-01,6.010,6.010,5.630,5.630,49171320,281440480
2015-08-31,6.850,6.850,6.260,6.260,54477736,352941856
2015-08-28,6.650,7.000,6.950,6.400,70323608,468331520
2015-08-27,12.400,12.770,12.430,11.600,30045232,367163200
2015-08-26,12.960,13.290,12.120,11.580,40073652,507918656
2015-08-25,12.700,13.250,12.700,12.700,24422400,310872640
2015-08-24,14.670,14.860,14.110,14.110,18764280,266738272
2015-08-21,16.780,17.200,15.680,15.670,36997252,601551680
2015-09-30,5.560,5.620,5.410,5.400,19494872,106530448
2015-09-29,5.600,5.660,5.510,5.480,21697716,120498072
2015-09-28,5.780,5.840,5.760,5.630,13965117,80207816
2015-09-25,5.980,6.030,5.730,5.690,30387596,177507088
2015-09-24,5.950,6.070,6.050,5.850,38649960,231706304
2015-09-23,5.850,6.010,5.800,5.770,32059966,187948144
2015-09-22,6.100,6.210,6.030,5.980,37182964,226141184
2015-09-21,5.790,6.090,6.090,5.730,32929558,195915312
2015-09-18,5.890,5.990,5.860,5.740,29504160,173231664
2015-09-17,5.850,6.170,5.800,5.720,59665268,354688736
2015-09-16,5.500,5.910,5.910,5.400,46863556,265523968
2015-09-15,5.640,5.930,5.370,5.280,40906608,228687008
2015-10-12,6.000,6.330,6.250,5.940,65422540,402083200
2015-10-09,5.680,6.030,5.960,5.620,46417684,273620992
2015-10-08,5.690,5.730,5.680,5.600,28965916,164167408
2015-11-20,8.400,8.720,8.720,8.090,195417344,1659692544
2015-11-19,7.250,7.930,7.930,7.210,127186872,983239680
2015-11-18,7.180,7.410,7.210,7.100,62834664,455179296
2015-11-17,7.140,7.440,7.170,7.100,79997568,582874240
2015-11-16,6.900,7.090,7.090,6.850,37322928,260522320
2015-11-13,7.120,7.220,7.060,7.030,38052848,270403200
2015-11-12,7.250,7.290,7.200,7.050,49198332,352792896
2015-11-11,7.230,7.370,7.270,7.110,58471336,422855040
2015-11-10,7.150,7.430,7.230,7.090,60994804,440839392
2015-11-09,7.200,7.280,7.190,7.030,56286016,403085024
2015-11-06,7.160,7.290,7.270,7.130,49168764,355795200
2015-11-05,7.210,7.380,7.200,7.020,70674096,506252480
2015-11-04,6.890,7.220,7.210,6.850,50922336,360627168
2015-11-03,6.880,7.010,6.880,6.810,27255866,188365488
2015-11-02,6.690,7.060,6.880,6.600,37139184,255899696
2015-10-30,6.880,6.950,6.800,6.600,37607032,255451280
2015-10-29,6.920,7.020,6.880,6.770,39723760,274186272
2015-10-28,7.070,7.200,6.870,6.760,47304832,330657792
2015-10-27,7.180,7.190,7.130,6.700,59293528,414697344
2015-10-26,7.650,7.730,7.260,7.180,76933856,568724160
2015-10-23,7.500,7.670,7.510,7.300,103615856,774124480
2015-10-22,6.960,7.800,7.590,6.820,134638928,974376320
2015-10-21,7.300,7.560,7.090,6.780,198680000,1446363904
2015-10-20,6.460,7.070,7.070,6.430,94423152,644605952
2015-10-19,6.650,6.670,6.430,6.340,55230716,358384384
2015-10-16,6.660,6.750,6.620,6.380,68190616,448267200
2015-10-15,6.200,6.600,6.600,6.190,64030984,412934784
2015-10-14,6.260,6.720,6.350,6.150,65050600,418419040
2015-10-13,6.140,6.370,6.300,6.110,49054940,304033152
