#date, start price, highest price, close price, lowest price, deal number, deal amount
2015-03-31,18.180,18.950,18.650,17.590,26396976,481448448
2015-03-30,18.390,18.680,17.870,17.000,23241968,416759008
2015-03-27,18.230,18.830,18.460,18.220,19118452,353476288
2015-03-26,18.980,19.800,18.680,17.950,38587836,725738624
2015-03-25,17.550,19.260,19.260,17.550,44324192,811270848
2015-03-24,16.080,17.510,17.510,16.000,43897024,745620352
2015-03-23,14.580,15.920,15.920,14.580,32601752,509834944
2015-03-20,14.450,14.960,14.470,14.260,14356452,209196064
2015-03-19,13.880,14.940,14.500,13.880,24686788,355977088
2015-03-18,13.420,13.710,13.700,13.330,10323338,140423184
2015-03-17,13.340,13.640,13.420,13.210,10339520,139209744
2015-03-16,12.920,13.380,13.340,12.920,11385213,150413568
2015-03-13,12.700,12.950,12.920,12.700,7060917,90565952
2015-03-12,12.730,12.940,12.680,12.600,5692361,72713224
2015-03-11,12.760,12.810,12.730,12.600,5118037,64997168
2015-03-10,12.660,12.840,12.750,12.580,4900989,62413900
2015-03-09,12.690,12.690,12.640,12.420,4398912,55145224
2015-03-06,12.810,12.920,12.640,12.630,6029051,76781560
2015-03-05,12.700,12.950,12.810,12.660,10946865,140312224
2015-03-04,12.300,12.800,12.700,12.230,10840556,135620976
2015-03-03,12.360,12.390,12.270,12.150,8263468,101260320
2015-03-02,12.480,12.530,12.370,12.200,9101558,111844824
2015-02-27,12.440,12.600,12.430,12.350,5836666,72917632
2015-02-26,12.480,12.490,12.430,12.350,2951677,36633164
2015-02-25,12.340,12.590,12.380,12.300,4179454,51976724
2015-02-17,12.360,12.470,12.340,12.270,3928221,48509532
2015-02-16,12.220,12.480,12.440,12.080,7352412,90678496
2015-02-13,11.950,12.280,12.060,11.950,4114444,49795172
2015-02-12,11.780,12.020,11.950,11.750,3822020,45517480
2015-02-11,11.580,11.840,11.750,11.510,3077584,36012396
2015-02-10,11.640,11.650,11.600,11.280,3339949,38272676
2015-02-09,12.060,12.350,11.600,11.600,3592128,42889432
2015-02-06,12.320,12.320,12.060,11.830,4192144,50415780
2015-02-05,12.700,12.740,12.330,12.300,5323883,66385484
2015-02-04,12.250,12.750,12.540,12.250,8125897,101954168
2015-02-03,11.940,12.270,12.170,11.940,4937817,60150176
2015-02-02,12.000,12.150,11.940,11.800,4383207,52272956
2015-01-30,12.150,12.280,12.050,11.950,5821266,70314720
2015-01-29,11.450,12.190,12.140,11.400,12035943,143341904
2015-01-28,11.600,11.650,11.510,11.420,11521029,132560064
2015-01-27,12.090,12.120,11.870,11.680,6089706,72145240
2015-01-26,11.840,12.380,12.090,11.810,6705858,81542464
2015-01-23,11.920,12.100,11.860,11.820,5993534,71584176
2015-01-22,11.550,12.000,11.930,11.450,8378823,99313360
2015-01-21,11.480,11.800,11.570,11.400,6154121,71519168
2015-01-20,10.800,11.800,11.490,10.800,8794423,99792056
2015-01-19,10.760,11.120,10.800,10.500,4132165,44919628
2015-01-16,10.810,11.060,10.950,10.800,2678773,29301814
2015-01-15,10.700,10.830,10.770,10.700,1950111,21020996
2015-01-14,10.900,10.900,10.760,10.620,3026222,32539454
2015-01-13,10.840,11.120,10.900,10.700,2931698,31964822
2015-01-12,11.260,11.300,10.840,10.760,4097941,44777644
2015-01-09,11.240,11.450,11.260,11.180,4359096,49549544
2015-01-08,11.200,11.420,11.300,11.110,6845234,77331688
2015-01-07,10.900,11.320,11.170,10.850,6534824,72757720
2015-01-06,10.730,10.930,10.900,10.530,5777133,62396140
2015-01-05,10.670,11.080,10.730,10.580,8887171,96166008
2015-06-30,15.510,18.010,17.310,15.450,32418372,532275520
2015-06-29,18.100,18.400,17.170,17.170,17223702,298573152
2015-06-26,19.700,20.200,19.080,19.080,14609849,280500384
2015-06-25,22.050,23.110,21.200,21.200,34445984,749262848
2015-06-24,23.550,24.800,23.550,23.550,33072564,787358016
2015-06-11,23.580,26.170,26.170,23.410,23338520,584623168
2015-06-10,22.800,24.510,23.790,22.480,21380244,509063520
2015-06-09,23.320,23.530,22.930,22.010,19705458,450219744
2015-06-08,22.920,24.580,23.500,22.510,33633516,786349952
2015-06-05,20.550,22.360,22.360,20.550,33008488,705109056
2015-06-04,19.660,20.550,20.330,18.310,18543544,368697888
2015-06-03,20.200,20.200,19.500,19.370,16362758,322984736
2015-06-02,19.800,20.540,20.200,19.210,18744552,373500032
2015-06-01,18.990,19.780,19.750,18.970,12497831,244268288
2015-05-29,19.010,19.680,18.970,17.810,16160166,304532320
2015-05-28,21.420,21.420,19.310,19.310,22789572,465479712
2015-05-27,22.180,22.230,21.450,21.050,20259098,436618048
2015-05-26,20.900,22.330,22.160,20.900,19470572,421902016
2015-05-25,19.660,21.630,20.900,19.410,20615698,431005856
2015-05-22,19.980,20.500,19.880,19.230,23233388,460504576
2015-05-21,18.350,20.070,19.980,18.350,23111686,445078336
2015-05-20,18.060,18.860,18.320,18.060,18969748,350624000
2015-05-19,17.450,17.950,17.910,17.200,11725510,208039472
2015-05-18,17.100,17.550,17.280,17.100,8804959,152409248
2015-05-15,18.120,18.120,17.550,17.360,12637522,223526048
2015-05-14,18.310,18.480,18.120,18.000,12674018,230740432
2015-05-13,18.360,18.490,18.280,17.930,18644522,339831424
2015-05-12,18.250,18.500,18.350,18.090,16809780,307028288
2015-05-11,18.000,18.460,18.170,17.990,20174784,366225760
2015-05-08,16.700,17.970,17.910,16.700,16845396,293854624
2015-05-07,16.860,16.900,16.680,16.370,5218010,87135040
2015-05-06,16.780,16.990,16.840,16.610,6706396,112822448
2015-05-05,17.400,17.500,16.780,16.760,7194202,122816552
2015-05-04,16.800,17.450,17.340,16.540,10428812,177733440
2015-04-30,16.990,17.200,16.870,16.810,8585217,146148128
2015-04-29,16.650,17.240,17.080,16.300,8714660,146964112
2015-04-28,17.380,17.710,16.610,16.550,14689899,251651328
2015-04-27,17.880,17.900,17.330,17.000,21128538,368293120
2015-04-24,17.850,17.980,17.660,17.260,16060859,283361312
2015-04-23,17.820,17.990,17.690,17.550,15445956,273629088
2015-04-22,17.730,17.980,17.760,17.590,20742328,368070944
2015-04-21,17.100,17.790,17.720,17.010,14078676,245919712
2015-04-20,16.970,17.770,17.180,16.960,19442132,338562752
2015-04-17,16.810,17.200,16.750,16.740,17083836,289314784
2015-04-16,16.700,17.380,16.600,16.280,14936099,251211936
2015-04-15,17.610,17.610,16.810,16.650,16942140,287731456
2015-04-14,18.000,18.010,17.620,17.510,16283032,287855232
2015-04-13,18.430,18.430,18.000,17.680,22500752,403759872
2015-04-10,17.750,18.910,18.450,17.550,14895495,274118144
2015-04-09,18.800,18.850,17.880,17.000,18024958,320291776
2015-04-08,20.360,20.390,18.700,18.400,22785032,439442240
2015-04-07,19.700,21.670,20.360,19.260,20207364,417734912
2015-04-03,18.840,19.910,19.700,18.600,23197984,445281792
2015-04-02,18.700,19.470,18.700,18.500,17079780,322215808
2015-04-01,18.470,19.020,18.530,18.040,17389144,323243328
2015-08-14,15.100,16.170,15.990,15.000,21998724,346424128
2015-08-13,14.380,15.060,14.910,14.250,14369911,211575856
2015-08-12,14.300,14.990,14.630,14.200,15676745,227134896
2015-08-11,14.280,14.970,14.720,14.000,18768502,271963552
2015-08-10,13.350,14.500,14.290,13.340,20406544,286440288
2015-08-07,13.170,13.500,13.330,13.160,16363830,218207488
2015-08-06,12.280,13.070,12.930,12.070,14053529,177725776
2015-08-05,12.650,13.090,12.460,12.400,16820752,213695328
2015-08-04,11.650,12.540,12.540,11.600,14392236,173856048
2015-08-03,11.950,12.080,11.400,11.260,12234903,142040720
2015-07-31,12.390,12.640,12.120,11.860,13195097,162526544
2015-07-30,13.200,13.630,12.550,12.550,19955416,261960256
2015-07-29,12.880,13.450,13.270,11.750,25414352,317804544
2015-07-28,12.410,14.000,12.360,12.360,30885450,392999776
2015-07-27,14.850,15.710,13.730,13.730,26013696,385167584
2015-07-24,15.800,16.340,15.260,15.230,29877920,472181312
2015-07-23,14.900,16.240,16.020,14.600,37659464,575801728
2015-07-22,15.130,15.290,14.760,14.120,38656992,568271040
2015-07-21,14.500,15.130,15.130,13.880,47803028,697931136
2015-07-20,13.300,13.750,13.750,13.000,33575912,458467264
2015-07-17,12.500,12.500,12.500,11.980,16261012,201947376
2015-07-06,13.600,13.600,11.360,11.360,21327296,255283808
2015-07-03,12.650,13.310,12.620,12.620,16398464,209285248
2015-07-02,14.580,15.100,14.020,14.020,18646226,264809392
2015-07-01,16.480,17.280,15.580,15.580,23670048,389337504
2015-08-17,16.050,16.330,16.150,15.400,17093316,273799552
2015-08-18,16.010,16.050,14.540,14.540,17071364,259963792
2015-08-20,14.400,14.940,13.810,13.800,15374367,219776656
2015-08-19,13.920,14.990,14.660,13.380,17356536,243731968
2015-08-26,10.780,11.020,10.700,9.740,21484160,226465184
2015-08-25,10.410,11.160,10.410,10.410,23989296,253363024
2015-08-24,12.440,12.900,11.570,11.570,7216100,85169776
2015-08-21,13.200,13.950,12.850,12.810,10581847,141009712
2015-11-20,14.390,15.770,15.710,14.190,22552292,333698464
2015-11-19,13.710,14.500,14.340,13.620,22888834,322965984
2015-11-18,13.550,14.040,13.700,13.150,15705186,212771344
2015-11-17,13.850,14.300,13.490,13.450,25784516,359936928
2015-11-16,12.550,13.540,13.480,12.500,16092239,209798112
2015-11-13,13.110,13.230,12.780,12.780,13116355,170762496
2015-11-12,13.500,13.680,13.340,13.170,12549986,167985536
2015-11-11,13.370,13.640,13.470,13.220,16839336,226926608
2015-11-10,13.500,13.690,13.400,13.120,17358804,233399040
2015-11-09,13.050,13.640,13.400,12.840,19675676,261264640
2015-11-06,13.330,13.450,13.350,13.100,18692752,247578816
2015-11-05,13.140,13.470,13.050,12.850,19632592,257828240
2015-11-04,12.610,13.370,13.250,12.490,18949188,244699424
2015-11-03,12.500,12.710,12.500,12.350,10679873,133829928
2015-11-02,12.500,12.800,12.380,12.210,16286232,204344608
2015-10-30,13.220,13.340,12.880,12.700,24329188,316559104
2015-10-29,14.170,14.170,13.560,12.990,45885104,623878720
2015-10-28,14.250,14.250,14.250,14.250,1142717,16283717
2015-10-27,12.950,12.950,12.950,12.950,193013,2499518
2015-10-26,11.770,11.770,11.770,11.770,292598,3443879
