#date, start price, highest price, close price, lowest price, deal number, deal amount
2015-01-13,9.300,9.500,9.350,9.120,2111134,19633488
2015-01-12,9.750,9.750,9.320,9.200,2961240,27855770
2015-01-09,9.780,9.960,9.760,9.710,1693273,16639402
2015-01-08,10.090,10.140,9.780,9.780,1968382,19482538
2015-01-07,9.800,10.150,10.090,9.800,3176301,31862628
2015-01-06,9.650,9.790,9.790,9.430,2479742,23894088
2015-01-05,9.990,10.080,9.660,9.320,4571234,44159144
2015-06-30,22.000,24.830,23.850,21.830,15642596,363603072
2015-06-29,27.370,27.600,24.260,24.260,7751973,190987632
2015-06-26,28.900,28.900,26.960,26.960,5219761,142886304
2015-06-25,30.710,31.970,29.950,29.800,8502465,263398320
2015-06-24,31.250,31.990,30.710,28.600,8860225,268802272
2015-06-23,32.000,32.800,30.940,29.800,7952264,245054928
2015-06-19,35.900,35.900,33.110,33.110,6909669,232911536
2015-06-18,38.790,39.550,36.790,35.880,6387559,243309568
2015-06-17,40.010,41.170,38.800,38.000,7368712,288739264
2015-06-16,39.800,41.650,40.490,38.000,10968982,438744480
2015-06-15,39.260,42.780,40.150,39.260,12569945,517741824
2015-06-12,41.100,41.870,40.150,40.090,12307171,501749344
2015-06-11,38.790,41.500,41.040,38.000,12043408,477068256
2015-06-10,37.660,39.960,38.490,36.800,8955083,342864000
2015-06-09,36.800,38.380,37.650,36.800,7765661,291636160
2015-06-08,38.120,38.450,36.300,34.940,10937438,398341728
2015-06-05,39.530,40.000,38.120,37.450,8521413,329672000
2015-06-04,39.050,40.690,38.770,37.440,11289716,439834400
2015-06-03,39.800,40.020,39.050,38.500,8471982,331883072
2015-06-02,41.390,42.790,40.650,38.420,14769421,594453504
2015-06-01,37.820,41.140,41.140,37.800,16282216,662412800
2015-05-29,36.150,39.030,37.400,33.790,9591713,354783648
2015-05-28,39.750,40.880,35.740,35.740,9586245,375726080
2015-05-27,41.110,41.150,39.700,39.000,10542196,420846336
2015-05-26,40.000,41.500,41.100,38.000,13446902,540364096
2015-05-25,41.700,41.700,40.350,39.240,15523321,626103744
2015-05-22,45.960,46.530,43.600,43.100,12172073,541762880
2015-05-21,41.610,45.000,44.400,41.610,9505804,411808320
2015-05-20,42.110,45.150,42.190,41.560,10191246,442558080
2015-05-19,43.010,46.000,43.000,41.010,13849950,593566208
2015-05-18,38.660,42.230,42.230,37.500,14314355,576031040
2015-05-15,38.000,41.800,38.390,37.250,13598277,536904192
2015-05-14,40.500,42.610,39.620,39.040,17353960,720765248
2015-05-13,34.000,38.740,38.740,33.210,15764579,581385600
2015-05-12,35.470,35.480,35.220,33.030,22981384,807264000
2015-05-11,30.210,32.250,32.250,30.020,4488713,140004624
2015-05-08,27.950,29.320,29.320,27.410,14920607,427879680
2015-05-07,26.030,27.300,26.650,25.850,6358717,170091456
2015-05-06,25.980,27.590,26.300,25.600,11994038,319090048
2015-05-05,27.400,28.100,25.710,25.400,14583287,385436512
2015-05-04,28.100,29.550,28.190,28.010,9152102,263592080
2015-04-30,29.030,29.800,28.450,28.180,12069789,348911168
2015-04-29,27.990,30.980,29.780,27.400,23116540,680823168
2015-04-28,26.800,29.110,28.420,25.900,22234304,608562432
2015-04-27,28.510,30.300,27.710,27.400,20086598,575529216
2015-04-24,29.500,32.300,28.280,26.730,32271976,958655488
2015-04-23,29.380,29.380,29.380,27.900,15804211,461635200
2015-04-22,25.580,26.710,26.710,25.280,11296528,297724832
2015-04-21,23.920,24.280,24.280,22.770,20014232,478383264
2015-04-20,20.500,22.070,22.070,19.410,50813304,1080043136
2015-04-17,20.060,20.060,20.060,20.060,21369040,428662976
2015-04-16,18.240,18.240,18.240,18.240,5571216,101618976
2015-04-15,16.580,16.580,16.580,16.580,213460,3539167
2015-04-14,15.070,15.070,15.070,15.070,77050,1161144
2015-04-13,13.700,13.700,13.700,13.700,234659,3214828
2015-04-10,12.450,12.450,12.450,12.450,116078,1445171
2015-04-09,11.320,11.320,11.320,11.320,35791,405154
2015-04-08,10.290,10.290,10.290,10.290,30281,311592
2015-08-14,30.490,30.880,29.570,29.300,11093939,333524512
2015-08-13,29.880,31.100,30.060,27.880,13878391,406980384
2015-08-12,32.480,32.480,30.150,30.000,11595077,360321280
2015-08-11,30.670,33.740,32.480,29.860,15969818,501958752
2015-08-10,28.100,30.670,30.670,28.100,12072882,363464128
2015-08-07,26.920,28.500,27.880,26.920,8635728,240070400
2015-08-06,25.000,27.750,26.750,24.600,10573003,283567040
2015-08-05,25.900,28.750,26.000,25.500,17915154,482789056
2015-08-04,21.750,26.590,26.590,21.750,23517162,560756800
2015-08-03,24.170,24.860,24.170,24.170,4194439,101436776
2015-07-31,26.860,29.500,26.860,26.860,13428283,365176032
2015-07-22,27.100,29.840,29.840,26.900,15229674,441828544
2015-07-21,28.250,28.800,27.130,26.500,14558036,400514112
2015-07-20,25.600,27.260,27.260,25.000,11741059,313330016
2015-07-17,22.250,24.780,24.780,22.250,11321923,276070048
2015-07-16,20.000,23.270,22.530,19.600,16765920,368877760
2015-07-15,22.910,22.910,21.650,19.230,41308152,921636224
2015-07-14,20.830,20.830,20.830,20.830,635401,13235403
2015-07-13,18.940,18.940,18.940,18.940,365732,6926964
2015-07-10,17.220,17.220,17.220,17.220,1920903,33077950
2015-07-06,19.130,19.130,15.650,15.650,14874028,252858592
2015-07-03,17.420,18.860,17.390,17.390,15565770,276446944
2015-07-02,20.500,21.470,19.320,19.320,12945607,252707904
2015-07-01,23.600,25.260,21.470,21.470,13431535,317202080
2015-08-17,29.200,30.590,29.700,28.950,7595676,226748848
2015-08-18,29.500,30.340,26.730,26.730,12091335,348453120
2015-08-20,27.970,29.370,27.470,26.820,10056985,287132256
2015-08-19,25.010,28.390,27.940,24.320,11980598,315751744
2015-09-14,23.690,24.280,21.110,21.110,6077197,134844480
2015-09-11,23.000,24.500,23.450,22.660,10818150,254504592
2015-09-10,21.780,23.390,22.480,21.300,8570821,193419424
2015-09-09,21.300,22.800,22.200,21.000,9933463,219281696
2015-09-08,18.670,21.120,20.800,18.570,8512051,165523440
2015-09-07,18.620,19.700,19.200,18.350,9466406,180383808
2015-09-02,18.280,21.290,18.280,18.280,10474794,199188992
2015-09-01,22.520,22.520,20.310,20.310,8047162,166482304
2015-08-31,22.800,23.390,22.570,22.510,8215711,188384992
2015-08-28,21.200,22.880,22.880,20.820,10307369,228321488
2015-08-27,20.000,20.890,20.800,19.130,10120110,203375744
2015-08-26,20.200,21.450,19.050,18.180,14501214,288833504
2015-08-25,20.200,21.580,20.200,20.200,14312938,292970848
2015-08-24,22.900,24.000,22.440,22.440,5863237,132661488
2015-08-21,26.900,27.280,24.930,24.910,7043039,182461392
2015-09-18,22.350,23.990,23.990,22.350,9737433,226489088
2015-09-17,21.530,23.280,22.100,21.010,12423060,278716160
2015-09-16,19.330,21.160,21.160,19.200,6651261,132615304
2015-09-15,19.970,20.780,19.240,19.000,8617376,170663056
