#date, start price, highest price, close price, lowest price, deal number, deal amount
2015-03-17,8.960,9.540,9.480,8.960,22836652,210896000
2015-03-16,8.880,9.090,9.020,8.790,13643477,121829456
2015-03-13,9.150,9.290,8.870,8.770,13740351,122394168
2015-03-12,9.270,9.320,9.140,8.940,9191288,83454408
2015-03-11,9.390,9.600,9.250,9.120,7488317,69624528
2015-03-10,9.210,9.620,9.390,9.120,12361169,116812144
2015-03-09,9.040,9.270,9.180,8.800,6522672,59214028
2015-03-06,9.600,9.600,9.040,8.870,12865000,118108168
2015-03-05,9.490,9.770,9.580,9.350,12287724,117468696
2015-03-04,9.200,9.590,9.490,9.100,11499918,107390672
2015-03-03,9.410,9.470,9.200,9.060,9128531,84534056
2015-03-02,9.340,9.520,9.450,9.200,10312870,96966928
2015-02-27,8.950,9.490,9.310,8.910,10689447,99445392
2015-02-26,9.190,9.500,9.050,8.880,7391913,67345624
2015-02-25,8.940,9.390,9.180,8.910,10672086,97878368
2015-02-17,8.630,9.080,8.950,8.610,10654219,95470912
2015-02-16,8.360,8.710,8.590,8.210,10117742,86134768
2015-02-13,8.400,8.450,8.360,8.200,6240068,52050644
2015-02-12,8.440,8.580,8.390,8.360,4327075,36493200
2015-02-11,8.410,8.470,8.410,8.140,6103897,50938912
2015-02-10,8.230,8.400,8.320,8.090,5952724,49365504
2015-02-09,8.040,8.440,8.270,8.010,8381421,69300328
2015-02-06,8.200,8.360,7.990,7.810,9676829,77486784
2015-02-05,8.600,8.600,8.280,8.280,9157563,76548072
2015-02-04,8.170,8.600,8.580,8.100,16400254,137428320
2015-02-03,8.220,8.430,8.080,8.040,12932579,106073400
2015-02-02,8.140,8.400,8.120,8.090,10601948,86697384
2015-01-30,8.530,8.650,8.440,8.400,7023557,59999480
2015-01-29,8.910,8.910,8.520,8.480,10939706,94370000
2015-01-28,9.050,9.110,8.880,8.810,10563970,94525000
2015-01-27,8.880,9.590,9.110,8.640,21765320,199046880
2015-01-26,8.310,9.130,8.850,8.210,24691460,214298368
2015-01-23,7.560,8.310,8.310,7.380,28901806,232807776
2015-01-22,7.250,7.560,7.550,7.100,9172360,67451416
2015-01-21,7.080,7.200,7.190,7.020,6653658,47646284
2015-01-20,6.800,7.150,7.050,6.780,4538961,31916970
2015-01-19,6.930,7.110,6.850,6.690,5403837,37319708
2015-01-16,7.030,7.180,7.120,6.990,6176946,43809336
2015-01-15,7.020,7.100,7.040,7.000,2130103,14970902
2015-01-14,7.060,7.160,7.030,6.950,2722225,19176876
2015-01-13,6.880,7.050,7.020,6.880,2472685,17272300
2015-01-12,6.900,7.170,6.940,6.780,3874429,26933164
2015-01-09,7.190,7.300,6.980,6.950,5024965,35628836
2015-01-08,7.000,7.370,7.190,6.980,10948202,78813960
2015-01-07,7.060,7.060,7.020,6.920,4253927,29663296
2015-01-06,6.930,7.150,7.060,6.850,6601858,46439168
2015-01-05,6.600,7.030,6.970,6.580,9354515,64861584
2015-06-30,8.150,8.580,8.310,8.150,18589030,153735216
2015-06-29,8.990,8.990,8.580,8.580,8410200,72590728
2015-06-26,9.150,9.160,9.030,9.030,7856709,71084552
2015-06-25,9.790,9.940,9.510,9.310,16813794,162790416
2015-06-24,9.410,9.690,9.610,9.270,14192770,135492272
2015-06-23,9.250,9.660,9.250,9.200,15621228,144544528
2015-06-19,9.890,9.890,9.680,9.680,11597502,112582312
2015-06-18,10.630,10.970,10.190,10.150,18477008,196064736
2015-06-17,10.600,10.920,10.680,10.590,24214792,257347840
2015-06-16,11.300,11.450,11.150,11.150,9346700,104575744
2015-06-15,12.500,12.590,11.740,11.740,27525136,327476320
2015-06-12,12.000,12.360,12.360,11.750,19169344,233976656
2015-06-11,10.950,11.770,11.770,10.950,22205700,252750432
2015-06-10,12.090,12.180,11.210,11.020,41380264,474867872
2015-06-09,11.450,11.600,11.600,11.050,9513466,109654168
2015-06-08,10.950,11.050,11.050,10.680,19289216,212327920
2015-06-05,10.330,10.520,10.520,10.080,33612124,350640448
2015-06-04,9.650,10.020,10.020,9.420,35903044,356606272
2015-06-03,9.220,9.700,9.540,9.170,31120160,295655040
2015-06-02,9.150,9.250,9.240,8.960,24920742,227397712
2015-06-01,8.710,9.190,9.190,8.700,24798606,225211888
2015-05-29,8.810,9.040,8.750,8.520,20286306,177093040
2015-05-28,9.220,9.440,8.970,8.960,31597394,290831712
2015-05-27,9.270,9.460,9.170,9.100,24538334,226680896
2015-05-26,9.290,9.530,9.300,9.180,27513050,257941568
2015-05-25,8.860,9.220,9.220,8.800,34602232,315673248
2015-05-22,8.420,8.780,8.780,8.410,27428932,238123360
2015-05-21,8.330,8.440,8.360,8.240,13642122,113551792
2015-05-20,8.400,8.520,8.350,8.300,15313494,128819760
2015-05-19,8.170,8.350,8.300,8.160,11435171,94531560
2015-05-18,8.480,8.480,8.150,8.150,15127855,124624752
2015-05-15,8.470,8.560,8.480,8.340,12915513,109156184
2015-05-14,8.660,8.740,8.400,8.260,21770368,183694448
2015-05-13,8.870,9.090,8.660,8.660,27359882,240562448
2015-05-12,9.950,9.950,9.120,9.010,46846416,431085952
2015-08-14,6.900,7.190,7.030,6.830,15158877,106534688
2015-08-13,6.840,6.980,6.860,6.600,16785092,114517240
2015-08-12,6.480,6.850,6.850,6.400,17161232,115239832
2015-08-11,6.720,6.740,6.520,6.470,12263799,80951264
2015-08-10,6.370,6.650,6.650,6.360,11684254,76042560
2015-08-07,6.070,6.330,6.330,6.070,10583041,65805292
2015-08-06,5.850,6.090,6.030,5.750,6084708,36501400
2015-08-05,6.040,6.140,6.010,5.920,9420389,57009108
2015-08-04,5.680,5.990,5.990,5.600,11597904,67345936
2015-08-03,5.900,5.910,5.700,5.650,8431332,47911308
2015-07-31,6.060,6.140,5.950,5.890,8709874,52327500
2015-07-30,6.290,6.630,6.200,6.150,11698175,74854504
2015-07-29,6.350,6.430,6.380,6.000,13919980,85708728
2015-07-28,6.320,6.480,6.320,6.320,7040732,44586228
2015-07-27,6.820,6.910,6.650,6.650,11267282,76345592
2015-07-24,7.250,7.550,7.000,6.930,15789808,115046304
2015-07-23,7.050,7.340,7.290,6.950,14956470,107169464
2015-07-22,6.790,7.100,6.990,6.680,15476559,106918688
2015-07-21,6.470,6.810,6.810,6.300,14913250,99081896
2015-07-20,6.390,6.680,6.490,6.310,14313723,92521440
2015-07-17,6.070,6.380,6.380,5.990,15837570,99059600
2015-07-16,6.080,6.270,6.080,6.080,14329132,87469864
2015-07-15,7.000,7.000,6.400,6.400,15145521,99872448
2015-07-14,6.740,6.740,6.740,6.740,598872,4036397
2015-07-13,6.420,6.420,6.420,6.420,1235852,7934170
2015-07-08,6.110,6.110,6.110,6.110,58500,357435
2015-07-07,6.430,6.430,6.430,6.430,105800,680294
2015-07-06,7.360,7.460,6.770,6.770,8952955,62653216
2015-07-03,7.130,7.130,7.130,7.130,957800,6829114
2015-07-02,7.500,7.600,7.500,7.500,6320400,47423028
2015-07-01,8.270,8.440,7.890,7.890,14870814,121547760
2015-08-17,7.000,7.360,7.320,6.880,12647834,90086488
2015-08-18,7.250,7.390,6.950,6.950,11063271,78968320
2015-08-20,6.720,6.760,6.510,6.470,9068376,60058504
2015-08-19,6.600,6.950,6.810,6.600,13980653,93024480
2015-09-14,5.270,5.350,4.920,4.920,6098922,30951638
2015-09-11,5.230,5.360,5.180,5.030,7513600,39144268
2015-09-10,5.250,5.510,5.260,5.200,12736156,68368552
2015-09-09,5.010,5.250,5.250,5.010,7573963,39216760
2015-09-08,4.740,5.030,5.000,4.730,5327986,25895210
2015-09-07,4.750,4.940,4.790,4.730,5832420,28189876
2015-09-02,4.710,4.910,4.710,4.710,7269291,34531872
2015-09-01,5.090,5.270,4.960,4.890,8621600,43856420
2015-08-31,5.350,5.350,5.110,5.100,11258600,58506704
2015-08-28,5.230,5.370,5.370,5.170,11416888,60346576
2015-08-27,5.200,5.390,5.110,5.040,11284317,57719972
2015-08-26,5.300,5.450,5.300,5.300,10644271,56629956
2015-08-25,5.580,5.580,5.580,5.580,872600,4869108
2015-08-24,5.940,5.940,5.870,5.870,1724400,10136587
2015-08-21,6.290,6.370,6.180,6.180,7988317,49736524
2015-09-30,4.850,4.920,4.870,4.850,4004002,19548078
2015-09-29,4.800,4.980,4.870,4.760,4490429,21913106
2015-09-28,4.810,4.980,4.900,4.690,4310906,20740330
2015-09-25,4.970,5.070,4.800,4.770,7811412,38480632
2015-09-24,4.810,5.030,4.980,4.790,7861440,38590460
2015-09-23,4.850,4.860,4.800,4.750,4329281,20800882
2015-09-22,4.870,4.940,4.900,4.830,4618729,22574204
2015-09-21,4.600,4.910,4.880,4.590,5056287,24010392
2015-09-18,4.720,4.800,4.680,4.590,5284892,24640018
2015-09-17,4.850,4.930,4.720,4.720,6978459,33727296
2015-09-16,4.600,4.900,4.900,4.490,8192792,38466240
2015-09-15,4.750,4.750,4.670,4.670,5194768,24329530
2015-10-12,5.320,5.320,5.320,5.320,3927956,20896726
2015-10-09,4.970,5.090,5.070,4.960,5101908,25701370
2015-10-08,5.010,5.030,4.990,4.920,6188490,30836004
2015-11-20,6.920,6.920,6.870,6.790,9991975,68374568
2015-11-19,6.870,6.940,6.920,6.820,6892475,47416204
2015-11-18,6.860,6.960,6.840,6.790,8469707,58242268
2015-11-17,7.130,7.280,6.900,6.880,15386155,108988224
2015-11-16,6.590,7.040,7.040,6.540,11277119,77634568
2015-11-13,6.890,6.930,6.700,6.640,12582601,85469232
2015-11-12,7.180,7.190,6.990,6.860,16881582,118275848
2015-11-11,6.700,6.980,6.980,6.670,16966704,117134480
2015-11-10,6.560,6.780,6.650,6.510,10292221,68570456
2015-11-09,6.510,6.610,6.610,6.340,11546444,74867712
2015-11-06,6.480,6.650,6.570,6.420,8854577,58068300
2015-11-05,6.510,6.730,6.490,6.420,13582996,89080704
2015-11-04,6.350,6.490,6.480,6.280,8718431,55889984
2015-11-03,6.190,6.330,6.240,6.190,4528596,28305816
2015-11-02,6.120,6.380,6.210,6.030,7846877,49121280
2015-10-30,6.230,6.290,6.240,6.090,7319183,45464120
2015-10-29,6.310,6.400,6.260,6.200,8846922,55638772
2015-10-28,6.620,6.630,6.320,6.290,14395916,92539072
2015-10-27,6.480,6.680,6.620,6.300,15809480,101592768
2015-10-26,6.230,6.440,6.440,6.030,17203120,108229704
2015-10-23,5.910,6.210,6.130,5.890,13072159,79751216
2015-10-22,5.600,5.910,5.910,5.560,9830280,56163160
2015-10-21,6.060,6.170,5.630,5.590,23036808,136857152
2015-10-20,5.650,5.880,5.880,5.640,3333233,19456366
2015-10-19,5.570,5.650,5.600,5.520,9645008,53850636
2015-10-16,5.540,5.590,5.550,5.440,8806772,48557584
2015-10-15,5.360,5.620,5.520,5.360,12231463,67351616
2015-10-14,5.870,5.870,5.410,5.370,19336364,108371016
2015-10-13,5.590,5.590,5.590,5.590,2516301,14066123
