#date, start price, highest price, close price, lowest price, deal number, deal amount
2015-03-31,10.000,10.330,10.100,9.960,99326200,1001030528
2015-03-30,10.300,10.460,10.380,10.180,54008348,557902016
2015-03-27,10.190,10.540,10.310,10.000,56836412,585807104
2015-03-26,10.170,10.540,10.080,9.940,67612880,689807616
2015-03-25,9.620,10.600,10.240,9.520,130412952,1321721600
2015-03-24,9.790,9.790,9.640,9.400,73390896,705216064
2015-03-23,9.850,9.860,9.810,9.640,77134800,751255296
2015-03-20,9.540,9.980,9.790,9.460,80013568,772477056
2015-03-19,9.730,9.730,9.660,9.550,52349900,503401600
2015-03-18,9.690,9.790,9.730,9.610,49977640,484639616
2015-03-17,9.620,9.750,9.650,9.530,61685896,594762304
2015-03-16,9.060,9.790,9.600,9.030,90458488,852125376
2015-03-13,9.040,9.140,9.060,8.890,45655872,410577600
2015-03-12,9.130,9.210,9.020,8.970,37629884,340573184
2015-03-11,9.300,9.360,9.100,9.020,39425176,362075328
2015-03-10,9.300,9.400,9.240,9.160,38186804,354121248
2015-03-09,8.920,9.350,9.290,8.800,56256156,517236064
2015-03-06,9.140,9.210,8.920,8.900,41293972,372613088
2015-03-05,8.900,9.170,9.120,8.870,57130400,516320128
2015-03-04,8.570,9.200,8.940,8.570,71207200,634731840
2015-03-03,8.760,8.770,8.560,8.520,46778904,405122464
2015-03-02,8.660,8.850,8.810,8.580,50258012,437148096
2015-02-27,8.670,8.730,8.620,8.580,29633444,255408816
2015-02-26,8.530,8.750,8.700,8.490,36421048,314086560
2015-02-25,8.510,8.580,8.520,8.460,22666308,193218816
2015-02-17,8.520,8.570,8.500,8.420,21066876,178708800
2015-02-16,8.310,8.570,8.520,8.310,31848148,268841408
2015-02-13,8.180,8.360,8.300,8.160,28703920,237667440
2015-02-12,8.160,8.230,8.140,8.120,21809624,178076544
2015-02-11,8.170,8.230,8.160,8.100,19906024,162341200
2015-02-10,8.100,8.160,8.160,8.070,11970542,97345704
2015-02-09,8.080,8.150,8.100,8.050,12979575,105151928
2015-02-06,8.300,8.350,8.080,8.050,27445836,224581776
2015-02-05,8.460,8.470,8.310,8.310,23203132,194575856
2015-02-04,8.480,8.520,8.380,8.360,20280964,170898832
2015-02-03,8.260,8.490,8.460,8.230,23099888,194101648
2015-02-02,8.300,8.350,8.270,8.210,21347056,176758608
2015-01-30,8.650,8.680,8.360,8.320,33551020,285818080
2015-01-29,8.640,8.800,8.630,8.610,38033280,330992160
2015-01-28,8.520,8.760,8.730,8.430,39824784,341732992
2015-01-27,8.590,8.690,8.540,8.460,31900714,273427552
2015-01-26,8.410,8.630,8.590,8.360,33244380,283715072
2015-01-23,8.640,8.650,8.470,8.380,45025084,382070976
2015-01-22,8.570,8.660,8.640,8.510,39041904,335259520
2015-01-21,8.580,8.680,8.610,8.470,51886288,444863648
2015-01-20,8.380,8.580,8.550,8.340,52485852,445779712
2015-01-19,8.330,8.650,8.300,8.230,54842876,462918112
2015-01-16,8.230,8.500,8.430,8.210,39837580,332619712
2015-01-15,8.200,8.310,8.210,8.160,18911574,155568256
2015-01-14,8.210,8.290,8.180,8.150,22191592,182618624
2015-01-13,8.040,8.330,8.250,7.990,32817332,269353984
2015-01-12,8.170,8.210,8.000,7.950,22036948,178046160
2015-01-09,8.150,8.330,8.140,8.130,24827220,204091648
2015-01-08,8.220,8.260,8.150,8.120,19100288,156210096
2015-01-07,8.190,8.390,8.210,8.110,30157836,248697680
2015-01-06,8.080,8.240,8.180,8.000,30109196,244855440
2015-01-05,7.930,8.110,8.070,7.920,23632128,189835264
2015-06-30,10.410,11.590,11.480,9.520,70153904,737587072
2015-06-29,12.200,12.200,10.580,10.580,66067292,729453696
2015-06-26,12.550,12.900,11.760,11.760,52448356,637021376
2015-06-25,13.950,13.970,13.070,12.880,38135040,515399040
2015-06-24,13.830,14.160,13.940,13.510,54015268,747791744
2015-06-23,12.900,13.730,13.690,12.350,61518088,812562368
2015-06-19,13.900,13.900,12.900,12.820,58198000,774630912
2015-06-18,15.420,15.480,14.240,14.000,58272836,866687744
2015-06-17,14.660,15.560,15.390,14.380,73027928,1091492864
2015-06-16,15.750,15.750,14.550,14.550,86026824,1289277952
2015-06-15,17.500,18.350,16.170,16.150,128522776,2203794944
2015-06-02,15.850,16.680,16.680,15.230,101191528,1638640896
2015-06-01,13.810,15.160,15.160,13.810,61423044,907834304
2015-05-29,13.200,14.000,13.780,12.800,71441576,971492352
2015-05-28,14.120,14.970,13.300,13.300,87688016,1258951168
2015-05-27,14.120,14.340,14.060,13.700,66286872,924023104
2015-05-26,14.030,14.700,14.160,13.770,73176680,1039329600
2015-05-25,13.250,14.090,13.950,13.020,72353216,987303040
2015-05-22,13.320,13.540,13.330,13.000,60848744,804238784
2015-05-21,13.160,13.550,13.310,13.030,46779172,622149440
2015-05-20,13.050,13.650,13.090,13.050,55036916,736065664
2015-05-19,12.870,13.240,13.010,12.730,54451704,708283520
2015-05-18,12.060,13.000,12.940,11.920,68608024,860438848
2015-05-15,12.250,12.600,12.000,11.900,53622824,650170560
2015-05-14,12.500,12.900,12.430,12.300,68418920,864422720
2015-05-13,11.900,12.680,12.580,11.640,87817312,1070761024
2015-05-12,11.800,12.130,11.890,11.610,59471808,702974528
2015-05-11,11.390,11.880,11.700,11.340,53682588,625027904
2015-05-08,10.640,11.380,11.300,10.640,49512912,542953088
2015-05-07,10.900,10.970,10.530,10.450,34265220,365382304
2015-05-06,11.360,11.630,10.910,10.730,42316748,474540288
2015-05-05,11.300,11.950,11.350,11.170,66034172,766237120
2015-05-04,11.170,11.490,11.250,11.170,38300980,433251840
2015-04-30,11.500,11.690,11.150,11.130,58850264,669072576
2015-04-29,11.300,11.670,11.500,11.030,80245792,908681216
2015-04-27,11.900,12.360,11.870,11.700,85213056,1022941056
2015-04-24,11.000,12.100,11.850,10.870,116077336,1334388736
2015-04-23,10.810,11.350,11.080,10.700,92917392,1032261440
2015-04-22,10.800,11.230,10.760,10.750,100840864,1106277760
2015-04-21,10.280,10.900,10.720,10.210,107502632,1139881600
2015-04-20,9.900,10.370,10.320,9.650,88408024,886430528
2015-04-17,9.970,10.150,9.940,9.910,51541376,515827008
2015-04-16,9.680,9.980,9.900,9.580,40229344,395151040
2015-04-15,10.160,10.170,9.770,9.680,54492884,539614208
2015-04-14,10.360,10.360,10.180,10.080,59223188,605260224
2015-04-13,10.440,10.440,10.350,10.110,65276032,672644224
2015-04-10,10.020,10.500,10.330,9.900,63872160,655557632
2015-04-09,10.300,10.300,10.060,9.620,72451648,721279680
2015-04-08,10.740,10.750,10.300,10.130,76486992,794705984
2015-04-07,10.720,10.790,10.720,10.560,52264344,557505536
2015-04-03,10.460,10.880,10.690,10.300,70877576,755523456
2015-04-02,10.220,10.510,10.510,10.150,71392608,736956672
2015-04-01,10.090,10.210,10.200,10.030,54327528,551448832
2015-08-14,10.590,10.690,10.360,10.250,58171220,609992384
2015-08-13,10.040,10.480,10.450,10.000,59995992,618197440
2015-08-12,9.850,10.550,10.200,9.840,60028256,612780160
2015-08-11,10.000,10.260,9.990,9.900,63047296,633591680
2015-08-10,9.780,10.200,10.050,9.630,66275580,657491776
2015-08-07,9.540,9.820,9.720,9.400,49934208,482153184
2015-08-06,9.100,9.550,9.450,9.050,34787680,323582144
2015-08-05,9.540,9.650,9.280,9.230,38324704,361901440
2015-08-04,9.140,9.630,9.630,9.050,50191508,468496320
2015-08-03,8.850,9.080,9.070,8.610,47412100,418947840
2015-07-31,8.850,9.220,9.060,8.820,35010124,315319968
2015-07-30,9.560,9.850,9.000,8.920,55097788,524628000
2015-07-29,9.220,9.690,9.610,8.940,53718180,495547680
2015-07-28,9.200,9.620,9.050,8.600,85720504,771152512
2015-07-27,10.350,10.620,9.550,9.550,80516272,816285504
2015-07-24,10.760,11.150,10.610,10.500,98763072,1071313856
2015-07-23,10.900,11.050,10.760,10.300,139795696,1491064576
2015-07-22,9.990,10.630,10.630,9.910,94318400,977947584
2015-07-21,9.660,9.660,9.660,9.660,11042350,106669104
2015-07-20,8.780,8.780,8.780,8.780,2662088,23373132
2015-07-06,9.300,9.300,8.010,7.610,110184888,905227200
2015-07-03,9.100,9.880,8.450,8.370,80090352,708653248
2015-07-02,10.390,10.540,9.300,9.300,59374696,580667520
2015-07-01,11.200,11.660,10.330,10.330,60610352,676928576
2015-08-17,10.380,10.580,10.410,10.150,55233948,573400448
2015-08-18,10.420,10.460,9.370,9.370,61378960,609833728
2015-08-20,9.220,9.980,9.410,9.060,50021320,479221888
2015-08-19,9.000,9.490,9.340,8.510,46578132,421062624
2015-08-25,6.930,7.040,6.930,6.930,41723532,289509312
2015-08-24,7.780,8.170,7.700,7.700,31187000,242429824
2015-08-21,9.180,9.260,8.560,8.550,44070260,393009824
2015-11-20,9.080,9.230,9.120,8.980,41821464,380910720
2015-11-19,9.100,9.190,9.140,8.870,39266376,354284032
2015-11-18,9.370,9.410,9.060,9.010,44565160,407792896
2015-11-17,9.550,9.860,9.360,9.330,52605696,501275328
2015-11-16,9.320,9.560,9.490,9.290,58998852,554297216
2015-11-13,9.880,9.880,9.590,9.250,155810592,1499852928
2015-11-12,9.220,9.220,9.220,9.220,2331673,21498026
2015-11-11,8.380,8.380,8.380,8.380,428302,3589171
2015-11-10,7.620,7.620,7.620,7.620,1324746,10094565
