#date, start price, highest price, close price, lowest price, deal number, deal amount
2015-01-14,20.930,22.600,22.390,20.740,7262098,159677088
2015-01-13,20.890,21.040,20.930,20.500,1632224,33914052
2015-01-12,20.720,21.000,20.890,20.600,1156867,24111992
2015-01-09,20.450,20.960,20.720,20.450,640630,13312228
2015-01-08,20.710,20.800,20.550,20.300,995696,20464262
2015-01-07,20.750,20.750,20.710,20.500,613009,12636817
2015-01-06,20.580,20.870,20.770,20.400,511613,10599620
2015-01-05,20.180,20.890,20.800,19.580,1715364,34771512
2015-08-14,28.140,28.140,27.740,27.010,3911221,107870360
2015-08-13,27.690,28.020,28.020,26.980,3743836,103075720
2015-08-12,28.400,28.690,27.800,27.090,5715488,159112544
2015-08-11,28.600,29.700,28.950,28.180,10393910,301023360
2015-08-10,27.000,29.350,28.780,26.860,8945280,252630752
2015-08-07,25.380,27.190,27.190,25.380,4386470,115074008
2015-08-06,25.690,26.500,25.470,25.000,2411273,62269496
2015-08-05,24.700,26.710,26.360,24.480,7145760,182729440
2015-08-04,23.800,25.490,25.200,22.000,6438147,155608768
2015-08-03,25.600,25.910,23.490,23.330,6347796,152062832
2015-07-31,27.500,28.880,25.920,25.380,10145014,276165120
2015-07-30,28.040,30.600,28.200,27.520,11562275,337101600
2015-07-29,25.500,28.200,28.200,25.500,10145702,270747008
2015-07-28,26.090,28.580,25.700,25.300,11115189,296002112
2015-07-27,30.800,34.200,28.100,28.100,15272098,474718720
2015-07-24,30.010,32.820,31.220,30.000,13285495,415575424
2015-07-23,29.500,31.000,30.500,28.870,13955665,414936416
2015-07-22,30.600,32.780,31.030,30.500,21116108,673149504
2015-07-21,29.800,29.800,29.800,27.560,14507180,421537664
2015-07-20,27.090,27.090,27.090,27.090,54934,1488162
2015-07-17,24.630,24.630,24.630,24.630,198251,4882922
2015-08-17,27.500,27.600,26.800,26.310,3704906,99340008
2015-08-18,26.800,27.250,25.000,24.120,6749444,173844960
2015-08-20,25.640,25.990,25.200,25.010,2444766,62009260
2015-08-19,24.670,25.880,25.720,24.100,3445025,86552968
2015-09-14,22.900,23.300,20.240,20.240,4390388,95969576
2015-09-11,21.900,23.300,22.490,21.710,2977182,67434048
2015-09-10,22.000,22.650,21.920,21.900,2167950,48230912
2015-09-09,21.700,23.300,22.640,21.700,4878845,110075368
2015-09-08,21.560,22.470,22.000,19.520,4699038,99584408
2015-09-07,21.560,21.560,21.560,21.400,4212574,90793880
2015-09-02,19.750,22.000,19.600,19.300,2825069,57964184
2015-09-01,22.000,22.430,21.350,21.050,5688826,124382880
2015-08-31,21.540,22.600,22.500,21.450,4273607,94363328
2015-08-28,21.000,22.300,22.030,20.800,4311570,92311168
2015-08-27,20.120,21.200,20.610,19.620,4381427,90443248
2015-08-26,19.820,21.100,20.050,17.800,10794429,208946704
2015-08-25,19.600,20.600,19.600,19.600,8079767,159138400
2015-08-24,23.220,23.250,21.780,21.780,4177333,91808768
2015-08-21,24.800,25.280,24.200,23.520,3156277,76214328
2015-09-30,21.890,22.390,21.950,21.560,1122461,24656964
2015-09-29,22.800,22.800,21.810,21.610,1112300,24658000
2015-09-28,22.500,22.900,22.590,21.850,1115103,24971522
2015-09-25,23.270,23.900,21.910,21.700,2493381,56977400
2015-09-24,22.810,23.660,23.270,22.810,2578088,60071212
2015-09-23,22.510,23.300,22.730,22.210,1812447,41590180
2015-09-22,23.000,23.890,23.350,22.800,7541650,174481072
2015-09-21,21.310,23.420,23.130,20.580,7235124,163284560
2015-09-18,20.950,21.640,21.320,20.850,1065247,22575772
2015-09-17,21.510,21.980,20.910,20.880,2500028,53517620
2015-09-16,19.550,21.800,21.510,19.550,1925407,39866092
2015-09-15,19.300,20.410,19.830,18.800,3224489,63427056
2015-10-12,22.610,24.560,24.000,22.610,5046483,119322568
2015-10-09,22.700,23.000,22.750,22.160,2419522,54583704
2015-10-08,23.600,23.600,22.790,22.500,3497869,79733232
2015-11-20,32.360,35.620,35.620,32.360,6724321,228935424
2015-11-19,31.010,32.880,32.380,30.700,2995940,95193584
2015-11-18,31.900,33.250,30.990,30.500,3134398,99697128
2015-11-17,32.960,34.000,32.000,31.260,6839321,225650448
2015-11-16,29.030,33.110,32.150,29.000,5779272,180500704
2015-11-13,31.350,31.670,30.100,29.000,4262232,130151880
2015-11-12,30.390,31.920,31.300,30.100,4762179,147950784
2015-11-11,30.110,30.740,30.330,29.550,3680903,110589880
2015-11-10,29.350,31.000,30.330,29.000,4635711,137741424
2015-11-09,29.250,31.280,29.150,28.500,9928311,291949472
2015-11-06,25.600,28.550,28.550,25.600,7312516,197792864
2015-11-05,26.000,26.480,25.950,25.500,8858355,230329536
2015-11-04,25.020,26.600,26.000,25.000,8566174,222804832
2015-11-03,25.690,25.750,25.010,24.820,2530028,64031552
2015-11-02,25.950,26.800,25.300,25.000,5235969,136698800
2015-10-30,25.030,27.100,26.680,24.700,4264944,110642984
2015-10-29,25.500,25.880,25.150,24.450,3172414,79848248
2015-10-28,24.610,26.230,25.120,24.530,4862429,123088872
2015-10-27,24.510,25.150,24.610,23.900,3521043,86598184
2015-10-26,23.490,25.830,25.150,23.320,7244085,178778032
2015-10-23,23.500,24.200,23.500,22.800,5647694,132066872
2015-10-22,22.850,23.800,23.510,22.650,3017696,69993512
2015-10-21,24.660,25.240,22.800,22.520,4072953,98950648
2015-10-20,25.010,25.100,24.750,24.410,2485109,61251804
2015-10-19,24.980,25.600,25.030,24.400,2984671,74508768
2015-10-16,25.200,25.790,25.300,24.080,3957137,98586592
2015-10-15,23.080,25.390,24.800,23.080,5214093,126946136
2015-10-14,24.320,24.390,23.350,23.230,3447485,81655368
2015-10-13,23.880,24.770,24.320,23.600,3460069,83364496
