#date, start price, highest price, close price, lowest price, deal number, deal amount
2015-03-31,28.460,28.900,28.280,27.770,7622464,214737408
2015-03-30,29.000,29.300,28.480,28.260,5456504,156495488
2015-03-27,28.100,28.870,28.750,27.760,5277571,149178240
2015-03-26,29.300,29.400,28.240,28.050,10104545,289451616
2015-03-25,27.950,30.220,29.500,27.580,12770143,373345184
2015-03-24,28.950,28.950,28.220,26.820,10371390,290546528
2015-03-23,27.590,29.140,29.000,27.340,12031784,342086880
2015-03-20,27.200,27.890,27.410,26.960,7762443,212878752
2015-03-19,26.860,27.480,27.100,26.510,8586383,231514272
2015-03-18,26.830,26.940,26.850,26.480,6938524,185206000
2015-03-17,26.250,27.500,26.840,26.040,8680679,231696592
2015-03-16,25.760,26.380,26.240,25.700,6402656,166886384
2015-03-13,25.460,25.780,25.720,25.110,4270554,108955616
2015-03-12,26.150,26.450,25.350,24.990,5631444,143734480
2015-03-11,25.590,26.610,26.190,25.330,7002516,182525792
2015-03-10,24.550,25.950,25.650,24.550,5290954,134044448
2015-03-09,24.410,24.670,24.600,23.990,3479581,85162472
2015-03-06,25.400,25.500,24.510,24.430,4084354,101465168
2015-03-05,25.600,26.150,25.400,24.700,5952026,151265264
2015-03-04,25.160,26.000,25.960,25.160,5067524,129747432
2015-03-03,25.020,25.950,25.210,24.890,8397155,213563616
2015-03-02,24.640,25.250,25.210,24.170,8313055,206130224
2015-02-27,23.930,24.520,24.490,23.800,4926050,119481568
2015-02-26,23.810,24.230,23.980,23.810,3084382,73880376
2015-02-25,24.100,24.240,23.990,23.700,2291936,54946344
2015-02-17,24.720,24.720,24.280,24.100,3116061,75635104
2015-02-16,24.180,24.650,24.650,24.000,3812095,92652840
2015-02-13,24.050,24.460,24.160,23.840,3250118,78536400
2015-02-12,23.850,24.200,23.930,23.700,2639006,63208848
2015-02-11,23.300,24.240,23.780,23.260,3370437,80283192
2015-02-10,23.200,23.500,23.300,22.630,2699541,62134364
2015-02-09,23.300,23.740,23.180,23.010,2410797,56402360
2015-02-06,23.860,24.180,23.400,23.260,2498800,59055816
2015-02-05,24.300,24.500,24.000,23.880,4003532,96964680
2015-02-04,24.310,24.700,24.350,23.410,7833730,188740864
2015-02-03,25.330,26.260,24.700,24.630,11504770,291786016
2015-02-02,24.800,25.580,24.700,24.320,3615433,90270072
2015-01-30,25.480,25.480,25.000,24.680,3204862,80141088
2015-01-29,24.990,25.950,25.640,24.630,5916348,149599360
2015-01-28,25.070,26.190,25.250,24.660,11867643,300647008
2015-01-27,22.530,24.780,24.780,22.410,10585233,253671152
2015-01-26,22.180,22.800,22.530,22.180,2696174,60668544
2015-01-23,22.640,22.780,22.020,21.900,2779255,61821008
2015-01-22,22.810,22.850,22.640,22.240,3372393,76041064
2015-01-21,21.550,22.800,22.530,21.500,7050625,156450704
2015-01-20,20.300,21.270,21.270,20.300,4274298,89087576
2015-01-19,20.840,21.000,20.300,20.000,4243097,87600384
2015-01-16,20.890,21.220,21.150,20.740,1863901,39113428
2015-01-15,20.870,21.230,20.990,20.630,1619836,34139876
2015-01-14,20.690,21.270,20.820,20.640,2464205,51744732
2015-01-13,20.230,20.750,20.650,20.120,1685894,34601744
2015-01-12,21.000,21.000,20.250,20.250,1338156,27321632
2015-01-09,21.020,21.260,21.020,20.860,1526667,32197046
2015-01-08,21.230,21.250,21.020,20.750,1487629,31250546
2015-01-07,21.600,21.620,21.230,21.150,1437113,30618928
2015-01-06,20.600,21.750,21.590,20.600,2981805,63251272
2015-01-05,20.600,20.870,20.830,20.350,1687281,34989596
2015-06-12,20.410,21.240,20.900,20.180,23319640,482420960
2015-06-11,20.500,20.500,20.430,20.000,16169777,327403296
2015-06-10,19.550,20.380,20.090,19.360,16690936,332964032
2015-06-09,19.660,19.980,19.530,19.160,13139884,258299488
2015-06-08,20.900,20.900,19.670,19.400,23618040,471859040
2015-06-05,20.910,21.320,20.920,20.200,24033586,501762816
2015-06-04,21.570,21.570,20.790,19.470,23675408,486395232
2015-06-03,21.450,22.280,21.630,21.000,31596648,686324096
2015-06-02,20.540,21.570,21.440,20.540,26097752,552194304
2015-06-01,19.340,20.500,20.500,19.340,21315896,426990112
2015-05-29,19.260,20.400,19.330,17.660,27729844,539174336
2015-05-28,20.600,21.980,19.520,19.500,35303008,741374208
2015-05-27,21.100,21.300,20.600,20.090,28657228,590673280
2015-05-26,20.310,21.130,21.100,20.130,34661920,718925952
2015-05-25,18.800,20.670,20.240,18.000,38535844,757085120
2015-05-22,19.900,20.780,19.180,18.910,48807792,956031808
2015-05-21,17.250,18.890,18.890,17.250,29266728,534505600
2015-05-20,16.800,17.770,17.170,16.630,32221610,561492096
2015-05-19,16.540,16.850,16.800,15.990,25995980,426770624
2015-05-18,15.600,16.650,16.490,15.510,27055024,436903936
2015-05-15,16.010,16.290,15.500,15.480,19306628,302400480
2015-05-14,33.250,33.720,32.700,32.300,10744777,352171200
2015-05-13,31.900,34.040,33.080,31.550,15688187,516578816
2015-05-12,31.990,32.550,31.990,31.360,12517910,399752448
2015-05-11,30.800,31.920,31.760,30.600,12327684,386825984
2015-05-08,29.750,30.500,30.500,29.510,10089744,303136288
2015-05-07,28.960,29.230,29.040,28.180,5920009,170547232
2015-05-06,29.370,30.200,28.970,28.200,7844084,231663024
2015-05-05,30.270,30.570,29.500,29.000,6637029,199540128
2015-05-04,30.380,30.730,30.260,29.820,6110696,184638560
2015-04-30,30.000,30.950,30.450,29.860,8527510,259887472
2015-04-29,29.560,30.210,29.860,28.700,9462452,279474432
2015-04-28,31.000,31.250,29.560,29.000,11095160,330014208
2015-04-27,31.310,31.870,30.980,30.870,12471313,390323424
2015-04-24,30.570,31.330,31.270,30.270,13208066,407375264
2015-04-23,31.990,32.100,30.500,30.430,23423180,726962496
2015-04-22,31.600,32.230,31.690,31.500,15680146,498682336
2015-04-21,30.300,32.280,32.130,29.600,21517962,663709760
2015-04-20,35.300,35.300,32.430,32.430,16569200,545047168
2015-04-17,35.790,36.550,36.030,34.960,8010345,286841280
2015-04-16,33.000,37.380,35.770,33.000,11712415,417347040
2015-04-15,34.300,35.500,33.980,33.010,11620081,397163808
2015-04-14,33.690,36.300,34.880,33.330,18253784,638273728
2015-04-13,30.690,33.750,33.750,30.000,19595954,635883392
2015-04-10,29.600,30.980,30.680,29.300,9945688,300446784
2015-04-09,29.990,30.600,29.700,28.420,8475258,248932240
2015-04-08,31.360,32.600,30.340,29.910,13313996,413149856
2015-04-07,30.510,31.430,31.350,30.100,11956322,368594304
2015-04-03,29.130,30.510,30.490,28.850,16574132,496777824
2015-04-02,28.990,30.200,29.440,28.700,12270356,360462400
2015-04-01,28.300,29.090,28.990,28.200,7667433,220551360
2015-09-30,11.000,11.220,10.950,10.900,13404690,147947936
2015-09-29,11.010,11.190,10.880,10.780,18523970,202976000
2015-09-28,11.050,11.450,11.340,11.050,17750188,200751072
2015-09-25,12.410,12.440,11.200,11.170,37788156,442069024
2015-09-24,12.500,12.850,12.410,12.200,44721676,558115712
2015-09-23,12.570,13.130,12.560,12.560,81262512,1032020288
2015-09-22,12.350,14.980,13.950,12.350,111344040,1409597440
2015-09-21,13.720,13.720,13.720,13.720,606100,8315692
2015-09-18,15.240,15.240,15.240,15.240,200800,3060192
2015-09-17,16.930,16.930,16.930,16.930,215700,3651801
2015-09-16,18.810,18.810,18.810,18.810,225600,4243536
2015-10-12,11.450,12.230,12.100,11.380,32803848,389407168
2015-10-09,11.410,11.460,11.360,11.230,16888280,191790336
2015-10-08,11.300,11.570,11.400,11.030,20916796,237611456
2015-11-20,14.390,14.570,14.500,14.280,28172832,406705536
2015-11-19,13.700,14.350,14.320,13.650,22866306,321466912
2015-11-18,14.240,14.390,13.730,13.660,23984868,337269088
2015-11-17,14.430,14.750,14.280,14.160,49645768,714480640
2015-11-16,14.970,14.970,14.570,14.290,67750368,996885696
2015-11-13,13.910,14.150,13.610,13.250,26898000,368747360
2015-11-12,13.830,14.480,14.190,13.710,33891072,476151776
2015-11-11,13.640,14.090,13.890,13.610,29815460,412255456
2015-11-10,13.010,14.120,13.880,12.930,43211760,583120960
2015-11-09,12.970,13.400,13.160,12.680,35380460,460990912
2015-11-06,12.800,13.150,13.120,12.720,34966384,455276832
2015-11-05,12.770,12.860,12.830,12.370,32548250,410925920
2015-11-04,12.140,12.680,12.680,12.100,27798352,346371392
2015-11-03,11.850,12.340,12.130,11.480,19376052,230470560
2015-11-02,12.120,12.330,11.880,11.830,13418768,161614176
2015-10-30,12.650,12.650,12.340,12.170,17142838,213077600
2015-10-29,12.560,12.940,12.700,12.320,25036992,315596640
2015-10-28,12.300,13.090,12.480,12.150,35363568,448189408
2015-10-27,12.300,12.440,12.310,11.470,24981660,299253888
2015-10-26,12.550,12.550,12.380,12.180,25182480,311329536
2015-10-23,11.950,12.450,12.380,11.920,23312192,284824256
2015-10-22,11.610,12.050,11.950,11.230,24365784,285735904
2015-10-21,12.950,13.030,11.740,11.740,34491436,428501664
2015-10-20,12.550,13.180,13.040,12.400,34760504,444448832
2015-10-19,12.290,12.800,12.560,12.210,33327452,416290816
2015-10-16,12.360,12.590,12.260,12.080,28474854,350167104
2015-10-15,11.820,12.290,12.250,11.780,24301486,294139936
2015-10-14,12.150,12.280,11.880,11.810,21097756,252972240
2015-10-13,12.000,12.280,12.190,11.850,25865956,312200672
