#date, start price, highest price, close price, lowest price, deal number, deal amount
2015-03-24,42.360,44.680,44.600,41.010,10842614,463207200
2015-03-23,38.930,41.500,41.070,38.410,8729189,352424064
2015-03-20,37.290,39.170,38.590,37.050,6806239,261328496
2015-03-19,38.000,38.340,37.700,36.750,7991330,299916960
2015-03-18,38.180,39.820,38.620,37.950,5596235,217267936
2015-03-17,38.200,39.750,38.690,37.300,7701419,295714112
2015-03-16,36.010,39.380,38.680,35.590,7887343,295306048
2015-03-13,35.200,36.750,36.570,33.700,6813030,236433296
2015-03-12,37.660,37.660,35.180,34.380,8096449,286879392
2015-03-11,37.010,38.870,38.200,36.000,5941980,223022736
2015-03-10,32.790,36.300,36.300,32.520,5923314,207456064
2015-03-09,31.900,33.760,33.000,31.110,5367153,174356400
2015-03-06,32.500,34.300,32.000,31.550,7258590,239441984
2015-03-05,32.980,33.550,32.600,32.370,4041819,133243616
2015-03-04,32.700,34.290,33.660,31.690,6722795,222343312
2015-03-03,32.900,34.790,32.400,31.180,10045637,330214208
2015-03-02,29.000,31.860,31.860,29.000,7959923,247164256
2015-02-27,26.340,28.960,28.960,25.700,9081386,247192256
2015-02-26,27.700,28.200,26.330,26.100,5885278,156985680
2015-02-25,27.720,28.400,27.970,27.230,2187321,60684512
2015-02-17,27.530,28.300,28.200,26.380,5089397,140977792
2015-02-16,25.000,28.880,27.340,24.800,7125417,195214240
2015-02-13,25.000,27.000,27.000,24.700,10256323,266813616
2015-02-12,23.010,25.300,24.760,23.000,6120212,149362848
2015-02-11,22.300,23.030,23.000,22.300,2397762,54561824
2015-02-10,21.570,22.600,22.540,21.300,2345733,52125176
2015-02-09,21.450,21.690,21.570,21.000,1267332,27063654
2015-02-06,22.000,22.320,21.470,21.000,3017992,64499428
2015-02-05,22.080,22.850,22.050,22.000,3396409,76050592
2015-02-04,22.110,22.300,22.220,21.870,3650166,80958656
2015-02-03,21.330,22.300,22.040,21.330,5457810,119935536
2015-02-02,20.990,21.760,21.200,20.400,2870732,60467884
2015-01-30,22.000,22.080,21.120,20.330,6735232,143999472
2015-01-29,20.300,20.300,20.210,19.880,1732155,34869040
2015-01-28,20.280,20.530,20.250,20.060,2977250,60765656
2015-01-27,19.820,20.450,20.300,19.800,3194371,64680528
2015-01-26,19.800,20.090,20.000,19.630,2244436,44638940
2015-01-23,20.420,20.500,19.800,19.590,4851276,97079888
2015-01-22,20.000,20.430,20.430,19.750,4155158,83535856
2015-01-21,20.200,20.380,20.000,19.870,4025012,80544064
2015-01-20,19.100,20.200,20.200,19.100,4567154,90288496
2015-01-19,19.350,19.890,18.950,18.000,2791379,53939436
2015-01-16,19.740,19.940,19.710,19.450,3696248,72708336
2015-01-15,19.330,19.870,19.200,19.100,3324085,64697556
2015-01-14,18.860,19.970,19.200,18.860,5783512,113039856
2015-01-13,18.840,19.020,18.860,18.650,2095765,39584600
2015-01-12,17.990,19.300,18.820,17.810,5312663,99849808
2015-01-09,17.620,18.500,17.970,17.610,4054608,73726568
2015-01-08,17.480,17.880,17.610,17.340,2938431,52046204
2015-01-07,17.630,17.900,17.320,17.110,1988774,34609860
2015-01-06,16.880,17.580,17.360,16.650,2840638,49036360
2015-01-05,16.590,17.000,16.870,15.860,3845481,63656784
2015-06-30,24.920,29.770,28.580,24.920,12490720,334389280
2015-06-29,30.980,31.180,27.690,27.690,6186241,173873648
2015-06-26,33.010,33.020,30.770,30.770,10396819,323181888
2015-06-25,36.600,36.800,34.190,33.600,6416770,225476336
2015-06-24,35.600,36.940,36.270,35.600,6904391,249482128
2015-06-23,34.920,36.800,35.380,32.800,9679751,341900704
2015-06-19,36.960,37.510,34.910,33.480,12946449,462013824
2015-06-18,35.650,37.950,37.200,34.710,14051640,520710240
2015-06-17,34.720,36.660,35.500,31.500,11783110,405367360
2015-06-16,37.200,37.990,34.740,34.740,12301576,442196480
2015-06-15,39.280,40.600,38.600,37.500,13618458,529152992
2015-06-12,38.200,39.500,38.900,38.160,12430824,484122784
2015-06-11,38.220,38.490,38.200,37.300,8438417,318775008
2015-06-10,38.080,39.080,38.200,37.000,8899350,341052704
2015-06-09,37.820,39.520,38.980,36.800,12012107,454441504
2015-06-08,39.000,40.200,37.790,37.160,12589983,483234944
2015-06-05,38.980,40.550,38.780,37.810,8705958,341605984
2015-06-04,40.300,40.300,38.900,36.470,11208284,431759264
2015-06-03,42.500,42.820,40.520,39.090,12438986,506572096
2015-06-02,38.300,42.010,41.980,38.300,15852132,636317888
2015-06-01,35.530,38.620,38.280,35.530,11494590,432481184
2015-05-29,34.630,36.200,35.430,32.000,11037622,386443232
2015-05-28,38.090,38.090,34.630,34.510,12910094,474480768
2015-05-27,39.470,39.870,38.200,37.500,12075080,463613504
2015-05-26,37.200,40.000,39.410,37.200,14617450,566064576
2015-05-25,36.600,38.500,37.210,35.070,15539170,574769024
2015-05-22,41.300,41.300,38.050,37.110,18542218,709611136
2015-05-21,41.000,42.150,40.400,38.880,19339512,789091776
2015-05-20,35.990,38.320,38.320,35.500,7830257,293356000
2015-05-19,33.000,34.840,34.840,31.670,15970560,533329824
2015-05-18,59.000,63.360,63.360,57.600,7214537,445844128
2015-05-15,55.770,58.780,57.600,53.300,4694400,264421056
2015-05-14,58.000,59.890,56.370,55.660,4581041,261951872
2015-05-13,58.500,62.200,57.990,56.300,7089614,424134688
2015-05-12,55.000,59.460,58.770,54.200,6701308,379078528
2015-05-11,50.880,55.330,54.800,50.430,7142747,384242432
2015-05-08,52.950,52.980,50.300,49.610,4514487,229865104
2015-05-07,48.980,52.300,51.150,48.600,3264141,164171984
2015-05-06,50.780,52.660,50.000,49.750,4480634,228539536
2015-05-05,54.000,54.040,50.780,49.500,7557484,388699520
2015-05-04,56.020,56.760,54.610,53.800,3957774,218607984
2015-04-30,54.090,58.690,56.900,52.490,6031714,337707552
2015-04-29,52.250,55.000,54.050,52.000,3889540,209092464
2015-04-28,55.890,56.000,53.260,51.840,5579842,300990752
2015-04-27,55.100,60.090,56.450,55.100,6142699,355203872
2015-04-24,51.300,57.610,55.000,49.280,8155587,425474720
2015-04-23,54.350,54.880,52.590,51.700,7773725,410852736
2015-04-22,53.000,54.310,54.310,50.780,10209896,535944704
2015-04-21,47.460,49.370,49.370,46.300,7434115,360152032
2015-04-20,51.980,51.980,44.880,44.210,15278200,748224320
2015-04-17,49.060,49.060,49.060,49.060,377028,18496994
2015-08-14,24.510,25.800,25.270,24.010,13763052,343671840
2015-08-13,23.120,24.500,24.390,23.000,9568991,226682560
2015-08-12,24.670,25.250,23.050,22.700,11960707,288253888
2015-08-11,24.700,25.660,25.070,24.180,10615431,265845552
2015-08-10,23.490,25.700,24.750,23.490,13292442,326681184
2015-08-07,21.960,23.660,23.550,21.550,18953252,431618752
2015-08-06,19.600,22.110,21.510,19.530,13926591,297562016
2015-08-05,20.250,21.850,20.350,20.150,16423896,344607360
2015-08-04,18.550,19.860,19.860,18.020,13973880,265155568
2015-08-03,19.000,19.780,18.050,17.940,15185871,283858880
2015-07-31,20.500,20.890,19.930,19.500,9387822,190387392
2015-07-30,22.420,23.010,20.960,20.940,11755304,261312304
2015-07-29,22.600,23.090,23.000,20.000,18338272,390016480
2015-07-28,22.050,24.800,22.020,22.020,14930194,335883424
2015-07-27,26.060,27.990,24.470,24.470,14954128,390201728
2015-07-24,25.800,28.130,27.190,25.340,17470588,469891904
2015-07-23,24.340,25.880,25.570,23.750,12616967,313416672
2015-07-22,24.150,24.780,24.140,23.380,10213051,245783904
2015-07-21,24.420,24.850,24.070,23.300,12855536,311839360
2015-07-20,23.000,24.390,24.390,22.450,15199397,359895360
2015-07-17,21.250,22.170,22.170,20.250,15446079,337559360
2015-07-16,19.100,20.900,20.150,17.190,16933252,328826048
2015-07-15,22.700,22.700,19.100,19.000,25652344,545759424
2015-07-14,20.640,20.640,20.640,20.640,409102,8443865
2015-07-06,22.590,22.590,18.760,18.760,16681447,333893184
2015-07-03,20.840,23.150,20.840,20.840,15112332,319326528
2015-07-02,24.980,24.980,23.150,23.150,10630619,248416064
2015-07-01,27.800,29.090,25.720,25.720,11330536,311439072
2015-08-17,25.310,26.650,26.120,24.400,12507860,318887872
2015-08-18,25.820,25.910,23.510,23.510,9529620,236511344
2015-08-20,23.180,24.290,23.070,22.400,7305989,170940880
2015-08-19,22.000,24.200,23.570,21.460,9002967,205406160
2015-09-14,17.830,17.980,15.860,15.860,6789608,111716184
2015-09-11,17.490,17.900,17.620,17.300,3986010,69880656
2015-09-10,17.130,17.970,17.410,17.000,5887852,103682704
2015-09-09,16.780,17.660,17.650,16.750,7410153,127789728
2015-09-08,15.400,16.740,16.540,15.170,4222612,67130560
2015-09-07,15.220,16.180,15.510,15.210,6963436,108758752
2015-09-02,14.850,16.500,14.710,14.510,8060816,122297656
2015-09-01,17.490,17.490,16.020,16.020,4890306,80104448
2015-08-31,18.660,18.790,17.800,17.670,7739905,140484448
2015-08-28,17.200,18.660,18.660,17.200,7347477,132488856
2015-08-27,16.600,16.970,16.960,15.700,6521574,107421616
2015-08-26,16.880,17.550,16.050,15.150,10554580,175567840
2015-08-25,16.810,17.690,16.810,16.810,9830196,166275344
2015-08-24,19.000,19.360,18.680,18.680,4746900,89021448
2015-08-21,22.740,22.990,20.760,20.760,12707470,273632480
2015-09-30,19.080,19.100,18.530,18.160,6918226,128621032
2015-09-29,17.900,19.160,18.580,17.710,14322173,268178336
2015-09-28,17.740,18.660,18.510,17.450,10982726,199700336
2015-09-25,18.400,19.560,18.150,17.030,18160684,330330880
2015-09-24,19.430,19.430,18.920,18.300,25000740,472428384
2015-09-23,18.400,20.310,18.930,17.880,30122128,572370624
2015-09-22,17.500,18.460,18.460,17.300,18502368,332938432
2015-09-21,15.000,16.780,16.780,14.880,11200381,183188912
2015-09-18,15.200,15.420,15.250,15.000,5138326,78030136
2015-09-17,15.800,16.350,15.110,15.000,9341356,145782288
2015-09-16,14.380,15.700,15.670,14.010,7045240,104406744
2015-09-15,15.200,15.490,14.270,14.270,6189576,91264392
2015-10-09,21.000,21.830,21.400,20.390,19572648,414530496
2015-10-08,19.530,20.380,20.380,19.150,9117755,183200640
2015-11-20,31.900,32.900,31.990,31.180,14258539,454550400
2015-11-19,31.280,32.600,31.940,30.400,15263821,479634624
2015-11-18,32.200,32.880,31.280,31.150,14306892,459086080
2015-11-17,32.450,33.200,31.060,30.760,11551756,367785568
2015-11-16,30.710,32.280,31.960,30.710,11448043,360656640
2015-11-13,32.580,35.000,32.520,31.620,21784928,728224704
2015-11-12,32.700,35.770,33.530,32.700,25858892,886059648
2015-11-11,29.880,32.620,32.600,29.210,21086552,656804928
2015-11-10,28.700,31.100,29.900,28.000,21016454,630846016
2015-11-09,26.980,29.560,28.850,26.610,18764428,527755392
2015-11-06,27.070,27.700,27.350,26.900,12041331,328947936
2015-11-05,28.100,28.320,27.150,26.400,14982026,409066720
2015-11-04,26.070,28.420,28.040,26.070,14091739,384889632
2015-11-03,27.300,27.390,26.000,25.820,10805823,284166592
2015-11-02,27.000,27.930,26.660,26.300,14375906,386723296
2015-10-30,28.010,29.500,28.090,27.500,14187047,404233888
2015-10-29,28.280,28.600,27.850,26.950,12202720,337984544
2015-10-28,28.700,30.500,27.950,27.800,16455903,480902848
2015-10-27,28.900,31.260,29.150,27.550,25437672,738944320
2015-10-26,28.270,30.390,30.390,26.500,27831198,780904064
2015-10-23,26.250,28.590,27.630,26.250,26765676,734581568
2015-10-22,23.300,26.190,26.170,23.300,24442424,611497280
2015-10-21,25.890,27.500,23.810,23.810,27328976,702302400
2015-10-20,27.480,27.480,26.450,25.680,35685108,948257344
2015-10-19,25.890,25.890,25.890,25.890,1885548,48816836
2015-10-16,23.540,23.540,23.540,23.540,1930239,45437828
