#date, start price, highest price, close price, lowest price, deal number, deal amount
2015-03-31,16.230,16.990,16.660,16.160,8710693,144060048
2015-03-30,16.040,16.380,16.220,15.950,6072958,98526992
2015-03-27,15.920,16.160,16.010,15.830,6909583,110443784
2015-03-26,16.550,16.550,16.250,15.900,7066903,114916856
2015-03-25,15.790,16.650,16.570,15.620,9837967,159256688
2015-03-24,16.230,16.280,15.800,15.350,8304819,131561032
2015-03-23,16.200,16.400,16.300,15.920,6718313,108250824
2015-03-20,15.720,15.990,15.920,15.620,5760988,91088288
2015-03-19,15.510,15.810,15.770,15.330,5989508,93242864
2015-03-18,14.870,15.500,15.460,14.850,7285763,111756784
2015-03-17,14.900,15.190,14.910,14.780,7005514,105242344
2015-03-16,14.590,14.940,14.850,14.570,6197373,91649080
2015-03-13,14.300,14.540,14.470,14.300,2943365,42443764
2015-03-12,14.430,14.580,14.280,14.210,3392513,48778440
2015-03-11,14.720,14.750,14.380,14.340,3312827,47988424
2015-03-10,14.540,14.890,14.690,14.540,4632965,68268912
2015-03-09,14.420,14.600,14.540,14.200,3392035,48986184
2015-03-06,14.690,14.720,14.440,14.320,6202813,89788912
2015-03-05,14.150,14.810,14.680,14.150,11002499,160036112
2015-03-04,13.880,14.280,14.150,13.870,6161602,86838656
2015-03-03,14.230,14.230,13.870,13.870,7512336,105633384
2015-03-02,14.090,14.380,14.330,13.970,6456730,91691560
2015-02-27,14.100,14.280,14.100,13.870,6568139,91852760
2015-02-26,14.230,14.430,14.210,14.050,2959809,41944116
2015-02-25,14.480,14.500,14.370,14.110,3093925,44262012
2015-02-17,13.950,14.490,14.460,13.750,6009263,85016712
2015-02-16,13.680,13.910,13.910,13.600,3585596,49515400
2015-02-13,13.890,13.940,13.710,13.690,4144353,57177300
2015-02-12,13.270,13.750,13.690,13.230,6350838,86478784
2015-02-11,12.860,13.330,13.260,12.760,2916893,38245224
2015-02-10,12.860,12.950,12.800,12.640,2234892,28453682
2015-02-09,12.920,12.980,12.800,12.680,1788519,22889002
2015-02-06,13.180,13.240,12.860,12.690,2546023,33095052
2015-02-05,13.470,13.540,13.210,13.180,3578724,47798432
2015-02-04,13.560,13.690,13.410,13.290,3321476,44552848
2015-02-03,13.070,13.680,13.520,13.070,4043796,54430648
2015-02-02,12.990,13.250,13.070,12.910,2142623,28130504
2015-01-30,13.150,13.320,13.160,12.900,3073145,40472220
2015-01-29,13.450,13.590,13.100,13.030,4857770,64301432
2015-01-28,13.570,13.700,13.500,13.440,2423309,32930174
2015-01-27,13.750,13.810,13.580,13.320,3910267,53165676
2015-01-26,13.330,13.880,13.750,13.310,4878653,66688080
2015-01-23,13.410,13.600,13.360,13.290,4339412,58173356
2015-01-22,13.300,13.470,13.340,13.230,4405419,58911456
2015-01-21,13.390,13.700,13.370,13.160,7855539,104859664
2015-01-20,12.440,13.380,13.370,12.440,8402908,109348744
2015-01-19,12.350,12.870,12.410,12.180,4473558,56459104
2015-01-16,12.420,12.580,12.580,12.310,2837497,35390464
2015-01-15,12.270,12.490,12.450,12.200,2713479,33581568
2015-01-14,12.200,12.400,12.270,12.120,2813431,34530044
2015-01-13,11.800,12.250,12.230,11.800,1948062,23450810
2015-01-12,12.040,12.070,11.840,11.770,2141925,25382574
2015-01-09,12.100,12.260,12.060,12.030,2665919,32414712
2015-01-08,12.240,12.340,12.100,12.070,2684825,32759878
2015-01-07,12.510,12.510,12.240,12.200,2638107,32481116
2015-01-06,12.290,12.550,12.510,12.130,4565880,56405644
2015-01-05,12.020,12.290,12.260,11.860,1841281,22302258
2015-06-30,19.030,20.760,20.200,17.780,16316936,317242080
2015-06-29,22.500,22.880,19.760,19.760,7929421,163203984
2015-06-26,23.550,23.550,21.960,21.960,8242080,185476800
2015-06-25,26.730,26.940,24.400,24.100,7169864,184754560
2015-06-24,26.680,27.500,26.700,25.500,13742081,363266688
2015-06-23,26.250,26.700,26.150,24.000,6442832,163813840
2015-06-19,28.550,28.590,26.350,26.340,5911884,163189616
2015-06-18,30.750,31.800,29.270,28.970,7901651,241095632
2015-06-17,30.500,30.940,30.340,28.530,7013723,208051360
2015-06-16,32.000,32.780,29.900,29.810,9066466,278733888
2015-06-15,32.080,34.600,33.000,32.070,10343327,345010880
2015-06-12,30.300,32.780,31.640,30.100,9771517,310653472
2015-06-11,30.420,30.620,30.430,29.500,6430486,192988960
2015-06-10,29.900,30.950,30.420,29.000,7757182,233659424
2015-06-09,30.990,30.990,29.900,28.700,9122280,270985120
2015-06-08,30.060,32.320,30.990,30.060,10988737,342055200
2015-06-05,29.810,30.550,29.910,28.900,9823981,294252288
2015-06-04,30.930,31.080,29.560,28.080,12702461,371852000
2015-06-03,31.640,32.090,31.200,30.200,11532521,358088448
2015-06-02,30.420,32.980,32.330,30.150,14356333,454988736
2015-06-01,30.520,32.680,31.100,29.200,18401652,570161600
2015-05-29,27.050,29.810,29.810,24.780,24957530,708746624
2015-05-28,26.580,28.000,27.100,26.580,18170038,505954176
2015-05-27,23.220,25.450,25.450,22.940,13326289,323893056
2015-05-26,21.660,23.490,23.140,21.500,12278234,274954656
2015-05-25,21.200,21.790,21.670,21.010,7262204,156063904
2015-05-22,22.000,22.310,21.570,20.600,8994658,193217584
2015-05-21,21.660,22.250,21.890,21.400,7132513,155806976
2015-05-20,20.930,22.300,21.400,20.700,9442268,204583584
2015-05-19,20.200,20.950,20.920,19.670,9790712,199543616
2015-05-18,19.010,20.840,20.230,19.010,11984131,241338624
2015-05-15,18.800,19.500,19.260,18.300,8173680,153635040
2015-05-14,18.800,19.380,19.010,18.640,7940110,151590336
2015-05-13,18.100,19.050,19.020,17.580,11166347,206414896
2015-05-12,17.990,18.800,18.260,17.990,8624559,158112016
2015-05-11,17.550,18.000,17.980,17.310,8750340,155791120
2015-05-08,16.590,17.120,17.110,16.570,4753060,79970512
2015-05-07,16.800,16.800,16.380,16.200,3589563,58952228
2015-05-06,17.260,17.760,16.930,16.850,5081390,88647616
2015-05-05,17.510,17.670,17.190,17.090,4627675,80371128
2015-05-04,17.060,17.700,17.520,16.800,6497057,112281408
2015-04-30,17.030,17.290,17.060,17.000,4329660,74172384
2015-04-29,16.730,17.100,17.020,16.500,5115382,86546624
2015-04-28,17.780,17.780,16.740,16.550,8674702,148532464
2015-04-27,17.730,18.110,17.780,17.650,7444185,132996832
2015-04-24,17.770,17.770,17.730,17.330,6404194,112894824
2015-04-23,18.100,18.250,18.050,17.700,11744975,210716480
2015-04-22,17.810,18.770,18.400,17.810,7448342,136906640
2015-04-21,17.050,17.800,17.800,16.930,6038972,104717888
2015-04-20,17.460,17.540,17.000,16.910,6880032,118067448
2015-04-17,18.220,18.260,17.640,17.500,6808841,120982208
2015-04-16,17.750,18.390,17.920,17.410,6200525,110935408
2015-04-15,19.490,19.490,18.100,18.000,7925593,148904944
2015-04-14,19.530,19.700,19.600,18.780,7659503,147391248
2015-04-13,18.600,19.740,19.490,18.430,9373432,179346880
2015-04-10,17.690,18.550,18.500,17.600,7661479,139006032
2015-04-09,17.900,18.140,17.600,17.010,7923947,138570496
2015-04-08,18.800,18.940,18.130,17.420,8610817,157166048
2015-04-07,18.380,19.090,18.800,18.150,6951259,130520600
2015-04-03,17.800,18.580,18.390,17.620,8725020,159434208
2015-04-02,17.780,18.340,17.880,17.580,10267668,184539040
2015-04-01,16.700,17.860,17.560,16.700,8668800,150644032
2015-08-14,19.280,20.220,19.500,19.230,11669837,230528352
2015-08-13,18.370,19.160,19.130,18.150,8494147,158905040
2015-08-12,18.560,19.150,18.350,18.280,6688030,125557344
2015-08-11,18.950,19.450,18.990,18.640,11384559,216458912
2015-08-10,18.020,19.380,19.160,17.780,15454123,288900160
2015-08-07,16.520,17.880,17.880,16.520,10571238,182325440
2015-08-06,16.010,16.760,16.440,15.800,5642682,92469544
2015-08-05,16.470,17.000,16.460,16.000,10466671,173793200
2015-08-04,14.780,16.240,16.240,14.780,8808297,137991696
2015-08-03,15.600,15.940,14.760,14.540,9056178,136592384
2015-07-31,16.400,16.930,16.150,15.800,12927597,211881344
2015-07-30,17.680,18.340,17.080,16.870,8231360,146424560
2015-07-29,16.850,17.700,17.670,15.930,8800485,145969792
2015-07-28,16.000,17.440,16.200,15.710,10241441,166409824
2015-07-27,18.800,19.780,17.460,17.460,10584568,197698384
2015-07-24,20.300,20.490,19.400,19.180,12501013,250398176
2015-07-23,19.090,20.000,19.800,19.010,10637872,208500896
2015-07-22,19.150,19.340,19.190,18.400,10545893,199243824
2015-07-21,17.600,19.680,19.280,17.110,11948836,222736368
2015-07-20,17.950,18.530,17.950,17.550,10198001,183462848
2015-07-17,16.580,18.090,17.720,16.580,9986977,173930624
2015-07-16,15.600,17.550,16.700,15.090,10804980,177809152
2015-07-15,17.890,18.170,16.770,16.770,7847090,135545040
2015-07-14,18.510,19.980,18.690,17.700,17166558,322968096
2015-07-13,16.900,18.320,18.320,16.900,15955582,284650976
2015-07-10,16.000,16.650,16.650,15.580,5195255,85181576
2015-07-09,13.000,15.140,15.140,13.000,11419525,166395056
2015-07-08,13.760,13.760,13.760,13.760,22354700,307600672
2015-07-07,15.870,15.900,15.290,15.290,3556000,54585960
2015-07-06,20.770,20.770,16.990,16.990,17435050,318415744
2015-07-03,18.000,19.350,18.880,17.150,14123392,256359296
2015-07-02,18.460,19.190,19.060,17.150,20710260,372756352
2015-07-01,20.250,21.350,19.060,18.180,13064474,266950944
2015-08-17,19.680,21.000,20.800,19.440,12246990,247968688
2015-08-18,20.700,20.820,18.720,18.720,12397924,243467824
2015-08-20,18.590,19.990,19.300,18.050,12828365,246092192
2015-08-19,17.600,19.600,19.050,16.870,12165453,218242368
2015-09-14,15.000,15.080,13.200,13.200,10195904,146331296
2015-09-11,14.000,14.670,14.670,13.700,6039179,87253768
2015-09-10,13.420,13.600,13.340,13.130,4230920,56805124
2015-09-09,13.050,13.670,13.630,12.910,7098320,95097216
2015-09-08,11.850,12.990,12.900,11.800,4426457,54355012
2015-09-07,12.010,12.500,11.950,11.000,4992583,60655920
2015-09-02,11.850,12.940,11.720,11.500,5461495,66318488
2015-09-01,13.860,13.860,12.470,12.470,6699744,86493736
2015-08-31,14.790,14.900,13.860,13.820,5679502,81387128
2015-08-28,14.460,15.080,15.030,14.000,8555841,123697168
2015-08-27,13.880,14.290,13.970,12.500,8176229,111387056
2015-08-26,14.490,15.150,13.500,13.060,9552412,135855696
2015-08-25,14.280,14.990,14.280,14.280,6961251,100312432
2015-08-24,16.500,16.670,15.870,15.870,5917451,94691312
2015-08-21,18.900,18.980,17.630,17.500,9666304,177724208
2015-09-30,15.090,15.250,14.600,14.470,8522629,125712144
2015-09-29,14.710,15.750,15.090,14.600,14105941,213823696
2015-09-28,15.200,15.330,15.260,14.580,16569932,249835296
2015-09-25,15.300,15.300,15.300,15.210,18870156,288655968
2015-09-24,13.700,14.070,13.910,13.630,4435597,61469140
2015-09-23,13.670,13.880,13.600,13.490,4944173,67556048
2015-09-22,13.960,14.280,13.920,13.670,8508905,118780064
2015-09-21,13.020,14.180,14.050,12.990,7128156,97400064
2015-09-18,13.190,13.580,13.310,12.900,6321047,83645856
2015-09-17,13.120,13.950,13.000,13.000,8200233,110874496
2015-09-16,12.110,13.310,13.300,12.040,6673953,84445800
2015-09-15,12.440,12.960,12.100,11.880,7552647,92697888
2015-10-12,15.590,16.340,16.080,15.460,10390278,165676128
2015-10-09,15.250,15.500,15.450,15.110,8673056,132851504
2015-10-08,15.160,15.490,15.300,14.880,10120934,154156880
2015-11-20,19.370,19.550,19.190,18.750,9838514,188022736
2015-11-19,18.650,19.500,19.490,18.650,13063268,250481264
2015-11-18,18.090,18.750,18.550,18.020,12212820,224990048
2015-11-17,18.400,18.760,18.140,17.960,9937156,183149520
2015-11-16,17.550,18.300,18.220,17.380,4983238,89140336
2015-11-13,18.100,18.280,17.930,17.810,6194234,111789936
2015-11-12,18.640,18.950,18.320,17.950,9462226,173317360
2015-11-11,18.250,18.770,18.730,18.110,6878616,127492600
2015-11-10,17.800,18.900,18.310,17.770,10556088,194483840
2015-11-09,17.830,18.170,18.020,17.250,11321558,200933968
2015-11-06,17.400,18.000,17.830,17.400,7453182,132317432
2015-11-05,17.730,17.760,17.420,17.210,8363482,146454512
2015-11-04,16.690,17.760,17.750,16.690,10308217,178908768
2015-11-03,16.790,16.970,16.730,16.550,4660030,78079040
2015-11-02,16.600,17.240,16.730,16.520,5813363,98177024
2015-10-30,17.000,17.440,17.020,16.510,6983681,118777456
2015-10-29,17.000,17.180,16.930,16.600,6188492,104854864
2015-10-28,17.200,17.700,16.880,16.810,8920230,154639920
2015-10-27,17.150,17.480,17.400,16.320,10674452,181198912
2015-10-26,17.480,17.790,17.480,17.010,16639920,289213216
2015-10-23,16.470,17.550,17.050,16.470,15090866,255407056
2015-10-22,15.400,16.240,16.100,15.250,8830394,139977056
2015-10-21,16.950,17.470,15.450,15.100,12304201,203963648
2015-10-20,16.160,16.860,16.760,16.160,8335527,138489936
2015-10-19,16.400,16.580,16.350,16.010,7958309,129838432
2015-10-16,16.350,16.510,16.400,15.900,9607413,156182656
2015-10-15,15.590,16.410,16.410,15.590,9269524,149265136
2015-10-14,16.220,16.400,15.700,15.650,8577243,137307504
2015-10-13,15.910,16.500,16.280,15.800,9353112,151440464
