#date, start price, highest price, close price, lowest price, deal number, deal amount
2015-03-31,10.180,10.880,9.760,9.750,44834820,453186560
2015-03-18,9.460,10.300,10.020,9.380,37477140,366304064
2015-03-17,9.300,9.600,9.390,9.180,28552672,268736448
2015-03-16,9.260,9.480,9.290,9.150,30353528,282431392
2015-03-13,8.940,9.280,9.230,8.900,20334812,184588272
2015-03-12,8.860,9.140,8.900,8.830,15258681,136811952
2015-03-11,9.060,9.130,8.870,8.850,17418752,156065040
2015-03-10,9.110,9.280,9.080,8.990,19160544,174189824
2015-03-09,8.890,9.490,9.110,8.760,30574480,280305120
2015-03-06,8.790,9.120,8.950,8.670,29647168,264351904
2015-03-05,8.880,8.950,8.790,8.650,28192898,247674368
2015-03-04,8.360,9.150,8.860,8.150,42586416,367991136
2015-03-03,8.310,8.640,8.330,8.300,26648672,226015840
2015-03-02,8.240,8.450,8.330,8.230,23506538,196094800
2015-02-27,8.260,8.320,8.200,8.150,32833908,269293824
2015-02-26,8.010,8.500,8.320,8.000,34988944,290035840
2015-02-25,7.910,8.070,8.040,7.750,15420924,122416008
2015-02-17,7.890,7.920,7.890,7.840,7724158,60860996
2015-02-16,7.840,7.910,7.860,7.800,9947625,78198576
2015-02-13,7.610,7.880,7.850,7.610,14911808,116077664
2015-02-12,7.570,7.650,7.600,7.550,6009103,45657808
2015-02-11,7.550,7.610,7.570,7.510,4656378,35243012
2015-02-10,7.500,7.570,7.560,7.420,5217079,39087096
2015-02-09,7.460,7.610,7.510,7.450,5805504,43832504
2015-02-06,7.590,7.650,7.460,7.400,8639204,64952288
2015-02-05,7.740,7.850,7.640,7.630,10701992,82837432
2015-02-04,7.820,7.840,7.740,7.720,9363108,72779808
2015-02-03,7.920,8.000,7.830,7.700,13124844,102483760
2015-02-02,8.080,8.280,7.950,7.940,20990552,170240256
2015-01-30,8.050,8.140,8.040,7.920,11758620,94565608
2015-01-29,8.160,8.160,8.020,7.940,11633894,93528232
2015-01-28,8.210,8.280,8.170,8.100,14683188,119969176
2015-01-27,8.010,8.320,8.300,7.980,26230216,214905184
2015-01-26,7.880,8.050,8.020,7.880,14369570,114617872
2015-01-23,8.070,8.070,7.880,7.820,14363696,113607520
2015-01-22,7.730,8.070,8.050,7.680,23074348,182708192
2015-01-21,7.610,7.780,7.730,7.600,11329527,87137928
2015-01-20,7.420,7.640,7.590,7.420,9713363,73052712
2015-01-19,7.700,7.850,7.380,7.320,13551847,103086520
2015-01-16,7.860,7.950,7.840,7.690,11400663,89092216
2015-01-15,7.880,8.000,7.850,7.780,11675112,92091472
2015-01-14,7.680,8.090,7.920,7.600,21109724,165901184
2015-01-13,7.490,7.830,7.820,7.250,21127826,158780336
2015-01-12,7.800,7.820,7.510,7.350,11795567,89005072
2015-01-09,8.020,8.080,7.830,7.800,12837894,101995000
2015-01-08,7.730,8.080,7.980,7.730,20303524,160532720
2015-01-07,7.860,7.930,7.730,7.670,13912595,107757096
2015-01-06,7.690,7.950,7.860,7.580,15188726,118500696
2015-01-05,7.600,7.780,7.740,7.420,12451506,94713816
2015-06-30,11.030,12.640,12.280,10.580,25250378,286688128
2015-06-29,13.500,13.500,11.750,11.750,23620456,294410880
2015-06-26,13.950,14.100,13.050,13.050,20414972,271727712
2015-06-25,15.160,15.430,14.500,14.200,21846408,325973184
2015-06-24,14.880,15.220,14.960,14.200,20122640,298769152
2015-06-23,14.250,14.800,14.670,12.850,20880720,291286240
2015-06-19,15.250,15.790,14.250,14.250,20852268,311000224
2015-06-18,16.140,17.000,15.830,15.800,38684664,635623488
2015-06-17,14.650,15.860,15.850,14.500,32988272,508215936
2015-06-16,15.470,15.590,14.660,14.600,29519590,446571968
2015-06-15,17.000,17.080,15.830,15.780,52472076,854813504
2015-06-12,15.650,16.420,16.420,15.650,38848516,619973376
2015-06-11,14.250,14.960,14.930,14.080,32394214,470779264
2015-06-10,14.100,14.490,14.310,13.800,22730300,322682560
2015-06-09,14.620,14.700,14.250,14.000,18786830,268781696
2015-06-08,14.270,14.850,14.600,14.250,35865588,520787488
2015-06-05,14.170,14.490,14.200,13.850,28059164,397491328
2015-06-04,14.300,14.300,13.980,12.920,25180916,344276864
2015-06-03,14.910,14.910,14.350,13.870,27465448,396620704
2015-06-02,14.450,14.910,14.910,14.150,28975500,420834112
2015-06-01,13.710,14.400,14.320,13.570,27319946,384881728
2015-05-29,13.840,14.300,13.710,12.510,29276484,397205632
2015-05-28,14.820,15.490,13.810,13.770,68535424,1015267968
2015-05-27,13.500,14.680,14.270,13.450,37312800,526231040
2015-05-26,13.100,13.850,13.500,13.080,28428570,382027776
2015-05-25,12.990,13.480,13.220,12.760,33251212,435047072
2015-05-22,12.550,13.290,13.150,12.420,41188592,531260192
2015-05-21,12.060,12.460,12.340,11.770,30893884,373412960
2015-05-20,12.160,12.600,12.080,12.070,27553248,340663488
2015-05-19,11.970,12.180,12.120,11.750,23640044,283976832
2015-05-18,11.790,12.260,11.970,11.690,28799024,346740672
2015-05-15,11.890,12.200,11.910,11.600,33618060,401362624
2015-05-14,11.430,11.700,11.700,11.250,22223044,255657632
2015-05-13,11.450,11.550,11.390,11.220,16489386,187790720
2015-05-12,11.260,11.700,11.560,11.180,22576644,258542496
2015-05-11,10.990,11.200,11.170,10.860,17399270,191591248
2015-05-08,10.620,10.870,10.870,10.510,12493275,133897136
2015-05-07,10.500,10.660,10.470,10.360,9830803,103473984
2015-05-06,10.720,10.970,10.550,10.500,10734463,115680904
2015-05-05,11.130,11.130,10.740,10.600,14890433,162458208
2015-05-04,11.350,11.380,11.180,10.820,18120018,200790624
2015-04-30,11.410,11.500,11.290,11.280,14798002,167993456
2015-04-29,11.250,11.630,11.410,11.200,13449060,153779488
2015-04-28,11.950,11.980,11.290,11.220,20845336,238871712
2015-04-27,12.070,12.330,11.900,11.670,26136712,312740256
2015-04-24,11.510,12.200,12.130,11.210,30441056,355520128
2015-04-23,11.880,12.070,11.720,11.620,19155654,225950160
2015-04-22,11.340,12.180,11.960,11.300,30162956,358783552
2015-04-21,10.850,11.490,11.350,10.750,26525220,297302112
2015-04-20,10.640,11.120,10.870,10.420,23583934,255359280
2015-04-17,10.680,10.970,10.610,10.400,18435328,196987376
2015-04-16,10.480,10.990,10.710,10.250,13210662,140993488
2015-04-15,11.060,11.150,10.570,10.500,15971548,173268624
2015-04-14,11.360,11.450,11.150,11.040,19611132,220075472
2015-04-13,11.180,11.730,11.360,10.900,26430452,299235360
2015-04-10,10.780,11.300,11.150,10.750,27685972,308512736
2015-04-09,10.700,11.130,11.000,10.110,34601928,370785664
2015-04-08,11.070,11.100,10.650,10.400,26051488,280179200
2015-04-07,11.130,11.130,11.060,10.830,32188374,352409120
2015-04-03,11.100,11.250,11.130,10.810,25947482,286559456
2015-04-02,11.000,11.550,11.100,10.600,32587260,359127552
2015-04-01,10.000,10.740,10.740,10.000,37128412,383354400
2015-08-14,11.480,11.550,11.220,11.180,17958096,204122800
2015-08-13,10.980,11.400,11.390,10.900,15617121,174524272
2015-08-12,11.320,11.480,11.040,11.010,21725316,244581792
2015-08-11,11.650,11.780,11.580,11.300,31444130,364293344
2015-08-10,11.330,11.900,11.730,11.060,29946816,341855616
2015-08-07,10.850,11.240,11.150,10.730,20631206,226969616
2015-08-06,10.870,11.080,10.690,10.610,14549297,157698016
2015-08-05,11.100,11.890,11.130,10.800,22632530,255626448
2015-08-04,10.300,11.300,11.260,10.050,26586592,283905184
2015-08-03,10.800,11.770,10.390,10.250,28185748,306302016
2015-07-31,12.370,12.750,11.310,11.120,27252568,326267840
2015-07-30,12.240,13.290,12.350,11.900,42366560,540719040
2015-07-29,12.240,12.580,12.490,11.440,34811088,421144448
2015-07-28,10.510,12.330,12.190,10.190,47970700,536977344
2015-07-27,11.500,12.970,11.320,11.300,53801240,665929600
2015-07-24,12.010,12.500,11.900,11.810,35686196,435413952
2015-07-23,12.200,12.330,12.300,11.650,43195100,520152256
2015-07-22,13.040,13.040,12.180,11.800,70491624,877609344
2015-07-21,11.450,11.850,11.850,11.100,26128372,304715936
2015-07-20,10.000,10.770,10.770,9.890,40320988,428644256
2015-07-17,8.900,9.790,9.790,8.810,44692832,430739616
2015-07-16,8.300,8.980,8.900,7.490,40050244,338194624
2015-07-15,8.810,8.810,8.300,8.280,48634360,419781632
2015-07-14,8.010,8.010,8.010,8.010,1190032,9532156
2015-07-07,7.710,7.710,7.280,7.280,13451420,98957968
2015-07-06,9.700,9.800,8.090,8.090,35758020,310045216
2015-07-03,9.500,9.900,8.990,8.990,17711660,162782016
2015-07-02,11.250,11.490,9.990,9.990,21520184,223754752
2015-07-01,12.290,12.840,11.100,11.100,17897316,220380992
2015-08-17,11.150,11.700,11.690,10.980,28861978,329553504
2015-08-18,11.700,11.780,10.520,10.520,23261228,258341728
2015-08-20,10.470,10.900,10.360,10.330,17285344,183726128
2015-08-19,9.990,10.770,10.690,9.750,28227382,287382816
2015-09-14,8.080,8.250,7.370,7.290,16893388,131385696
2015-09-11,8.050,8.170,8.030,7.870,12634339,100911696
2015-09-10,7.900,8.350,8.040,7.800,18253356,148577840
2015-09-09,7.700,8.100,8.000,7.580,19347932,153066992
2015-09-08,7.030,7.630,7.600,7.010,10629339,77276000
2015-09-07,7.090,7.380,7.150,7.010,12712807,91599880
2015-09-02,7.400,7.770,6.900,6.800,17744968,127446968
2015-09-01,7.910,8.080,7.550,7.400,13552115,105134240
2015-08-31,8.500,8.560,7.900,7.880,17314620,143108464
2015-08-28,8.180,8.750,8.690,8.000,20644604,171045472
2015-08-27,7.790,7.990,7.990,7.450,18912770,147206816
2015-08-26,7.750,8.250,7.430,7.290,21719534,168088144
2015-08-25,7.630,7.880,7.620,7.620,12690955,97356896
2015-08-24,8.960,8.960,8.470,8.470,10116924,86418840
2015-08-21,10.010,10.260,9.410,9.380,16289298,159304112
2015-09-30,8.350,8.440,8.160,8.010,16563816,136708128
2015-09-29,8.500,8.700,8.340,8.290,19751052,166351552
2015-09-28,8.150,8.700,8.670,8.020,23560524,197350752
2015-09-25,8.090,8.200,8.150,7.810,13040382,104791464
2015-09-24,8.140,8.170,8.130,8.000,9497582,76844008
2015-09-23,8.000,8.210,8.060,7.930,9185048,74107224
2015-09-22,8.400,8.460,8.210,8.080,17981990,148583792
2015-09-21,7.730,8.280,8.270,7.730,16205874,131374712
2015-09-18,7.880,7.980,7.890,7.680,10267173,80345712
2015-09-17,8.000,8.300,7.860,7.800,20721428,167215168
2015-09-16,7.430,8.000,8.000,7.360,17870220,137590704
2015-09-15,7.370,7.750,7.270,7.120,13669237,101751664
2015-10-12,9.650,10.160,9.880,9.500,36711476,360463680
2015-10-09,8.600,9.460,9.460,8.510,36883016,335862048
2015-10-08,8.450,8.780,8.600,8.300,22807284,194843728
2015-11-20,10.450,10.880,10.780,10.350,26761580,284392768
2015-11-19,10.290,10.450,10.450,10.220,13295313,137599760
2015-11-18,10.480,10.590,10.290,10.260,13011322,135480704
2015-11-17,10.600,10.880,10.440,10.390,22316360,237626608
2015-11-16,10.300,10.520,10.510,10.130,13706662,141652864
2015-11-13,10.830,10.880,10.500,10.420,20206094,214834400
2015-11-12,10.790,11.150,11.000,10.710,31858726,348994080
2015-11-11,10.700,10.870,10.790,10.500,20082348,214407472
2015-11-10,10.690,10.920,10.750,10.570,22484450,242029936
2015-11-09,10.850,10.870,10.750,10.500,27739168,296667904
2015-11-06,10.750,11.100,10.850,10.680,26936684,293061952
2015-11-05,10.800,11.030,10.790,10.600,41802060,452052992
2015-11-04,10.930,11.090,11.060,10.300,66833092,716820224
2015-11-03,10.010,10.740,10.740,9.850,63232840,657675776
2015-11-02,9.560,10.100,9.760,9.410,23928198,236811472
2015-10-30,9.750,9.890,9.640,9.420,18672784,180184048
2015-10-29,9.840,9.950,9.790,9.680,15427387,151056560
2015-10-28,10.020,10.350,9.730,9.650,25969202,260121856
2015-10-27,10.180,10.180,10.010,9.600,25364052,250676224
2015-10-26,10.000,10.490,10.210,9.810,36257644,368228544
2015-10-23,9.710,9.810,9.790,9.410,22115452,212794368
2015-10-22,9.390,9.730,9.600,9.160,19455332,184434240
2015-10-21,10.250,10.250,9.250,9.250,25730930,251748224
2015-10-20,9.930,10.320,10.280,9.930,27523616,279582976
2015-10-19,10.010,10.080,9.920,9.740,19885666,197509840
2015-10-16,10.000,10.060,10.010,9.590,28921768,285296544
2015-10-15,9.560,9.930,9.880,9.500,19019494,186400800
2015-10-14,10.000,10.270,9.630,9.580,22063954,218476672
2015-10-13,9.770,10.140,9.900,9.660,23966268,236188192
