#date, start price, highest price, close price, lowest price, deal number, deal amount
2015-03-31,15.150,15.270,14.950,14.760,11534334,172387488
2015-03-30,15.350,15.960,15.200,15.170,24364898,374018048
2015-03-27,15.570,15.570,15.360,15.300,9356758,144175776
2015-03-26,15.540,15.800,15.570,15.270,6626308,103207336
2015-03-25,15.500,15.880,15.560,15.330,8723278,135776592
2015-03-24,14.920,15.930,15.760,14.920,12629547,196371408
2015-03-23,14.680,14.900,14.880,14.400,8503093,124595184
2015-03-20,14.840,14.900,14.690,14.600,5611796,82678936
2015-03-19,14.720,14.940,14.840,14.600,6383131,94323600
2015-03-18,14.450,14.820,14.730,14.350,7341180,107733024
2015-03-17,14.540,14.800,14.500,14.170,7229862,104882488
2015-03-16,13.880,14.780,14.450,13.880,9820133,139570720
2015-03-13,13.710,13.980,13.760,13.560,4050468,55615552
2015-03-12,13.990,14.020,13.630,13.580,5959907,81938464
2015-03-11,13.380,13.990,13.900,13.310,9477699,129760128
2015-03-10,13.320,13.690,13.390,13.280,7950986,107174784
2015-03-09,13.060,13.350,13.310,12.830,6276766,82468040
2015-03-06,13.160,13.320,13.060,12.930,5378387,70478512
2015-03-05,12.900,13.160,13.160,12.850,5465846,71087992
2015-03-04,12.820,13.050,12.940,12.730,4262665,55181492
2015-03-03,12.880,13.070,12.820,12.750,5707089,73673224
2015-03-02,12.670,12.990,12.950,12.610,6332573,80976664
2015-02-27,12.720,12.790,12.670,12.600,3653118,46324336
2015-02-26,12.500,12.740,12.720,12.450,4412048,55784832
2015-02-25,12.510,12.600,12.520,12.360,2775154,34672116
2015-02-17,12.640,12.640,12.510,12.490,3861170,48435520
2015-02-16,12.420,12.770,12.640,12.350,3915491,49218752
2015-02-13,12.320,12.490,12.430,12.320,3472047,43183896
2015-02-12,12.300,12.390,12.310,12.200,2128329,26212190
2015-02-11,12.110,12.300,12.300,12.090,1871757,22842300
2015-02-10,11.810,12.150,12.110,11.810,2205582,26493068
2015-02-09,11.830,12.000,11.810,11.760,1716357,20392750
2015-02-06,12.260,12.290,11.860,11.830,2904407,34805716
2015-02-05,12.400,12.480,12.310,12.250,4923324,61031360
2015-02-04,12.410,12.500,12.280,12.260,2392616,29658584
2015-02-03,12.260,12.470,12.420,12.210,2801012,34584952
2015-02-02,12.100,12.280,12.250,11.910,1822445,22171716
2015-01-30,12.280,12.420,12.200,12.020,2963357,36159728
2015-01-29,12.310,12.480,12.390,12.240,3854390,47510024
2015-01-28,12.600,12.690,12.430,12.340,3544238,44270744
2015-01-27,12.480,12.890,12.640,12.420,6021165,75936272
2015-01-26,12.190,12.500,12.480,12.150,4892525,60550440
2015-01-23,12.340,12.420,12.180,12.120,3453724,42245124
2015-01-22,12.200,12.470,12.330,12.130,4542536,55832532
2015-01-21,11.980,12.230,12.190,11.960,4315208,52457280
2015-01-20,11.710,11.980,11.940,11.630,3474499,41158312
2015-01-19,11.900,12.080,11.600,11.480,3987498,46865732
2015-01-16,11.770,12.060,12.010,11.760,4613377,54810276
2015-01-15,11.800,11.850,11.840,11.500,6210283,72542448
2015-01-14,12.650,12.690,11.850,11.320,7381924,88817128
2015-01-13,12.330,12.600,12.580,12.320,2715940,33973932
2015-01-12,12.300,12.380,12.350,12.100,3248279,39797728
2015-01-09,12.510,12.650,12.380,12.380,4161984,52117728
2015-01-08,12.780,12.840,12.510,12.360,6416388,80411088
2015-01-07,12.800,12.990,12.780,12.650,4881530,62535900
2015-01-06,12.600,12.960,12.850,12.410,7352229,93740904
2015-01-05,13.400,13.440,12.840,12.230,14942630,190462368
2015-06-30,15.550,17.300,17.000,14.800,14157502,227491376
2015-06-29,16.670,17.000,16.100,14.860,14827198,236076880
2015-06-26,17.170,17.170,16.500,15.670,15373514,248530576
2015-06-25,18.720,18.840,17.410,17.020,9114045,165018112
2015-06-24,18.500,18.900,18.690,18.210,10142421,187917904
2015-06-23,18.770,18.770,18.200,16.420,9639781,172232400
2015-06-19,20.120,20.120,18.200,18.180,11805572,225281808
2015-06-18,20.990,21.490,20.200,19.910,11293247,236553840
2015-06-17,20.500,21.170,20.930,20.210,9735508,201600336
2015-06-16,20.800,21.390,20.600,19.950,15067192,309960064
2015-06-15,22.230,22.240,20.940,20.860,18831196,402387840
2015-06-12,22.770,22.850,22.180,22.100,21065436,471397984
2015-06-11,21.890,22.820,22.770,21.710,19767156,443620384
2015-06-10,21.660,22.300,21.790,21.200,17449624,379511744
2015-06-09,21.170,21.880,21.770,20.810,18272230,390240704
2015-06-08,21.010,21.420,21.090,20.400,12363307,256782080
2015-06-05,21.000,21.570,21.030,20.510,14395183,304526496
2015-06-04,21.390,21.520,20.920,19.400,15535488,320236032
2015-06-03,21.940,22.450,21.460,21.240,22292014,487080640
2015-06-02,20.900,23.020,22.530,20.330,27320764,575833984
2015-06-01,19.290,21.310,21.120,18.830,22725324,448413984
2015-05-29,18.300,19.470,19.390,16.890,15230579,277570560
2015-05-28,20.590,20.800,18.480,18.450,16447292,323790720
2015-05-27,19.780,20.870,20.500,19.770,12847503,260512496
2015-05-26,19.150,19.890,19.730,19.000,11550930,225249552
2015-05-25,18.890,19.550,19.150,18.610,12321007,234526592
2015-05-22,19.350,19.600,18.930,18.690,13794830,261546288
2015-05-21,18.600,19.400,19.350,18.320,14735150,278019200
2015-05-20,17.300,19.030,18.330,17.160,21145894,387982592
2015-05-19,17.000,17.410,17.300,16.800,10369518,176990960
2015-05-18,16.540,17.430,17.160,16.380,13506932,230016832
2015-05-15,16.420,16.590,16.510,16.100,9241397,151318192
2015-05-14,16.380,16.590,16.360,16.150,8005857,130621200
2015-05-13,16.150,16.650,16.360,16.110,9456488,155159408
2015-05-12,16.270,16.330,16.150,15.910,8236459,132864336
2015-05-11,16.120,16.230,16.230,15.600,8894214,142074320
2015-05-08,15.500,15.900,15.800,15.400,6471740,101386216
2015-05-07,15.560,15.560,15.350,15.150,5804578,89094496
2015-05-06,16.110,16.280,15.340,15.180,10104808,161329456
2015-05-05,17.240,17.240,16.100,15.910,16034902,262696928
2015-05-04,17.150,17.350,17.240,16.810,7945733,136006368
2015-04-30,16.550,17.400,17.400,16.460,9331759,156087856
2015-04-29,16.280,16.880,16.590,16.200,7625029,126594232
2015-04-28,17.300,17.590,16.450,16.000,13744398,229539328
2015-04-27,17.300,18.060,17.380,17.170,13162402,231556064
2015-04-24,16.420,17.410,17.160,16.200,11447051,191756800
2015-04-23,16.470,16.880,16.520,16.360,10251971,170290896
2015-04-22,16.310,16.490,16.410,16.150,10173997,165997296
2015-04-21,15.420,16.040,16.020,15.380,6914095,109192808
2015-04-20,15.800,15.800,15.450,15.230,8568842,132729296
2015-04-17,15.800,16.180,15.810,15.730,8161646,129826688
2015-04-16,15.480,15.990,15.730,15.180,7623497,119359320
2015-04-15,16.610,16.610,15.750,15.700,8357878,134121656
2015-04-14,16.730,17.000,16.610,16.550,8652099,145009312
2015-04-13,16.330,17.060,16.750,16.330,10648775,179718992
2015-04-10,15.870,16.400,16.320,15.500,8002703,129772496
2015-04-09,16.390,16.590,15.880,15.000,11575535,182826480
2015-04-08,16.860,17.050,16.560,16.270,10769855,179136128
2015-04-07,16.750,17.230,16.840,16.490,11601851,195816496
2015-04-03,15.560,17.100,16.740,15.380,14726429,242166704
2015-04-02,15.210,15.570,15.570,15.210,12660770,194986720
2015-04-01,15.030,15.270,15.140,15.030,10939405,165387232
2015-08-14,16.600,16.890,16.350,16.060,9737914,160440272
2015-08-13,15.880,16.480,16.300,15.750,11445490,185169264
2015-08-12,16.520,16.890,16.120,16.000,24498280,402528448
2015-08-11,16.280,17.250,17.250,16.280,29612404,507542848
2015-08-10,15.340,15.900,15.680,15.070,12041828,185798400
2015-08-07,14.960,15.180,15.050,14.820,6536349,98033848
2015-08-06,14.600,15.000,14.820,14.310,4183363,61859916
2015-08-05,15.340,15.340,14.830,14.710,7501730,112695248
2015-08-04,14.530,15.490,15.390,14.340,12674928,189873856
2015-08-03,14.030,14.550,14.540,13.590,11307059,158989408
2015-07-31,13.530,14.350,14.040,13.390,9779041,136275168
2015-07-30,14.000,14.700,13.650,13.650,6731638,95526472
2015-07-29,13.240,14.220,14.190,13.020,9088383,122658856
2015-07-28,12.580,13.400,13.280,11.840,13909445,177104112
2015-07-27,14.200,14.430,13.140,13.140,9363295,130195640
2015-07-24,14.890,15.160,14.600,14.170,11899033,176406960
2015-07-23,14.450,14.960,14.890,14.400,11187128,165181952
2015-07-22,14.310,14.720,14.600,14.000,10350783,149706160
2015-07-21,13.980,14.410,14.210,13.700,8565409,121515488
2015-07-20,14.320,14.750,14.140,13.990,12413025,178170848
2015-07-17,13.700,14.550,14.330,13.510,10868459,153118736
2015-07-16,12.740,13.760,13.490,12.740,12684035,168544000
2015-07-15,14.000,14.000,12.740,12.740,14682555,192650080
2015-07-14,14.550,15.470,14.150,13.970,21631544,317538944
2015-07-13,14.500,14.850,14.850,13.680,20687780,299977920
2015-07-10,12.910,13.500,13.500,12.900,8604677,115106960
2015-07-09,11.150,12.270,12.270,11.150,9683977,114291320
2015-07-08,9.600,11.490,11.150,9.600,41249112,430081472
2015-07-07,11.500,11.610,10.670,10.670,11427358,124591280
2015-07-06,14.140,14.250,11.850,11.660,22722892,283014656
2015-07-03,13.930,14.490,12.950,12.950,14161837,187496320
2015-07-02,15.100,15.990,14.390,14.390,11472998,171969312
2015-07-01,17.000,17.500,15.990,15.800,10498734,177041760
2015-08-17,16.310,16.710,16.680,15.820,9770737,159333360
2015-08-18,16.580,16.580,15.010,15.010,10579610,166429568
2015-08-20,15.000,15.100,14.090,13.500,7004391,102592760
2015-08-19,14.650,15.400,15.000,13.650,9215123,133362680
2015-09-14,11.460,11.600,10.260,10.260,5291491,57441480
2015-09-11,11.260,11.480,11.400,11.000,5531478,62278404
2015-09-10,11.320,11.590,11.320,11.300,3334754,38193692
2015-09-09,11.290,11.790,11.660,11.290,5794122,66959992
2015-09-08,10.650,11.370,11.300,10.560,3791589,41620056
2015-09-07,10.800,11.610,10.800,10.730,4455797,49788208
2015-09-02,10.000,10.990,10.980,9.580,7636942,80143928
2015-09-01,11.430,11.430,10.340,10.310,4774348,51167828
2015-08-31,12.180,12.180,11.460,11.420,5169707,60229168
2015-08-28,11.740,12.380,12.250,11.540,6854471,81443496
2015-08-27,10.930,11.530,11.500,10.760,6048181,67412216
2015-08-26,11.000,11.570,10.750,10.600,7788257,85911480
2015-08-25,10.720,11.200,10.710,10.700,9280252,100115488
2015-08-24,12.130,12.880,11.890,11.890,4930580,59244640
2015-08-21,13.800,14.060,13.210,13.100,6317132,86117192
2015-09-30,10.400,10.460,10.390,10.170,3367204,34782524
2015-09-29,10.110,10.580,10.380,10.030,3630946,37579628
2015-09-28,10.180,10.380,10.340,9.850,2567071,26101880
2015-09-25,10.500,10.590,10.100,9.990,4095955,41989636
2015-09-24,10.340,10.530,10.490,10.300,3948888,41304068
2015-09-23,10.380,10.480,10.340,10.210,4010407,41556836
2015-09-22,10.580,10.700,10.600,10.360,5231158,55232572
2015-09-21,10.000,10.530,10.490,9.880,4554613,46980244
2015-09-18,10.150,10.300,10.200,10.030,3552414,36101232
2015-09-17,10.300,10.540,10.100,10.000,5903599,60837232
2015-09-16,9.630,10.430,10.350,9.580,5588127,55851440
2015-09-15,10.100,10.170,9.480,9.450,6816443,66694268
2015-10-12,10.950,11.490,11.380,10.890,8491901,95231224
2015-10-09,10.790,10.960,10.900,10.670,5062737,54833312
2015-10-08,10.700,10.870,10.820,10.530,6212092,66586892
2015-11-20,13.740,14.090,13.720,13.390,27008506,370174464
2015-11-19,13.000,14.100,13.600,12.980,12827540,173347968
2015-11-18,13.170,13.190,12.950,12.920,5194262,67964224
2015-11-17,13.380,13.450,13.100,13.000,9445683,125532920
2015-11-16,12.870,13.330,13.250,12.810,6178535,80936272
2015-11-13,13.050,13.280,13.080,12.930,8244065,107705552
2015-11-12,13.720,13.780,13.320,13.000,14878390,197811232
2015-11-11,13.960,13.960,13.820,13.500,10295095,140494320
2015-11-10,13.970,14.390,13.960,13.750,10974588,153325520
2015-11-09,13.530,14.640,14.220,13.300,21148556,287469728
2015-11-06,13.560,13.850,13.740,13.400,8552397,116581784
2015-11-05,13.730,13.950,13.560,13.500,15326678,209528896
2015-11-04,12.580,13.350,13.240,12.510,9516184,122860552
2015-11-03,12.540,12.700,12.540,12.210,5222817,64969956
2015-11-02,12.480,12.830,12.490,12.120,7878623,98282520
2015-10-30,13.050,13.200,12.900,12.720,8681880,112619384
2015-10-29,12.900,13.730,13.390,12.880,15161390,201313008
2015-10-28,12.600,13.100,12.660,12.520,15476623,199131376
2015-10-27,12.340,12.880,12.400,11.610,9777044,119568592
2015-10-26,12.130,12.900,12.610,11.900,14058792,175048096
2015-10-23,11.740,12.130,12.040,11.610,7022624,83668816
2015-10-22,11.220,11.880,11.800,11.210,5955284,68667664
2015-10-21,12.280,12.380,11.250,11.200,9240436,109445976
2015-10-20,11.740,12.380,12.330,11.650,10721375,129664352
2015-10-19,11.900,12.030,11.800,11.510,7081178,83586848
2015-10-16,11.760,12.000,12.000,11.500,8190799,95852576
2015-10-15,11.350,11.710,11.710,11.210,7164502,82858824
2015-10-14,11.270,11.600,11.310,11.190,6573862,74876704
2015-10-13,11.270,11.380,11.340,11.120,5473961,61659160
