#date, start price, highest price, close price, lowest price, deal number, deal amount
2015-03-31,10.400,10.540,10.340,10.190,17075160,176149776
2015-03-30,10.060,10.620,10.360,10.060,23042344,240427344
2015-03-27,9.300,10.100,9.900,9.230,23183640,225237968
2015-03-26,9.270,9.460,9.220,9.130,14677143,135704560
2015-03-25,9.420,9.480,9.330,9.100,18878408,174420032
2015-03-24,9.750,9.770,9.410,9.100,23224280,220206112
2015-03-23,9.730,9.940,9.800,9.650,15930760,155596144
2015-03-20,9.700,9.880,9.710,9.560,13281316,129492208
2015-03-19,9.560,9.690,9.690,9.350,16112096,153118304
2015-03-18,9.380,9.870,9.500,9.310,18866234,180503200
2015-03-17,9.560,9.590,9.410,9.300,24077404,226185232
2015-03-16,9.460,9.700,9.560,9.200,30545350,289645632
2015-03-13,8.800,9.530,9.460,8.800,35037428,322542560
2015-03-12,8.430,8.770,8.700,8.110,24248088,205139184
2015-03-11,8.200,8.660,8.430,8.200,16019361,135538640
2015-03-10,8.180,8.270,8.200,8.110,9889770,81049568
2015-03-09,8.050,8.400,8.160,8.030,16456119,135360784
2015-03-06,8.250,8.350,8.110,8.010,17056838,138157216
2015-03-05,7.900,8.470,8.220,7.860,27564912,227277936
2015-03-04,7.700,7.980,7.950,7.680,18311452,143896544
2015-03-03,7.730,7.950,7.710,7.660,21701012,168563936
2015-03-02,7.650,7.880,7.730,7.580,28401072,219973056
2015-02-27,7.190,7.820,7.670,7.130,41333232,309935424
2015-02-26,7.000,7.180,7.130,6.990,11228716,79903032
2015-02-25,7.140,7.270,7.060,6.980,13596053,96534920
2015-02-17,7.010,7.150,7.100,7.010,12198130,86497320
2015-02-16,6.810,7.050,7.000,6.810,15302407,106963816
2015-02-13,6.670,6.880,6.790,6.640,13330491,90046416
2015-02-12,6.650,6.760,6.640,6.620,7805299,52184544
2015-02-11,6.630,6.710,6.650,6.570,5343553,35560912
2015-02-10,6.540,6.610,6.600,6.530,5942422,39045480
2015-02-09,6.520,6.660,6.540,6.450,5999312,39426452
2015-02-06,6.840,6.870,6.580,6.550,12600154,83947592
2015-02-05,7.060,7.150,6.880,6.810,21274090,147385648
2015-02-04,7.040,7.130,7.050,6.970,7512482,52942012
2015-02-03,7.010,7.110,7.030,6.920,9711306,68104824
2015-02-02,6.980,7.180,7.000,6.890,12150034,85647120
2015-01-30,7.220,7.350,7.050,7.030,20748508,150007632
2015-01-29,6.950,7.290,7.150,6.910,24808768,177852784
2015-01-28,6.970,7.100,7.030,6.900,14631911,102317824
2015-01-27,7.090,7.090,7.000,6.930,14515569,101641848
2015-01-26,6.970,7.190,7.120,6.930,19094416,135881328
2015-01-23,6.950,7.170,6.970,6.900,20138052,141577328
2015-01-22,6.780,7.080,6.990,6.730,26061648,180858720
2015-01-21,6.770,6.830,6.810,6.680,20156868,136271728
2015-01-20,6.480,6.840,6.780,6.480,20768094,139544512
2015-01-19,6.440,6.740,6.520,6.310,10929732,71131352
2015-01-16,6.460,6.690,6.540,6.400,9601662,62744516
2015-01-15,6.420,6.470,6.430,6.360,4748022,30408152
2015-01-14,6.460,6.510,6.430,6.320,4927684,31574410
2015-01-13,6.320,6.430,6.420,6.320,4687399,29922654
2015-01-12,6.610,6.610,6.300,6.280,15247923,97553016
2015-01-09,6.750,6.800,6.610,6.600,8792117,59108876
2015-01-08,6.610,6.810,6.770,6.570,18526816,124624592
2015-01-07,6.580,6.640,6.610,6.520,8654502,56860632
2015-01-06,6.600,6.640,6.600,6.500,12014193,78773512
2015-01-05,6.450,6.710,6.590,6.420,12499164,82664128
2015-05-15,16.000,16.490,15.950,15.480,37158928,593555520
2015-05-14,15.060,16.550,16.190,14.470,56105168,865886528
2015-05-13,15.430,15.430,15.070,14.890,23822056,361508128
2015-05-12,15.290,15.680,15.420,14.900,37586500,576718464
2015-05-11,14.830,15.550,15.290,14.560,32390584,488839200
2015-05-08,14.080,14.550,14.390,14.000,27869918,398337344
2015-05-07,15.050,15.480,14.100,14.060,25442824,373995968
2015-05-06,15.710,15.990,15.580,14.920,32758116,510681728
2015-05-05,15.660,16.450,15.510,15.500,51497644,813283456
2015-05-04,15.210,15.660,15.200,15.060,30464084,470030624
2015-04-30,15.630,15.710,15.060,15.010,26356156,401200928
2015-04-29,15.030,15.990,15.710,14.640,38615424,590765184
2015-04-28,17.020,17.020,15.340,15.340,55050220,869196224
2015-04-27,17.300,18.000,17.040,16.310,43968972,745542336
2015-04-24,16.180,17.660,17.400,15.840,48232460,825934400
2015-04-23,15.200,16.810,16.700,14.510,54077784,844240896
2015-04-22,13.900,15.280,15.280,13.900,58062320,838905536
2015-04-21,14.060,15.210,13.890,13.600,46654756,663405696
2015-04-20,13.470,14.550,14.200,13.100,46755736,647619008
2015-04-17,12.450,13.790,13.490,12.440,39882528,530566176
2015-04-16,11.800,12.590,12.540,11.600,24423458,299687072
2015-04-15,11.680,12.540,12.030,11.500,33034272,398407296
2015-04-14,11.100,11.830,11.680,11.070,27896276,323015968
2015-04-13,10.810,11.330,11.140,10.580,25023580,273674144
2015-04-10,10.550,10.880,10.810,10.380,16621493,178751584
2015-04-09,10.900,10.910,10.630,9.800,26508184,275965920
2015-04-08,11.150,11.250,10.850,10.700,19518392,213515184
2015-04-07,11.140,11.400,11.300,10.920,20636880,228962240
2015-04-03,10.970,11.350,11.150,10.770,14077206,157148560
2015-04-02,10.620,11.200,10.970,10.620,18698176,205004352
2015-04-01,10.390,10.650,10.550,10.290,13348988,140468976
2015-08-14,16.010,16.460,15.720,15.600,36583192,584131200
2015-08-13,14.590,15.720,15.700,14.550,39110648,596446464
2015-08-12,15.000,15.850,14.750,14.750,35114764,531978752
2015-08-11,15.500,16.150,15.290,15.020,46668232,726401280
2015-08-10,13.750,14.970,14.970,13.750,42622472,622842432
2015-08-07,12.570,13.640,13.610,12.570,41374784,547806272
2015-08-06,12.520,13.020,12.400,12.280,21136438,267782752
2015-08-05,12.280,13.300,12.810,12.110,37146368,476140896
2015-08-04,11.480,12.590,12.580,10.560,40546000,472171872
2015-08-03,12.800,12.800,11.690,11.690,27751352,333859232
2015-07-31,13.800,14.190,12.990,12.620,36185256,484116032
2015-07-30,14.530,14.900,14.020,13.800,43457256,632526912
2015-07-29,13.200,14.190,13.930,12.780,40860984,551637312
2015-07-28,13.110,14.330,13.400,12.330,45518056,601616256
2015-07-27,14.250,15.750,13.700,13.350,56223528,838192320
2015-07-24,14.250,15.370,14.650,14.250,52603404,781789440
2015-07-23,13.750,14.440,14.150,13.720,36086288,508776416
2015-07-22,13.660,14.370,14.010,13.510,44955276,626738240
2015-07-21,13.100,14.130,13.860,12.690,51341332,701040576
2015-07-20,12.310,13.320,13.150,11.500,59813648,739145408
2015-07-17,11.600,12.540,12.190,11.600,46381924,558575296
2015-07-16,11.480,12.500,11.480,11.480,72417576,846228608
2015-07-15,12.750,13.330,12.750,12.750,12960712,165687680
2015-07-14,14.650,15.490,14.170,14.170,77884216,1140132736
2015-07-13,14.270,16.700,15.740,14.270,137313664,2102096384
2015-08-17,15.730,16.550,16.090,15.480,28002300,450828672
2015-08-18,16.360,17.200,14.480,14.480,57271560,913097152
2015-08-20,15.980,16.730,15.570,15.300,47531756,772510848
2015-08-19,13.800,15.930,15.930,13.800,57055832,856138880
2015-08-25,11.450,11.450,11.450,11.450,3759100,43041696
2015-08-24,12.760,13.450,12.720,12.720,12669600,162711280
2015-08-21,15.180,15.480,14.130,14.100,32158172,471488736
