#date, start price, highest price, close price, lowest price, deal number, deal amount
2015-03-31,33.800,34.800,34.230,33.330,8136375,276790208
2015-03-30,35.300,35.300,35.100,33.690,15676411,550483840
2015-03-27,32.090,32.090,32.090,32.090,218123,6999567
2015-03-04,29.190,30.500,29.170,28.900,5980308,176613232
2015-03-03,28.220,29.450,28.600,28.200,6211242,179739264
2015-03-02,27.190,28.430,28.200,26.650,5268378,145307200
2015-02-27,26.500,27.320,26.940,26.350,4094584,110250960
2015-02-26,25.600,26.540,26.460,25.600,3140444,82660520
2015-02-25,26.300,26.300,25.560,25.500,2716821,70168984
2015-02-17,26.490,26.680,26.280,26.020,2744011,72103768
2015-02-16,26.310,26.800,26.680,25.860,3981394,105389392
2015-02-13,25.240,26.260,26.150,25.030,4731278,122024872
2015-02-12,24.730,25.150,24.900,24.510,2707973,67301664
2015-02-11,23.790,24.850,24.730,23.720,2303833,56384788
2015-02-10,23.760,23.780,23.780,23.150,1882830,44062124
2015-02-09,24.160,24.450,23.700,23.450,2101908,49886440
2015-02-06,24.130,24.750,24.160,24.000,3220787,78281112
2015-02-05,24.350,24.580,24.190,24.070,2776656,67572504
2015-02-04,24.660,24.850,24.140,24.050,2106999,51484636
2015-02-03,24.150,24.760,24.630,24.020,2779054,67862472
2015-02-02,24.400,24.520,23.900,23.700,3258805,78345208
2015-01-30,25.200,25.480,24.780,24.660,2520657,62836544
2015-01-29,25.830,25.830,25.210,25.010,3692601,93652696
2015-01-28,27.000,27.000,26.000,25.850,4609661,121786296
2015-01-27,26.630,27.500,27.200,26.410,3916302,105818352
2015-01-26,26.000,26.800,26.780,25.700,4679582,121999800
2015-01-23,26.700,26.800,26.300,25.610,4210336,109561992
2015-01-22,26.390,26.980,26.840,26.220,4070456,108345400
2015-01-21,25.920,26.550,26.440,25.730,4285454,112552824
2015-01-20,24.360,25.900,25.900,24.350,5170103,130076728
2015-01-19,24.590,25.600,24.410,23.820,3649469,90556432
2015-01-16,25.200,25.950,25.310,25.020,2758833,70391072
2015-01-15,25.200,25.380,25.350,24.730,2830778,70924632
2015-01-14,24.480,25.430,25.350,24.480,4980245,124362824
2015-01-13,23.250,24.490,24.110,23.250,3511043,84451392
2015-01-12,23.010,24.040,23.200,22.670,1732243,40441312
2015-01-09,23.700,24.160,23.360,23.360,1856981,44215224
2015-01-08,23.600,24.060,23.700,23.600,1716102,40889200
2015-01-07,23.990,24.300,23.800,23.660,2381287,56949184
2015-01-06,22.410,24.350,24.190,22.300,4674105,108790192
2015-01-05,22.660,22.840,22.510,21.690,3162692,70174880
2015-06-30,22.830,25.900,25.650,21.510,13066138,310015488
2015-06-29,26.800,27.440,23.900,23.900,15262547,377326688
2015-06-26,28.250,28.780,26.550,26.550,10161044,279112960
2015-06-25,31.900,33.150,29.500,28.500,16370595,512170208
2015-06-24,29.050,31.580,31.580,28.950,19969936,613710400
2015-06-23,26.000,29.300,28.710,24.270,16531961,442060832
2015-06-19,28.400,28.590,26.970,26.970,10783155,296104928
2015-06-18,32.980,33.920,29.970,29.970,12017726,383809760
2015-06-17,33.000,34.120,33.300,31.250,16704259,543721792
2015-06-16,34.850,35.660,34.670,33.000,20145994,691575936
2015-06-15,36.360,38.830,34.000,33.000,28320676,1044622848
2015-06-12,35.300,35.300,35.300,32.500,14884746,522003520
2015-06-11,32.090,32.090,32.090,32.090,2477536,79504128
2015-06-10,27.000,29.170,29.170,25.710,19309040,531593600
2015-06-09,26.520,26.520,26.520,26.520,216120,5731503
2015-06-08,24.110,24.110,24.110,24.110,101540,2448130
2015-06-05,21.920,21.920,21.920,21.920,311612,6830535
2015-04-30,39.170,40.850,40.150,39.170,6014191,242556656
2015-04-29,37.500,39.700,39.120,36.300,5105989,196982080
2015-04-28,40.010,40.680,37.700,36.260,7165616,273134048
2015-04-27,40.820,41.550,40.270,40.000,4669259,190100352
2015-04-24,38.400,41.290,41.000,38.010,4963372,197436144
2015-04-23,40.010,40.700,39.800,39.490,3704661,147662848
2015-04-22,38.260,41.380,40.370,38.260,6221971,249240512
2015-04-21,36.000,38.440,38.350,36.000,5471462,203928896
2015-04-20,38.330,38.330,35.590,35.350,6397105,234273888
2015-04-17,39.580,40.120,38.350,38.010,4808996,185630560
2015-04-16,38.000,40.000,39.140,37.200,3764406,146614416
2015-04-15,42.250,42.480,38.770,38.770,7298362,294089440
2015-04-14,44.300,45.460,43.080,42.590,6691221,293861728
2015-04-13,42.200,46.310,45.220,40.930,9758300,429833952
2015-04-10,39.450,43.000,42.100,39.010,6808684,281795488
2015-04-09,41.150,41.640,39.910,37.810,9409127,372116896
2015-04-08,42.120,44.830,42.000,40.780,10967795,469462304
2015-04-07,41.000,42.430,41.650,40.840,8728064,361669888
2015-04-03,43.000,44.390,41.900,40.810,15780956,669467584
2015-04-02,40.000,41.420,41.420,40.000,4455716,183913776
2015-04-01,34.500,37.650,37.650,34.500,10181510,370307584
2015-08-14,20.240,20.790,20.090,19.980,11392759,232102880
2015-08-13,19.000,20.440,20.270,18.600,10319988,198861696
2015-08-12,19.760,20.170,19.340,19.310,8692088,172034944
2015-08-11,20.230,20.660,20.250,19.600,14687128,295166144
2015-08-10,19.500,20.670,20.230,19.000,13476936,269155520
2015-08-07,18.310,19.480,19.260,17.800,15001928,278575616
2015-08-06,16.690,18.370,17.800,16.550,13460837,238580000
2015-08-05,17.300,18.210,17.200,16.830,10487017,183816048
2015-08-04,16.200,17.520,17.520,16.120,9002017,150829968
2015-08-03,17.000,17.000,15.930,15.930,11410449,185908624
2015-07-31,18.600,18.980,17.700,17.200,10195970,186275904
2015-07-30,20.160,20.650,19.100,18.960,12348981,247567696
2015-07-29,19.040,20.180,20.000,18.000,10858829,204968528
2015-07-28,18.010,20.210,18.510,17.570,15439402,286000448
2015-07-27,21.500,22.860,19.520,19.520,21279100,458402528
2015-07-24,21.390,22.990,21.690,21.030,17915316,392218880
2015-07-23,20.420,21.640,21.280,20.310,12716728,268231120
2015-07-22,21.170,21.550,20.660,19.900,15710442,324802464
2015-07-21,20.180,21.990,21.390,19.850,15465919,323988288
2015-07-20,19.610,20.840,20.830,19.100,19824828,398987200
2015-07-17,17.590,19.040,19.040,17.320,13590934,248995984
2015-07-16,16.800,18.490,17.310,15.130,19010050,319722560
2015-07-15,20.360,20.360,16.810,16.810,25295522,481441024
2015-07-14,18.510,18.510,18.510,18.510,198700,3677937
2015-07-06,20.560,20.560,16.830,16.830,17162848,307121248
2015-07-03,19.000,21.190,18.700,18.700,11197764,215572128
2015-07-02,21.500,22.360,20.780,20.780,11583387,244525904
2015-07-01,25.330,25.510,23.090,23.090,15476949,377340192
2015-08-17,19.800,19.990,19.970,19.350,8913314,175224800
2015-08-18,20.020,20.980,17.970,17.970,15668429,309879488
2015-08-20,18.500,18.780,17.710,17.500,9694484,176022640
2015-08-19,17.200,18.850,18.820,16.570,10214125,182472976
2015-09-14,15.730,16.380,14.310,14.310,10850653,164904032
2015-09-11,15.200,16.000,15.900,14.900,9765013,148864992
2015-09-10,15.800,16.480,15.300,15.050,21450746,339238464
2015-09-09,14.700,16.000,15.990,14.550,24498396,374597024
2015-09-08,12.900,14.560,14.550,12.860,16366067,222067760
2015-09-07,13.000,13.800,13.240,12.580,11262784,148450192
2015-09-02,12.470,13.450,12.680,11.700,16499308,209970400
2015-09-01,13.920,13.920,12.730,12.730,12084315,157443328
2015-08-31,14.280,14.980,14.140,13.840,15531264,223788096
2015-08-28,13.180,14.120,14.120,12.770,19659226,262787728
2015-08-27,12.600,13.200,12.840,11.510,10623772,131844592
2015-08-26,13.000,13.890,12.060,12.060,13992691,177990368
2015-08-25,13.500,13.950,13.400,13.400,9277177,124654592
2015-08-24,15.640,16.200,14.890,14.890,6281288,94761016
2015-08-21,17.200,17.850,16.540,16.280,7602454,129825064
2015-09-30,15.850,16.480,15.920,15.750,11635450,186672592
2015-09-29,15.570,16.240,15.610,15.200,9821937,154636192
2015-09-28,15.650,16.200,16.070,14.920,13296931,209354000
2015-09-25,15.900,16.330,15.620,14.800,14079601,219607472
2015-09-24,16.960,17.050,16.190,15.990,20457674,336295392
2015-09-23,16.010,17.300,16.500,15.850,26240708,435320768
2015-09-22,15.300,16.500,16.380,15.200,22492372,357216096
2015-09-21,14.260,15.450,15.220,14.000,14574602,217257664
2015-09-18,14.280,14.580,14.570,13.880,9684001,138472768
2015-09-17,14.300,15.380,14.080,14.050,16045382,234463264
2015-09-16,12.800,14.170,14.170,12.800,12920463,175448704
2015-09-15,13.390,13.790,12.880,12.880,7763228,102520304
2015-10-12,17.290,18.430,18.190,17.280,19248692,344744832
2015-10-09,17.200,17.500,17.170,16.750,18957378,324684288
2015-10-08,16.590,17.450,17.000,16.210,21158682,357537248
2015-11-20,23.990,24.330,23.700,23.440,17213660,409821440
2015-11-19,23.450,24.270,24.160,22.600,21622820,508077568
2015-11-18,24.190,24.860,22.790,22.580,24855740,589350592
2015-11-17,26.050,26.150,23.990,23.850,32621644,811355712
2015-11-16,22.010,25.150,25.150,22.000,32942442,777280128
2015-11-13,23.840,25.190,22.860,22.550,46645436,1117757696
2015-11-12,21.040,23.210,23.210,20.540,30730180,676312320
2015-11-11,20.300,21.340,21.100,20.300,22002676,460341824
2015-11-10,20.070,20.860,20.350,19.770,20580370,418554816
2015-11-09,19.430,20.380,20.070,19.000,19044370,377382656
2015-11-06,19.410,20.150,19.700,19.260,16690212,328430624
2015-11-05,18.870,19.380,18.820,18.500,13504835,255404048
2015-11-04,17.800,19.100,18.900,17.800,11831517,219240976
2015-11-03,18.000,18.290,17.660,17.450,8291178,148472048
2015-11-02,18.880,19.240,18.000,17.900,11697779,218697808
2015-10-30,19.080,19.950,19.370,18.610,15961227,310463264
2015-10-29,19.160,19.400,19.030,18.680,9555870,182472240
2015-10-28,19.000,19.980,19.020,18.780,15126947,293592736
2015-10-27,19.450,19.490,19.180,18.280,13294647,252260128
2015-10-26,19.590,19.960,19.710,18.930,16968748,330340928
2015-10-23,19.210,19.630,19.290,18.750,17059164,328400480
2015-10-22,18.520,19.490,19.210,17.910,20127962,379383776
2015-10-21,20.660,21.000,18.960,18.960,23706280,470189344
2015-10-20,20.880,21.400,21.070,20.500,21013814,440668576
2015-10-19,20.000,21.230,21.080,19.300,29051376,586858944
2015-10-16,19.900,21.190,20.130,19.700,24515500,498242144
2015-10-15,19.000,20.510,20.000,18.800,22373720,442098240
2015-10-14,20.620,20.900,19.290,19.210,26856276,535991840
2015-10-13,17.990,20.010,20.010,17.810,21463058,404575008
