#date, start price, highest price, close price, lowest price, deal number, deal amount
2015-03-31,34.800,35.450,35.450,34.660,11807526,415353760
2015-03-30,34.700,35.000,34.800,34.320,9063109,314312800
2015-03-27,34.560,35.130,34.660,34.480,7353778,256078544
2015-03-26,36.000,36.000,34.520,34.440,17855292,624944448
2015-03-25,35.160,37.600,36.200,34.560,21912136,798101056
2015-03-24,35.690,35.780,35.270,34.000,16552165,578667712
2015-03-23,35.310,35.500,35.420,34.770,14562289,511900960
2015-03-20,35.030,35.500,34.870,34.490,12994342,453950080
2015-03-19,35.950,35.970,35.320,34.960,10138683,358070528
2015-03-18,35.500,36.610,35.990,35.080,14397617,515389728
2015-03-17,35.800,36.150,35.540,35.000,11237809,399444256
2015-03-16,34.620,35.850,35.770,34.610,14047510,496293792
2015-03-13,34.000,34.380,34.250,33.660,6789391,230867632
2015-03-12,33.880,34.470,33.840,32.800,8807397,295803904
2015-03-11,35.020,35.090,33.870,33.660,10671357,365572576
2015-03-10,34.800,35.390,35.020,34.300,8892772,310131040
2015-03-09,34.500,35.300,34.760,34.310,9294048,323678848
2015-03-06,35.800,35.800,34.520,34.100,19444340,674429888
2015-03-05,36.000,37.000,35.870,35.250,23492268,851136640
2015-03-04,36.600,37.050,36.240,35.540,22927432,831685312
2015-03-03,36.500,38.300,37.360,35.910,49766056,1864036096
2015-03-02,34.820,34.820,34.820,34.820,6061340,211055856
2015-02-27,31.200,32.100,31.650,30.410,12687106,397120224
2015-02-26,31.350,32.310,31.000,30.310,10541991,328072064
2015-02-25,31.500,33.500,31.390,31.090,12808385,411942976
2015-02-17,31.210,32.490,31.100,30.700,14044334,442495584
2015-02-16,30.650,31.460,31.230,30.060,18246060,559060160
2015-02-13,28.300,30.200,30.200,28.300,25309442,752466688
2015-02-12,27.330,27.570,27.450,27.180,3342841,91452816
2015-02-11,27.000,27.380,27.260,27.000,3641377,99064312
2015-02-10,25.900,26.950,26.830,25.800,4611843,121553288
2015-02-09,26.800,26.950,25.900,25.880,7371972,194024896
2015-02-06,27.360,27.940,26.800,26.790,6358696,172901184
2015-02-05,28.000,28.180,27.550,27.350,7629840,211599152
2015-02-04,28.580,28.800,27.990,27.700,6808566,192135584
2015-02-03,28.100,28.770,28.620,27.650,5807952,164908336
2015-02-02,27.980,28.080,28.080,27.610,3670903,102128928
2015-01-30,28.090,29.090,28.160,28.090,6566127,187615840
2015-01-29,27.880,28.280,28.000,27.600,4555040,127332840
2015-01-28,28.740,28.860,28.010,27.910,7797638,220748080
2015-01-27,29.470,29.850,28.770,28.500,10118849,293001088
2015-01-26,29.000,29.890,29.460,28.990,7100579,209455376
2015-01-23,29.700,29.800,28.980,28.770,8146945,238119552
2015-01-22,30.000,30.110,29.810,29.350,8632309,256466400
2015-01-21,29.360,30.600,29.700,29.200,12554031,376720672
2015-01-20,28.100,29.450,29.360,28.100,10172047,296289024
2015-01-19,27.820,29.250,28.200,27.020,9896659,280371168
2015-01-16,28.370,28.940,28.740,27.880,7374019,210093360
2015-01-15,27.980,29.680,28.440,27.960,12086626,348872160
2015-01-14,27.970,27.970,27.370,27.200,2966497,81911112
2015-01-13,27.170,28.350,27.800,26.980,5913370,164603216
2015-01-12,27.800,27.800,27.180,26.880,4835746,131995576
2015-01-09,28.420,28.790,27.950,27.800,7511072,211242368
2015-01-08,28.600,29.180,28.630,28.190,8238329,237115984
2015-01-07,29.000,29.240,28.650,28.600,9097892,262642384
2015-01-06,27.550,30.000,29.580,26.760,18376048,517143648
2015-01-05,28.000,28.200,27.950,26.500,10777353,296701888
2015-06-30,19.440,20.750,20.670,17.690,32568676,624148288
2015-06-29,22.590,22.600,19.650,19.650,30116774,613791424
2015-06-26,23.500,24.000,21.830,21.830,24151612,544052672
2015-06-25,24.800,25.750,24.250,23.650,29677968,740162368
2015-06-24,24.600,24.850,24.550,23.800,22640292,553260864
2015-06-23,23.940,24.670,24.010,21.740,22775796,527677856
2015-06-19,26.450,26.450,23.940,23.940,23486568,582244032
2015-06-18,27.940,27.940,26.600,26.500,23055642,626824128
2015-06-17,27.620,28.190,27.950,26.000,29745352,814286080
2015-06-16,29.000,29.000,27.620,27.480,33236676,933902976
2015-06-15,28.740,30.000,29.300,28.730,50280640,1488353920
2015-06-12,28.260,29.670,28.670,27.500,48798276,1395753600
2015-06-11,27.660,28.290,28.000,27.150,37708764,1044904832
2015-06-10,26.400,28.000,27.600,26.210,35538572,972229504
2015-06-09,26.730,27.260,26.490,26.160,29440676,781908288
2015-06-08,27.880,28.000,26.790,26.500,36368388,976276416
2015-06-05,28.680,29.180,27.820,27.300,43853128,1239021312
2015-06-04,27.600,27.850,27.000,25.110,30356820,807222464
2015-06-03,28.500,28.800,27.550,27.000,35210680,974318592
2015-06-02,26.860,28.200,28.200,26.730,33901352,927901120
2015-06-01,25.400,26.930,26.720,25.270,37617160,977919296
2015-05-29,25.680,26.880,25.340,23.800,46687680,1193736448
2015-05-28,29.000,29.450,26.120,26.120,62189124,1738732032
2015-05-27,29.010,29.600,29.020,27.800,57030336,1651650432
2015-05-26,54.000,59.000,57.750,53.470,19110392,1088036992
2015-05-25,53.300,55.790,54.400,50.480,20152326,1073252096
2015-05-22,51.000,53.590,53.190,49.800,24587188,1268815872
2015-05-21,45.520,48.720,48.720,45.520,19554604,929306112
2015-05-20,44.250,45.980,44.290,43.640,15453810,698642496
2015-05-19,44.250,44.680,44.190,43.100,15097639,661455168
2015-05-18,43.800,44.380,44.060,43.010,15499243,679108672
2015-05-15,43.500,44.300,43.580,42.900,14566859,634383936
2015-05-14,42.700,45.500,44.490,41.500,30207746,1309298688
2015-05-13,40.690,43.080,42.320,40.260,21648424,907813952
2015-05-12,41.480,41.480,40.760,40.400,16959248,692089792
2015-05-11,40.240,41.400,41.050,39.780,17181312,699228416
2015-05-08,37.730,39.250,39.170,37.730,11289816,433849600
2015-05-07,39.450,39.680,37.900,37.800,13156585,507366144
2015-05-06,40.800,41.480,39.400,39.300,12534382,509059040
2015-05-05,42.670,42.670,40.620,40.450,12946819,533923968
2015-05-04,40.900,42.590,42.360,40.400,20495752,853518912
2015-04-30,41.140,41.300,40.010,39.960,10473785,423774816
2015-04-29,39.680,40.840,40.670,39.100,12869465,516395456
2015-04-28,40.520,41.470,39.700,39.120,16383842,659064128
2015-04-27,39.610,40.600,40.080,39.610,15014538,602767680
2015-04-24,39.800,40.180,39.820,39.100,14512597,574307200
2015-04-23,40.580,41.400,40.360,40.050,18948548,770539968
2015-04-22,40.220,41.250,40.240,39.820,17877056,722744512
2015-04-21,37.250,39.390,39.320,37.250,21368156,820290752
2015-04-20,38.790,38.790,37.210,37.060,16018380,605240768
2015-04-17,39.540,40.120,38.800,38.550,13934896,545710208
2015-04-16,37.880,39.900,39.190,37.010,15538093,604735104
2015-04-15,38.990,39.700,38.470,38.280,16721328,650680448
2015-04-14,42.000,43.660,40.200,40.170,29363230,1233858944
2015-04-13,40.810,40.810,40.810,39.200,20820600,848729536
2015-04-09,37.600,37.600,37.100,36.150,9920282,364714208
2015-04-08,39.080,39.080,37.840,36.370,19879312,748488704
2015-04-07,39.500,39.850,39.070,38.380,18118724,704103360
2015-04-03,38.820,40.480,39.480,38.500,22715688,893908672
2015-04-02,36.420,39.780,39.550,36.420,32491320,1259913344
2015-04-01,35.460,36.960,36.160,35.460,17854196,648897792
2015-08-20,19.800,20.180,19.050,19.000,20785804,407402656
2015-08-19,19.200,20.550,20.270,18.400,31676174,618053184
2015-08-18,22.350,22.510,20.050,20.050,40029456,852731840
2015-08-17,21.990,22.690,22.280,21.770,27009948,601955392
2015-08-14,22.500,22.860,22.170,21.820,35454376,792929088
2015-08-13,21.560,22.180,22.170,21.010,31048264,672823040
2015-08-12,21.700,22.470,21.680,21.490,29153712,640243136
2015-08-11,22.600,22.700,22.100,21.900,39883020,891551168
2015-08-10,21.320,22.780,22.490,21.110,47241232,1041291200
2015-08-07,20.400,21.000,20.810,20.310,30839438,639594176
2015-08-06,20.130,20.950,20.050,19.810,31611508,642029312
2015-08-05,21.740,21.750,20.690,20.530,48554336,1025290240
2015-08-04,19.620,21.500,21.490,19.330,51790264,1050818816
2015-08-03,19.290,20.130,19.620,19.020,46011352,898407168
2015-07-31,18.270,19.250,18.800,18.270,27691704,521937856
2015-07-30,18.950,19.480,18.550,18.240,37861480,722732800
2015-07-29,17.700,18.760,18.680,17.110,33906040,602846656
2015-07-28,17.640,18.400,17.300,16.250,33842632,582839040
2015-07-27,19.490,20.350,18.000,18.000,34962652,676993088
2015-07-24,20.860,20.980,20.000,19.450,38179632,779817088
2015-07-23,20.310,20.990,20.770,19.900,32281052,660858624
2015-07-22,19.750,20.500,20.220,19.600,32258928,647753920
2015-07-21,19.800,20.620,20.010,19.510,36076252,726691008
2015-07-20,18.910,20.160,20.160,18.680,46269456,904037696
2015-07-17,17.380,18.800,18.680,17.200,32991338,598909056
2015-07-16,16.200,17.900,17.100,15.380,35987004,607631680
2015-07-15,18.000,18.000,16.440,16.440,48510808,833536128
2015-07-14,18.270,18.270,18.270,17.710,38630608,703221056
2015-07-13,16.610,16.610,16.610,16.610,5580890,92698584
2015-07-10,15.100,15.100,15.100,15.100,8960499,135303536
2015-07-07,15.500,15.780,13.730,13.730,39541836,574540608
2015-07-06,16.890,16.890,15.260,13.850,42947680,660487680
2015-07-03,16.270,17.730,15.350,15.350,32389264,514544960
2015-07-02,19.010,19.990,17.050,17.050,34642740,625699392
2015-07-01,20.300,21.290,18.940,18.600,29435620,600026112
2015-09-14,17.700,18.100,15.850,15.750,26437242,451681760
2015-09-11,17.450,17.740,17.500,17.120,13230189,230605120
2015-09-10,17.660,18.160,17.420,17.370,18493332,328995520
2015-09-09,17.950,18.200,17.950,17.200,40653592,720882624
2015-09-08,16.600,17.760,17.650,16.360,20429960,347067712
2015-09-07,16.060,17.010,16.600,16.060,22476272,373218016
2015-09-02,14.500,16.330,16.020,14.300,29740468,463040448
2015-09-01,16.670,16.970,15.390,15.150,24790928,402366720
2015-08-31,17.100,17.200,16.640,16.490,20580766,345120512
2015-08-28,16.550,17.310,17.080,16.240,29270082,490678208
2015-08-27,15.430,16.230,16.030,14.980,31707832,496941664
2015-08-26,14.720,15.700,14.860,14.300,36779276,551939200
2015-08-25,14.400,15.890,14.300,14.300,34158208,506085216
2015-08-24,16.450,16.990,15.890,15.890,26688408,429542112
2015-08-21,18.600,19.050,17.650,17.580,20901948,383283968
2015-09-30,17.750,17.910,17.630,17.510,10757210,190351440
2015-09-29,17.990,18.100,17.660,17.550,15235047,271671136
2015-09-28,18.510,18.600,18.300,17.590,20733612,376219872
2015-09-25,17.780,18.820,18.400,17.500,32395346,591449792
2015-09-24,17.980,18.140,17.840,17.630,11911729,212731168
2015-09-23,17.500,18.110,17.870,17.400,16652567,297463904
2015-09-22,18.250,18.380,17.870,17.630,18867212,339157120
2015-09-21,17.330,18.260,18.200,17.000,23432632,416831168
2015-09-18,17.000,17.730,17.450,16.950,21823314,376726336
2015-09-17,16.900,17.760,16.690,16.630,27774142,478155008
2015-09-16,15.590,16.820,16.820,15.340,18198668,291671488
2015-09-15,15.310,16.230,15.290,15.100,17216588,268865952
2015-10-12,18.880,20.400,20.080,18.850,31696404,625800064
2015-10-09,18.470,19.170,18.750,18.400,19662980,370863296
2015-10-08,18.300,18.770,18.480,18.130,19741208,365023232
2015-11-20,23.950,24.240,23.870,23.650,20739616,496364640
2015-11-19,23.610,23.860,23.800,23.010,24731744,581420864
2015-11-18,24.450,24.580,23.540,23.500,24376852,581401472
2015-11-17,24.310,25.250,24.400,24.140,44742156,1104552192
2015-11-16,23.030,24.100,24.000,22.950,24943386,592299392
2015-11-13,24.000,24.170,23.460,23.130,23835424,565247744
2015-11-12,24.850,24.980,24.210,23.840,31372650,761478208
2015-11-11,24.350,24.600,24.390,23.700,29164320,701728192
2015-11-10,23.440,24.980,24.100,23.400,36437940,884419392
2015-11-09,23.000,24.090,23.430,22.500,36950272,860223296
2015-11-06,23.100,23.480,23.230,22.960,31558212,732213376
2015-11-05,22.480,23.670,23.100,22.200,42342000,966972352
2015-11-04,21.310,22.480,22.470,21.310,30713298,678011840
2015-11-03,21.430,21.660,21.170,20.960,15538243,330524000
2015-11-02,21.160,22.090,21.290,21.000,19820876,429454208
2015-10-30,21.800,22.220,21.600,21.350,20433836,445249984
2015-10-29,22.090,22.550,22.120,21.570,21296416,470388448
2015-10-28,22.360,23.300,21.960,21.770,30452912,686818880
2015-10-27,22.300,22.650,22.420,21.000,32864044,716810368
2015-10-26,23.220,23.660,22.320,22.000,64156264,1470848896
2015-10-23,20.380,22.200,22.200,19.860,39243404,828517440
2015-10-22,19.460,20.290,20.180,19.300,23073634,458044384
2015-10-21,21.540,21.700,19.310,19.310,37336816,765528832
2015-10-20,20.990,21.500,21.450,20.660,22503902,473298368
2015-10-19,21.350,21.960,21.000,20.800,32562940,698164032
2015-10-16,21.560,21.980,21.270,20.880,37296268,795156288
2015-10-15,20.040,21.200,21.200,19.850,28533756,591991424
2015-10-14,20.330,20.970,20.040,19.990,22616380,461071392
2015-10-13,19.930,20.500,20.280,19.780,25022250,504987200
