#date, start price, highest price, close price, lowest price, deal number, deal amount
2015-03-31,21.000,21.110,20.840,20.700,5710039,119305528
2015-03-30,20.800,21.350,20.940,20.780,5761009,120810144
2015-03-27,20.630,20.880,20.730,20.580,4558885,94664592
2015-03-26,21.370,21.490,20.700,20.610,9983622,208924160
2015-03-25,20.500,21.590,21.370,20.380,12617251,266985808
2015-03-24,21.000,21.000,20.740,19.880,12682967,261056928
2015-03-23,20.340,21.170,21.000,20.000,12680659,263251744
2015-03-20,21.000,21.500,20.320,20.300,18029252,374323904
2015-03-19,19.780,20.060,20.000,19.500,7845501,155002800
2015-03-18,18.940,19.880,19.770,18.900,10695247,208689104
2015-03-17,18.850,19.190,18.850,18.600,10867519,204937824
2015-03-16,17.950,19.160,18.950,17.910,14017858,263779472
2015-03-13,17.420,17.580,17.420,17.260,3628351,63096028
2015-03-12,17.810,17.960,17.420,16.560,5900939,103003232
2015-03-11,17.310,17.940,17.800,17.310,8718502,154501568
2015-03-10,17.110,17.370,17.300,17.050,4745733,82021456
2015-03-09,17.090,17.170,17.120,16.910,3484017,59426116
2015-03-06,17.350,17.370,17.080,16.880,5418917,92676280
2015-03-05,16.950,17.390,17.310,16.850,6993794,120084320
2015-03-04,16.760,16.960,16.900,16.740,3654679,61714616
2015-03-03,17.060,17.060,16.750,16.750,5277129,89298112
2015-03-02,16.760,17.150,17.080,16.660,6214367,105421560
2015-02-27,16.800,16.800,16.730,16.550,4161969,69291664
2015-02-26,16.610,16.810,16.810,16.550,3164399,52709100
2015-02-25,16.820,16.860,16.700,16.600,2351973,39283152
2015-02-17,16.900,16.950,16.820,16.590,4213259,70533352
2015-02-16,16.410,16.980,16.900,16.400,5079093,85510872
2015-02-13,16.010,16.490,16.340,16.010,3776268,61698752
2015-02-12,15.930,16.090,15.940,15.890,2529831,40427348
2015-02-11,15.650,16.110,15.920,15.600,2894685,45981884
2015-02-10,15.320,15.650,15.650,15.320,1942124,30185506
2015-02-09,15.540,15.670,15.400,15.300,1823403,28179808
2015-02-06,16.100,16.190,15.530,15.460,5006651,78639872
2015-02-05,16.400,16.470,16.110,16.100,2455837,39954096
2015-02-04,16.160,16.500,16.200,16.120,3715406,60672668
2015-02-03,16.130,16.300,16.170,15.970,4206053,67903840
2015-02-02,15.860,16.470,16.050,15.750,4740039,76622168
2015-01-30,16.450,16.600,16.110,16.060,4277442,69645744
2015-01-29,16.900,16.900,16.430,16.360,7336315,121621784
2015-01-28,17.300,17.500,17.100,16.960,6668799,114685360
2015-01-27,17.330,17.610,17.480,17.050,9969915,172967696
2015-01-26,17.400,17.500,17.260,16.900,9078665,155692912
2015-01-23,17.600,18.200,17.370,16.990,36442804,640175296
2015-01-22,15.800,16.870,16.760,15.800,12682390,208862576
2015-01-21,14.990,15.870,15.780,14.860,13440098,207874896
2015-01-20,14.530,14.880,14.830,14.340,8541572,124213208
2015-01-19,15.010,15.300,14.420,14.220,4495984,67067320
2015-01-16,15.250,15.600,15.370,15.030,4613424,70665680
2015-01-15,14.560,15.850,15.460,14.450,10084198,154923392
2015-01-14,14.290,14.630,14.560,14.020,2909397,41631864
2015-01-13,14.410,14.530,14.330,14.100,2578251,36748368
2015-01-12,14.460,14.600,14.490,13.980,2501024,35749416
2015-01-09,14.320,14.600,14.480,14.270,2757575,39789304
2015-01-08,14.370,14.570,14.500,14.270,3999214,57584688
2015-01-07,13.890,14.780,14.540,13.800,3398183,48178148
2015-01-06,13.550,13.980,13.890,13.450,3500995,48321644
2015-01-05,13.540,13.730,13.670,13.370,3350683,45410176
2015-06-30,10.920,12.320,12.230,10.190,24097702,265917216
2015-06-29,12.980,13.130,11.320,11.320,18322456,215210736
2015-06-26,13.410,13.410,12.580,12.580,14503244,185995904
2015-06-25,15.250,15.400,13.980,13.640,15174342,221996944
2015-06-24,14.900,15.590,15.150,14.830,15217679,231048112
2015-06-23,15.500,15.870,14.900,14.280,21422652,315482880
2015-06-19,17.000,17.450,15.870,15.870,17788432,290327872
2015-06-18,18.250,18.500,17.630,17.590,19534536,353392192
2015-06-17,17.950,18.460,18.260,17.000,25164878,448208480
2015-06-16,17.600,18.580,17.900,17.120,25575884,461299584
2015-06-15,18.100,18.860,17.970,17.240,27542548,495209728
2015-06-12,17.640,19.000,18.060,17.150,31271332,563804416
2015-06-11,16.150,17.700,17.630,16.150,32292360,554532096
2015-06-10,15.360,16.500,16.130,15.340,33794748,543765120
2015-06-09,15.480,15.480,15.160,15.000,21871712,332476032
2015-06-08,16.510,16.510,15.620,15.510,34113280,542746112
2015-06-05,15.300,16.510,16.510,15.000,35964400,560241344
2015-06-04,15.280,15.400,15.010,14.010,26494296,394355200
2015-06-03,14.800,15.500,15.300,14.210,40090732,604575808
2015-06-02,13.290,14.630,14.630,13.200,34701116,486756576
2015-06-01,12.440,13.310,13.300,12.380,17475780,225428816
2015-05-29,12.400,12.960,12.470,11.700,20844064,258463232
2015-05-28,13.950,14.200,12.800,12.800,29590716,402967712
2015-05-27,14.190,14.200,13.950,13.700,25013416,346808384
2015-05-26,13.920,14.350,14.200,13.630,29451588,414697728
2015-05-25,13.300,14.000,13.920,13.010,30280340,411711552
2015-05-22,13.480,13.990,13.290,13.000,35094524,469942272
2015-05-21,12.310,13.370,13.330,12.220,34569476,446471744
2015-05-20,11.910,12.660,12.310,11.900,32465844,401100576
2015-05-19,11.740,11.900,11.860,11.530,16622301,195561696
2015-05-18,11.430,11.900,11.610,11.290,13231446,154736912
2015-05-15,11.910,11.940,11.530,11.470,12398948,144065696
2015-05-14,11.660,11.920,11.910,11.500,17464496,205060960
2015-05-13,11.890,11.890,11.640,11.510,14253320,165817984
2015-05-12,11.520,11.900,11.890,11.430,23288082,271665728
2015-05-11,10.910,11.460,11.430,10.850,18266856,204560720
2015-05-08,10.520,10.820,10.810,10.460,13370830,141938624
2015-05-07,10.730,10.850,10.340,10.230,11114211,116851064
2015-05-06,10.890,11.200,10.800,10.730,11913450,130623040
2015-05-05,11.460,11.530,10.950,10.890,14888676,166560320
2015-05-04,11.600,11.650,11.460,11.400,12308387,141235632
2015-04-30,11.900,11.930,11.560,11.560,15080637,176707232
2015-04-29,11.670,11.960,11.860,11.610,12493018,147997104
2015-04-28,12.350,12.450,11.890,11.750,24972766,302821120
2015-04-27,11.780,12.280,12.160,11.760,25603596,306518848
2015-04-24,11.970,11.980,11.690,11.420,28714128,336277056
2015-04-23,12.460,12.500,12.180,12.000,25932288,316145664
2015-04-22,12.300,12.520,12.420,12.100,23763536,293432672
2015-04-21,12.000,12.410,12.280,11.700,18669808,224881696
2015-04-20,24.900,25.250,24.290,24.110,10567726,259260624
2015-04-17,25.420,26.150,24.790,24.510,9967117,249644784
2015-04-16,24.770,26.190,25.300,23.600,9730590,242848560
2015-04-15,27.000,27.000,25.440,25.430,11845367,308713760
2015-04-14,29.800,30.600,27.680,27.630,19152844,556320832
2015-04-13,27.600,29.480,28.780,26.820,13712674,387861248
2015-04-10,25.490,27.590,27.180,25.000,10676633,283855008
2015-04-09,25.800,25.950,25.530,23.250,12464143,310192928
2015-04-08,26.500,26.900,25.800,25.000,15855259,411481664
2015-04-07,24.320,26.500,26.500,24.320,13594316,343961088
2015-04-03,22.880,24.310,24.090,22.600,10909264,257763200
2015-04-02,22.080,23.000,22.930,22.000,9998957,225208352
2015-04-01,20.810,22.260,22.110,20.800,11216002,243474320
2015-08-20,10.900,10.950,10.500,10.500,10562524,112959800
2015-08-19,10.230,11.160,11.040,9.930,15364733,162508144
2015-08-18,12.130,12.240,10.840,10.840,21731536,251323776
2015-08-17,11.950,12.040,12.040,11.500,13438509,159482784
2015-08-14,11.980,12.190,11.930,11.820,16284411,195229648
2015-08-13,11.290,11.950,11.950,11.280,13628040,158587920
2015-08-12,11.880,12.100,11.580,11.580,13177707,156888752
2015-08-11,11.980,12.400,12.150,11.800,26355956,317218208
2015-08-10,10.950,11.880,11.880,10.950,22817752,264609488
2015-08-07,10.540,10.850,10.800,10.540,10629297,114045008
2015-08-06,10.420,10.690,10.430,10.250,6986314,73219688
2015-08-05,10.850,10.990,10.590,10.460,13421794,143931008
2015-08-04,10.110,10.970,10.960,10.050,14668049,153814144
2015-08-03,11.000,11.250,10.270,10.260,12644652,133517424
2015-07-31,11.690,11.860,11.400,11.000,10533746,121812440
2015-07-30,12.000,12.260,11.750,11.730,17453184,210189040
2015-07-29,11.480,11.990,11.960,11.070,12977284,149898800
2015-07-28,11.000,11.670,11.580,10.620,15266003,169302832
2015-07-27,12.000,12.260,11.800,10.970,16354546,190864896
2015-07-24,12.470,12.930,12.190,12.070,21127856,264916624
2015-07-23,12.140,12.550,12.470,12.100,16990438,209862256
2015-07-22,12.160,12.260,12.140,11.810,14802781,178661616
2015-07-21,12.050,12.550,12.150,11.700,16349956,198944560
2015-07-20,11.980,12.480,12.110,11.600,19879528,240443152
2015-07-17,10.660,11.730,11.720,10.620,20344346,229706768
2015-07-16,10.590,11.220,10.660,9.690,17896502,190905280
2015-07-15,12.690,12.690,10.590,10.590,31029352,368396832
2015-07-14,11.540,11.540,11.540,11.540,359976,4154123
2015-07-02,11.810,11.990,10.490,10.490,21947482,240395984
2015-07-01,12.150,12.950,11.650,11.480,22307332,274538176
2015-09-14,8.180,8.190,7.340,7.340,9132801,70188848
2015-09-11,8.060,8.220,8.150,7.950,5666608,45861384
2015-09-10,8.100,8.330,8.070,8.010,7216311,59045332
2015-09-09,7.970,8.370,8.270,7.880,11541202,94342800
2015-09-08,7.450,7.900,7.880,7.330,7397259,56437536
2015-09-07,7.270,7.840,7.410,7.270,7149854,53633636
2015-09-02,7.090,7.790,7.130,6.890,8211948,60502208
2015-09-01,8.080,8.110,7.400,7.330,7983757,60732108
2015-08-31,8.450,8.450,8.070,8.070,8568696,70176120
2015-08-28,8.300,8.590,8.480,7.990,13876377,113985384
2015-08-27,7.510,7.980,7.970,7.300,12197006,94397424
2015-08-26,8.140,8.300,7.500,7.280,15992046,125307016
2015-08-25,8.100,8.300,8.090,8.090,8845541,71826632
2015-08-24,9.610,9.700,8.990,8.990,9448730,86220840
2015-08-21,10.280,10.440,9.990,9.880,10797537,109788672
2015-09-30,8.310,8.430,8.320,8.270,4675706,39032844
2015-09-29,8.350,8.430,8.290,8.200,6192197,51546604
2015-09-28,8.290,8.540,8.500,8.140,7651130,64112700
2015-09-25,8.690,8.860,8.340,8.240,13184564,113163080
2015-09-24,8.690,8.800,8.700,8.560,11458869,99432392
2015-09-23,8.600,8.880,8.630,8.470,14076540,121946064
2015-09-22,9.020,9.240,8.930,8.760,26409524,235685344
2015-09-21,8.800,9.150,9.130,8.540,32483582,287353792
2015-09-18,9.310,9.310,9.180,8.760,50482920,460415296
2015-09-17,8.460,8.460,8.460,8.460,2919851,24701940
2015-09-16,7.690,7.690,7.690,7.690,2866634,22044416
2015-09-15,7.300,7.480,6.990,6.900,7135282,51060584
2015-10-12,8.850,9.290,9.200,8.800,19063272,173362128
2015-10-09,8.660,8.830,8.800,8.600,10480348,91372776
2015-10-08,8.590,8.780,8.680,8.520,10121222,87548408
2015-11-20,11.600,11.720,11.660,11.470,14059528,163143456
2015-11-19,11.320,11.700,11.600,11.320,9763318,112742808
2015-11-18,11.440,11.540,11.320,11.250,7588333,86731208
2015-11-17,11.650,11.840,11.490,11.410,16042234,187004752
2015-11-16,11.160,11.680,11.620,11.100,11117646,127984920
2015-11-13,11.450,11.580,11.340,11.320,12814648,146299344
2015-11-12,11.890,11.930,11.630,11.500,17953252,209245712
2015-11-11,11.880,11.930,11.890,11.740,15210436,179920032
2015-11-10,11.590,11.990,11.900,11.480,21312450,251542448
2015-11-09,11.550,11.790,11.640,11.290,18961670,219242672
2015-11-06,11.450,11.760,11.740,11.450,21024660,243921232
2015-11-05,11.760,11.870,11.580,11.400,25239900,293482976
2015-11-04,11.250,11.710,11.700,11.160,23440888,270002848
2015-11-03,11.200,11.490,11.300,11.120,16962632,191565968
2015-11-02,11.230,11.680,11.010,11.010,26218706,297141664
2015-10-30,11.500,12.470,11.960,11.300,42163908,501399808
2015-10-29,12.100,12.680,11.920,11.800,66094080,806576768
2015-10-28,10.760,11.530,11.530,10.760,30617494,347659808
2015-10-27,10.590,10.640,10.480,10.030,13494702,138952720
2015-10-26,10.720,10.850,10.650,10.500,14977893,159587440
2015-10-23,10.390,10.790,10.640,10.180,16750640,174592000
2015-10-22,9.880,10.390,10.310,9.740,15945067,160599344
2015-10-21,10.820,10.830,9.890,9.790,20680690,214002384
2015-10-20,10.660,10.910,10.820,10.600,17961432,193645536
2015-10-19,11.080,11.080,10.750,10.470,26309288,282546816
2015-10-16,11.240,11.280,11.080,10.900,28912456,319007104
2015-10-15,10.450,11.450,11.230,10.450,42378116,468881824
2015-10-14,10.490,11.060,10.660,10.330,42421332,453197344
2015-10-13,9.080,10.120,10.120,9.020,15342177,147091168
