#date, start price, highest price, close price, lowest price, deal number, deal amount
2015-03-31,17.430,18.680,18.250,17.360,27570626,496497088
2015-03-30,17.200,18.290,17.580,16.510,33351072,578223104
2015-03-27,17.790,17.990,17.900,17.430,14082381,249082096
2015-03-26,18.000,18.650,17.750,17.480,22990032,415802688
2015-03-25,17.200,18.430,18.050,17.000,28751436,508153600
2015-03-24,17.140,17.580,17.240,16.620,25733928,440839296
2015-03-23,16.970,17.320,17.090,16.790,17089108,291277024
2015-03-20,16.650,17.100,17.040,16.300,16977180,281989696
2015-03-19,16.610,17.090,16.640,16.430,18767164,313595616
2015-03-18,15.850,17.130,16.770,15.840,25679684,421513984
2015-03-17,15.880,15.880,15.660,15.450,21352640,334091680
2015-03-16,15.380,15.710,15.600,15.370,21418540,332865184
2015-03-13,14.930,15.440,15.330,14.750,13306136,201401136
2015-03-12,15.150,15.200,14.920,14.610,14294186,212877008
2015-03-11,15.170,15.570,15.110,15.020,16964824,258444176
2015-03-10,14.700,15.290,15.120,14.660,19884632,300467680
2015-03-09,14.350,14.750,14.740,13.930,15306839,222098352
2015-03-06,14.720,14.930,14.500,14.190,18635546,271466976
2015-03-05,14.590,14.850,14.740,14.350,18342468,268029664
2015-03-04,14.230,14.750,14.680,14.120,23434940,338455168
2015-03-03,13.870,14.440,14.220,13.770,25075444,355187424
2015-03-02,13.880,13.980,13.960,13.610,24554440,338787456
2015-02-27,13.910,14.150,14.080,13.890,11327067,158719360
2015-02-26,14.120,14.190,14.020,13.810,14195481,198719392
2015-02-25,13.940,14.340,14.140,13.770,15828440,223142464
2015-02-17,13.900,14.090,13.930,13.740,12644332,175385936
2015-02-16,13.570,14.000,13.940,13.500,17526476,242916288
2015-02-13,13.520,13.730,13.570,13.390,16669741,225681632
2015-02-12,13.350,13.580,13.480,13.190,14553332,195944656
2015-02-11,13.040,13.400,13.280,12.960,11475744,151952640
2015-02-10,12.760,13.070,13.060,12.510,10871679,138564576
2015-02-09,13.400,13.560,12.810,12.700,16816416,219164272
2015-02-06,13.360,13.590,13.430,13.220,17928860,240470784
2015-02-05,13.170,13.520,13.370,12.960,20859064,277473216
2015-02-04,13.300,13.440,13.080,13.050,14163078,187108912
2015-02-03,12.800,13.370,13.240,12.800,18272868,239750656
2015-02-02,12.590,12.960,12.780,12.400,17441958,222039296
2015-01-30,13.200,13.530,13.190,13.170,17447830,232496224
2015-01-29,13.400,13.650,13.460,13.250,35280048,473881952
2015-01-28,12.730,14.000,13.770,12.660,58744396,796431616
2015-01-27,12.700,12.790,12.730,12.470,21172932,267855424
2015-01-26,12.570,12.840,12.840,12.280,31316700,392194144
2015-01-23,13.260,13.260,12.900,12.870,18642888,242428144
2015-01-22,13.260,13.290,13.260,13.060,17973594,237210880
2015-01-21,13.180,13.380,13.300,13.030,24478188,323866464
2015-01-20,12.820,13.400,13.330,12.820,26607112,349831904
2015-01-19,12.460,13.370,12.830,12.310,30538296,394758432
2015-01-16,12.130,12.750,12.700,12.090,23048360,287294720
2015-01-15,12.180,12.440,12.150,12.130,14496042,177635856
2015-01-14,11.900,12.260,12.220,11.890,20928580,253431808
2015-01-13,11.380,12.080,12.020,11.330,16038584,188829856
2015-01-12,11.670,11.670,11.380,11.330,13841287,158657984
2015-01-09,12.000,12.200,11.900,11.750,17844608,214215504
2015-01-08,12.160,12.360,12.240,12.080,9818825,119945408
2015-01-07,12.220,12.330,12.210,12.090,13332246,162659888
2015-01-06,12.190,12.470,12.340,11.860,15896759,194320736
2015-01-05,11.960,12.190,12.190,11.650,17145114,205486512
2015-06-30,17.050,19.380,18.860,16.980,23314532,421729952
2015-06-29,21.010,21.180,18.870,18.870,22261746,425101088
2015-06-26,22.400,22.400,20.970,20.970,14320608,306495712
2015-06-25,24.870,25.000,23.300,22.600,15199149,366149888
2015-06-24,24.880,25.310,24.860,24.080,18754392,464407456
2015-06-23,24.000,24.980,24.420,22.610,20228466,486691456
2015-06-19,23.400,24.450,23.900,22.700,15239581,356616672
2015-06-18,24.370,25.100,23.900,23.600,16478908,403734496
2015-06-17,25.150,25.150,24.390,23.020,23877996,569212608
2015-06-16,26.600,26.600,24.720,24.480,25129992,633860032
2015-06-15,28.270,28.890,27.000,26.600,32164698,898035712
2015-06-12,27.010,28.500,28.280,26.880,39531608,1109084032
2015-06-11,26.860,27.280,26.980,26.300,24110708,645681152
2015-06-10,26.680,27.550,26.900,26.510,24452142,662198336
2015-06-09,26.960,28.260,27.230,26.650,19019080,519916128
2015-06-08,28.250,28.700,28.190,27.500,21002136,592977344
2015-06-05,27.320,28.600,28.130,27.070,24351120,678784000
2015-06-04,28.050,28.060,26.970,25.400,19831470,532167328
2015-06-03,29.280,29.480,28.060,27.630,24359144,692314240
2015-06-02,28.000,29.280,29.280,27.290,31565240,905902080
2015-06-01,26.940,28.000,27.970,26.500,24790824,684462016
2015-05-29,27.500,28.480,26.930,25.800,29760568,814360448
2015-05-28,29.000,29.500,27.090,27.000,31527304,899749888
2015-05-27,30.090,30.100,29.300,28.400,35656700,1039810560
2015-05-26,29.800,30.590,30.360,28.770,26182884,771424448
2015-05-25,26.800,29.980,29.700,26.600,29307162,834742912
2015-05-22,28.010,28.530,27.330,26.800,21610308,592987968
2015-05-21,27.000,28.450,28.000,26.700,25328268,700871552
2015-05-20,25.460,27.400,26.990,24.100,29772988,783594304
2015-05-19,24.680,26.000,25.460,24.600,20558004,520418080
2015-05-18,24.950,25.210,24.640,24.300,18056208,447656672
2015-05-15,25.500,25.610,25.220,24.400,19714900,492784928
2015-05-14,25.200,26.650,25.530,24.620,19280346,489344928
2015-05-13,24.300,25.700,25.470,23.710,26299632,650847488
2015-05-12,24.950,26.220,24.610,24.260,35676576,900899072
2015-05-11,23.000,24.980,24.700,22.750,32662064,780295744
2015-05-08,20.890,22.720,22.720,20.780,34864088,762971712
2015-05-07,21.350,21.900,20.650,20.300,19894840,422019072
2015-05-06,21.000,22.480,21.330,20.660,27131172,583947008
2015-05-05,21.860,22.000,21.120,20.700,23402988,501720672
2015-05-04,20.700,22.480,21.710,20.510,27855704,596605760
2015-04-30,20.120,20.910,20.610,20.090,23703978,487511168
2015-04-29,19.620,20.260,20.030,18.800,17128904,339541152
2015-04-28,20.040,20.350,19.810,19.400,19375188,383731488
2015-04-27,19.730,20.740,20.020,19.700,20576026,414159296
2015-04-24,19.190,19.860,19.730,19.000,16345352,318857984
2015-04-23,19.090,19.760,19.600,18.690,17655192,343037792
2015-04-22,18.400,19.220,18.880,18.350,15817184,299333472
2015-04-21,17.520,18.450,18.300,17.480,12519302,227203040
2015-04-20,18.850,18.850,17.570,17.570,18728868,341144096
2015-04-17,19.360,19.530,18.880,18.880,15033715,287462784
2015-04-16,19.110,19.970,19.260,18.880,12264462,238350576
2015-04-15,19.950,20.030,19.500,18.720,21066428,408683872
2015-04-14,20.240,20.240,20.200,19.740,17529132,350569280
2015-04-13,20.500,21.240,20.270,19.850,22761068,464388416
2015-04-10,19.390,20.790,20.370,19.210,22779340,459405152
2015-04-09,19.500,19.860,19.400,18.300,21943164,417862336
2015-04-08,20.800,20.950,19.800,19.130,21869306,436981056
2015-04-07,19.990,21.020,20.800,19.750,22862168,466154304
2015-04-03,20.590,21.230,20.180,19.900,28402938,579515840
2015-04-02,19.900,19.910,19.750,19.020,24446444,476442144
2015-04-01,18.210,19.470,19.000,18.200,21337440,403620736
2015-08-20,17.250,18.100,17.580,16.900,24841448,439073056
2015-08-19,15.730,17.480,17.480,15.410,19150104,317157632
2015-08-18,17.500,18.180,16.370,16.120,30912194,540607744
2015-08-17,16.820,17.420,17.420,16.560,19199560,328080160
2015-08-14,17.040,17.380,17.000,16.600,17118620,292381312
2015-08-13,16.320,16.900,16.900,16.100,13169033,217797008
2015-08-12,16.580,17.080,16.450,16.380,13865743,231304432
2015-08-11,16.520,17.350,16.850,16.400,21168560,356903488
2015-08-10,15.990,16.810,16.630,15.830,20476328,334981728
2015-08-07,15.400,15.960,15.850,15.400,18257732,287710176
2015-08-06,14.400,15.190,15.150,14.400,12953430,193328192
2015-08-05,15.210,15.860,14.980,14.800,18067482,277175808
2015-08-04,14.300,15.480,15.460,14.300,16890072,250906736
2015-08-03,15.150,15.500,14.120,14.020,18892320,278092064
2015-07-31,16.000,16.570,15.580,15.250,24263972,384479424
2015-07-30,17.880,18.100,16.800,16.640,33505178,588866304
2015-07-29,18.210,18.500,18.490,16.480,48447792,850571328
2015-07-28,16.000,18.600,18.210,15.360,73665928,1299913728
2015-07-27,16.940,16.940,16.940,16.860,32439464,549501568
2015-07-24,15.400,15.400,15.400,15.400,124331,1914697
2015-07-06,15.950,15.980,14.000,13.230,26596832,380136896
2015-07-03,13.910,15.260,14.700,13.740,29209650,415195648
2015-07-02,16.500,16.660,15.270,15.270,20548200,318935456
2015-07-01,18.500,19.100,16.970,16.970,18128790,333286304
2015-08-28,14.200,15.480,15.330,13.780,20587956,297834400
2015-08-27,13.890,14.240,14.220,13.150,15733418,217816016
2015-08-26,13.060,14.120,13.880,12.700,27867506,379880576
2015-08-25,12.880,13.510,12.840,12.840,17017078,220431680
2015-08-24,14.700,15.000,14.270,14.270,18140120,260174208
2015-08-21,17.100,17.490,15.860,15.820,16200843,270417504
