#date, start price, highest price, close price, lowest price, deal number, deal amount
2015-03-31,1.650,1.651,1.606,1.604,3140067,5124217
2015-03-30,1.583,1.617,1.615,1.534,2810803,4448790
2015-03-27,1.535,1.555,1.550,1.528,1671750,2580913
2015-03-26,1.514,1.545,1.534,1.510,889450,1361802
2015-03-25,1.549,1.567,1.524,1.511,1607351,2481969
2015-03-24,1.550,1.585,1.553,1.501,3746335,5801903
2015-03-23,1.525,1.559,1.550,1.503,3796214,5837465
2015-03-20,1.480,1.528,1.508,1.463,2878371,4299384
2015-03-19,1.489,1.494,1.479,1.460,3197954,4745863
2015-03-18,1.512,1.515,1.491,1.466,5232509,7761257
2015-03-17,1.496,1.540,1.528,1.480,2891352,4342888
2015-03-16,1.476,1.563,1.528,1.431,2595812,3921770
2015-03-13,1.448,1.598,1.518,1.429,4996560,7692640
2015-03-12,1.351,1.470,1.462,1.340,2413274,3401411
2015-03-11,1.330,1.366,1.336,1.330,454827,612803
2015-03-10,1.346,1.354,1.348,1.327,544355,727229
2015-03-09,1.291,1.356,1.355,1.291,353842,468468
2015-03-06,1.309,1.338,1.319,1.309,128572,170438
2015-03-05,1.339,1.348,1.322,1.321,159675,212896
2015-03-04,1.318,1.359,1.344,1.318,427784,575902
2015-03-03,1.380,1.380,1.344,1.340,537066,726665
2015-03-02,1.355,1.368,1.368,1.354,875148,1191703
2015-02-27,1.350,1.352,1.351,1.342,826591,1115742
2015-02-26,1.309,1.350,1.346,1.309,769927,1029042
2015-02-25,1.328,1.343,1.327,1.306,722760,958966
2015-02-17,1.322,1.346,1.341,1.322,419168,561888
2015-02-16,1.316,1.328,1.318,1.306,347262,458617
2015-02-13,1.300,1.330,1.318,1.300,283534,373433
2015-02-12,1.284,1.310,1.308,1.281,392945,507758
2015-02-11,1.294,1.294,1.280,1.266,101800,130224
2015-02-10,1.270,1.270,1.267,1.248,121600,152936
2015-02-09,1.238,1.266,1.249,1.238,98402,123454
2015-02-06,1.249,1.287,1.271,1.245,215306,270356
2015-02-05,1.318,1.329,1.255,1.251,278500,362118
2015-02-04,1.284,1.300,1.280,1.278,465620,599186
2015-02-03,1.232,1.290,1.277,1.232,272082,342537
2015-02-02,1.283,1.283,1.246,1.240,188968,237852
2015-01-30,1.308,1.308,1.283,1.278,174688,223859
2015-01-29,1.300,1.311,1.278,1.265,348400,446139
2015-01-28,1.312,1.325,1.311,1.305,354062,466435
2015-01-27,1.322,1.344,1.331,1.308,721306,954756
2015-01-26,1.310,1.344,1.337,1.310,644801,853877
2015-01-23,1.340,1.353,1.340,1.335,997019,1338301
2015-01-22,1.330,1.346,1.341,1.320,1388251,1847164
2015-01-21,1.286,1.335,1.335,1.258,1479474,1930873
2015-01-20,1.275,1.290,1.276,1.241,902920,1143138
2015-01-19,1.333,1.333,1.248,1.236,1451286,1858701
2015-01-16,1.360,1.376,1.369,1.359,897981,1226005
2015-01-15,1.301,1.360,1.360,1.301,1041335,1387261
2015-01-14,1.323,1.324,1.309,1.300,894458,1175712
2015-01-13,1.305,1.325,1.321,1.305,812654,1068874
2015-01-12,1.300,1.330,1.305,1.282,1583158,2053290
2015-01-09,1.331,1.379,1.330,1.300,1636939,2185351
2015-01-08,1.390,1.390,1.354,1.350,2551453,3487795
2015-01-07,1.378,1.468,1.415,1.378,3350456,4742805
2015-01-06,1.356,1.373,1.373,1.340,2395821,3262479
2015-01-05,1.329,1.400,1.380,1.322,3507697,4786801
2015-06-30,1.790,1.980,1.975,1.753,335599,651657
2015-06-29,2.052,2.053,1.890,1.758,169500,319792
2015-06-26,2.114,2.139,1.950,1.942,1255100,2556110
2015-06-25,2.138,2.256,2.149,2.050,602538,1311795
2015-06-24,2.112,2.179,2.172,2.081,1311862,2775996
2015-06-23,2.098,2.098,2.086,1.976,222900,452586
2015-06-19,2.102,2.196,2.121,2.001,841500,1802823
2015-06-18,2.259,2.259,2.199,2.135,490600,1083118
2015-06-17,2.157,2.265,2.259,2.124,973900,2150058
2015-06-16,2.257,2.293,2.198,2.151,495900,1096725
2015-06-15,2.327,2.367,2.260,2.257,814392,1877624
2015-06-12,2.288,2.355,2.327,2.288,1399967,3238628
2015-06-11,2.308,2.342,2.320,2.228,959727,2218129
2015-06-10,2.318,2.365,2.344,2.309,936700,2185374
2015-06-09,2.395,2.498,2.339,2.310,1431486,3460345
2015-06-08,2.279,2.398,2.395,2.203,2320750,5319929
2015-06-05,2.231,2.347,2.269,2.216,974143,2216533
2015-06-04,2.150,2.229,2.223,2.000,1099600,2389634
2015-06-03,2.209,2.269,2.190,2.151,731812,1612384
2015-06-02,2.168,2.215,2.213,2.142,1335110,2915387
2015-06-01,2.080,2.176,2.165,2.005,1610823,3440731
2015-05-29,2.030,2.132,2.083,1.955,313542,631256
2015-05-28,2.158,2.212,2.070,2.070,695836,1483678
2015-05-27,2.228,2.276,2.210,2.199,1213180,2705382
2015-05-26,2.170,2.249,2.232,2.170,1611513,3568467
2015-05-25,2.053,2.195,2.195,2.050,1751134,3761147
2015-05-22,1.994,2.097,2.053,1.994,1444584,2973662
2015-05-21,1.916,1.970,1.968,1.916,1538583,2997203
2015-05-20,1.908,1.968,1.959,1.885,924486,1778020
2015-05-19,1.839,1.920,1.901,1.839,788450,1484366
2015-05-18,1.820,1.852,1.831,1.820,245295,449904
2015-05-15,1.862,1.889,1.851,1.835,279500,517061
2015-05-14,1.878,1.892,1.876,1.867,472096,887650
2015-05-13,1.889,1.898,1.879,1.861,610999,1150951
2015-05-12,1.878,1.892,1.879,1.849,791400,1482773
2015-05-11,1.819,1.870,1.867,1.806,1127495,2089489
2015-05-08,1.812,1.835,1.819,1.788,1117300,2029804
2015-05-07,1.823,1.848,1.813,1.802,516400,941131
2015-05-06,1.904,1.904,1.850,1.818,1523152,2822328
2015-05-05,1.910,1.923,1.859,1.852,1715758,3271679
2015-05-04,1.901,1.918,1.909,1.862,1045948,1994277
2015-04-30,1.901,1.921,1.905,1.880,452964,865476
2015-04-29,1.888,1.918,1.912,1.868,1559766,2974556
2015-04-28,1.911,1.937,1.894,1.858,2065214,3908680
2015-04-27,1.864,1.912,1.911,1.864,1598890,3041714
2015-04-24,1.892,1.898,1.881,1.860,808526,1516774
2015-04-23,1.910,1.945,1.918,1.860,1122890,2140118
2015-04-22,1.846,1.917,1.910,1.846,2035238,3863566
2015-04-21,1.769,1.829,1.825,1.749,922180,1669323
2015-04-20,1.818,1.970,1.769,1.721,2440848,4580605
2015-04-17,1.786,1.818,1.818,1.786,1950372,3514321
2015-04-16,1.709,1.760,1.758,1.690,1411857,2453175
2015-04-15,1.757,1.757,1.744,1.703,491256,851515
2015-04-14,1.750,1.782,1.746,1.721,930068,1632629
2015-04-13,1.757,1.781,1.762,1.733,1130266,1985054
2015-04-10,1.671,1.740,1.731,1.633,1460156,2472800
2015-04-09,1.721,1.738,1.694,1.650,790995,1342705
2015-04-08,1.708,1.738,1.721,1.678,1873280,3190155
2015-04-07,1.688,1.710,1.707,1.672,1122965,1909892
2015-04-03,1.638,1.669,1.667,1.610,1657862,2738826
2015-04-02,1.654,1.670,1.638,1.625,774139,1270347
2015-04-01,1.598,1.650,1.646,1.598,1186107,1934424
2015-08-20,1.570,1.614,1.542,1.542,68200,107605
2015-08-19,1.619,1.625,1.625,1.516,153785,242093
2015-08-18,1.688,1.718,1.611,1.611,151781,254019
2015-08-17,1.720,1.720,1.711,1.636,185400,313144
2015-08-14,1.717,1.767,1.720,1.702,129300,222324
2015-08-13,1.670,1.720,1.718,1.658,327728,556689
2015-08-12,1.720,1.720,1.702,1.670,162348,276204
2015-08-11,1.777,1.777,1.720,1.670,310632,531203
2015-08-10,1.604,1.720,1.689,1.604,295516,497538
2015-08-07,1.571,1.630,1.622,1.571,43254,69853
2015-08-06,1.525,1.622,1.591,1.525,48400,76689
2015-08-05,1.639,1.668,1.636,1.602,217646,351925
2015-08-04,1.475,1.645,1.637,1.475,275066,434329
2015-08-03,1.510,1.563,1.520,1.499,235160,357538
2015-07-31,1.565,1.625,1.576,1.532,143614,224590
2015-07-30,1.660,1.673,1.600,1.600,186034,305252
2015-07-29,1.610,1.680,1.680,1.538,362988,578224
2015-07-28,1.503,1.647,1.615,1.502,355100,558819
2015-07-27,1.753,1.816,1.650,1.643,503300,867293
2015-07-24,1.830,1.877,1.825,1.802,478244,882973
2015-07-23,1.751,1.868,1.864,1.722,717902,1297527
2015-07-22,1.765,1.805,1.778,1.751,352200,623785
2015-07-21,1.703,1.796,1.770,1.702,646996,1139107
2015-07-20,1.720,1.792,1.765,1.691,1068478,1872663
2015-07-17,1.625,1.728,1.724,1.610,553802,921725
2015-07-16,1.519,1.643,1.617,1.511,652032,1019825
2015-07-15,1.745,1.745,1.625,1.589,504654,828504
2015-07-14,1.728,1.820,1.766,1.673,1045904,1844237
2015-07-13,1.720,1.846,1.827,1.660,1917954,3346908
2015-07-10,1.605,1.730,1.729,1.500,2388678,3980170
2015-07-09,1.319,1.599,1.580,1.309,3428158,5004477
2015-07-08,1.455,1.456,1.454,1.454,83700,121740
2015-07-07,1.736,1.741,1.615,1.610,159802,263185
2015-07-06,1.900,1.940,1.788,1.702,870504,1634916
2015-07-03,1.718,1.799,1.777,1.605,1030008,1792422
2015-07-02,1.876,1.892,1.778,1.736,345750,609800
2015-07-01,1.998,1.998,1.927,1.875,390702,760006
