#date, start price, highest price, close price, lowest price, deal number, deal amount
2015-03-31,2.630,2.630,2.544,2.544,434152,1122366
2015-03-30,2.390,2.635,2.630,2.388,404286,1016288
2015-03-27,2.333,2.399,2.395,2.333,59502,141153
2015-03-26,2.360,2.400,2.389,2.331,213802,511199
2015-03-25,2.344,2.400,2.394,2.156,389421,899600
2015-03-24,2.336,2.374,2.367,2.310,382966,894895
2015-03-23,2.236,2.343,2.336,2.236,322226,731967
2015-03-20,2.267,2.299,2.288,2.225,615302,1405078
2015-03-19,2.230,2.288,2.287,2.151,676702,1478124
2015-03-18,2.160,2.379,2.220,2.157,279202,624474
2015-03-17,2.117,2.189,2.174,1.928,184200,379929
2015-03-16,2.061,2.126,2.120,2.060,132402,275847
2015-03-13,2.024,2.062,2.048,2.002,667400,1361577
2015-03-12,2.011,2.033,2.025,1.941,802000,1572185
2015-03-11,2.035,2.035,2.020,2.008,54200,109039
2015-03-10,2.038,2.039,2.028,2.008,530300,1079738
2015-03-09,2.000,2.026,2.025,1.952,665800,1324112
2015-03-06,2.002,2.002,2.002,1.951,88700,176685
2015-03-05,2.005,2.034,2.016,1.989,42300,85082
2015-03-04,1.998,2.030,2.025,1.993,114200,229436
2015-03-03,2.068,2.068,2.032,1.975,116810,235100
2015-03-02,2.050,2.050,2.038,1.949,135600,271642
2015-02-27,1.950,1.988,1.985,1.950,193900,382536
2015-02-26,1.957,1.957,1.956,1.897,398300,769726
2015-02-25,1.906,1.940,1.920,1.883,154424,294443
2015-02-17,1.900,1.937,1.937,1.890,85900,164306
2015-02-16,1.867,1.897,1.897,1.867,160608,303087
2015-02-13,1.801,1.898,1.888,1.801,272712,504447
2015-02-12,1.812,1.827,1.825,1.783,330200,597802
2015-02-11,1.803,1.818,1.809,1.774,342333,613619
2015-02-10,1.808,1.813,1.805,1.755,207900,371676
2015-02-09,1.761,1.822,1.800,1.761,264312,473902
2015-02-06,1.800,1.816,1.787,1.763,161200,285465
2015-02-05,1.802,1.848,1.819,1.802,390100,716331
2015-02-04,1.845,1.845,1.826,1.786,531324,960546
2015-02-03,1.808,1.848,1.838,1.743,559833,1010656
2015-02-02,1.789,1.789,1.787,1.735,338800,595267
2015-01-30,1.820,1.830,1.823,1.800,195900,354069
2015-01-29,1.808,1.835,1.835,1.805,244940,445626
2015-01-28,1.801,1.857,1.835,1.801,7041208,12908723
2015-01-27,1.847,1.860,1.833,1.767,933400,1698593
2015-01-26,1.790,1.848,1.833,1.769,1053100,1898739
2015-01-23,1.800,1.839,1.770,1.738,867100,1539354
2015-01-22,1.800,1.800,1.797,1.760,7648178,13550751
2015-01-21,1.723,1.771,1.770,1.723,656058,1148945
2015-01-20,1.707,1.720,1.720,1.652,549524,933962
2015-01-19,1.701,1.722,1.660,1.657,957412,1611245
2015-01-16,1.745,1.792,1.757,1.720,1102874,1934913
2015-01-15,1.669,1.795,1.795,1.669,2604864,4449352
2015-01-14,1.663,1.705,1.696,1.663,459588,776811
2015-01-13,1.668,1.698,1.694,1.637,874994,1471019
2015-01-12,1.715,1.715,1.668,1.636,913865,1515951
2015-01-09,1.785,1.785,1.720,1.680,1172994,2022808
2015-01-08,1.790,1.840,1.790,1.736,1513040,2687556
2015-01-07,1.734,1.898,1.821,1.724,4529431,8278177
2015-01-06,1.700,1.729,1.725,1.660,1468834,2503821
2015-01-05,1.728,1.728,1.692,1.633,465212,782706
2015-06-30,1.251,1.433,1.399,1.242,4133002,5453394
2015-06-29,1.470,1.507,1.380,1.309,2743498,3701158
2015-06-26,1.544,1.550,1.454,1.454,1022563,1518326
2015-06-25,1.660,1.698,1.616,1.610,1743059,2869304
2015-06-24,1.658,1.658,1.638,1.600,2248494,3665437
2015-06-23,1.540,1.648,1.604,1.415,1907532,2964285
2015-06-19,1.719,1.733,1.571,1.570,1789754,2971313
2015-06-18,1.790,1.810,1.735,1.691,1599432,2830286
2015-06-17,1.703,1.807,1.798,1.654,2191184,3765939
2015-06-16,1.773,1.886,1.740,1.711,3913542,6917483
2015-06-15,1.840,1.866,1.822,1.752,3148536,5765440
2015-06-12,1.823,1.897,1.866,1.823,4570603,8506107
2015-06-11,1.800,1.896,1.839,1.800,2591518,4746507
2015-06-10,1.753,1.830,1.800,1.750,5284675,9503630
2015-06-09,1.778,1.810,1.780,1.740,6700404,11837173
2015-06-08,1.805,1.813,1.778,1.725,4945326,8744031
2015-06-05,1.775,1.831,1.807,1.729,7738644,13964750
2015-06-04,1.769,1.808,1.753,1.593,4416810,7553596
2015-06-03,1.750,1.811,1.769,1.668,9486927,16710855
2015-06-02,1.702,1.779,1.768,1.702,10197344,17774822
2015-06-01,1.554,1.688,1.688,1.554,10184189,16758630
2015-05-29,1.559,1.620,1.548,1.458,9301286,14324886
2015-05-28,1.620,1.807,1.601,1.601,20562302,34433312
2015-05-27,1.779,1.868,1.779,1.779,11533366,20787194
2015-05-26,1.797,1.977,1.977,1.797,7811234,14947657
2015-05-25,1.704,1.797,1.797,1.668,1967170,3443397
2015-05-22,1.499,1.634,1.634,1.499,3056258,4865135
2015-05-21,1.436,1.485,1.485,1.429,1846040,2688751
2015-05-20,1.359,1.450,1.429,1.359,2482831,3548113
2015-05-19,1.301,1.355,1.350,1.301,3040248,4072686
2015-05-18,1.255,1.299,1.298,1.242,2326013,2997305
2015-05-15,1.268,1.294,1.259,1.229,2724345,3410733
2015-05-14,1.279,1.279,1.270,1.256,1542496,1953146
2015-05-13,1.281,1.297,1.275,1.255,2430550,3091166
2015-05-12,1.262,1.345,1.280,1.255,3652152,4701294
2015-05-11,1.157,1.250,1.249,1.150,5033411,6000821
2015-05-08,1.122,1.139,1.139,1.119,1160430,1308572
2015-05-07,1.119,1.161,1.119,1.119,1008000,1130877
2015-05-06,1.135,1.177,1.134,1.130,1683936,1944677
2015-05-05,1.175,1.178,1.145,1.141,1900684,2204148
2015-05-04,1.175,1.180,1.178,1.158,1862745,2174346
2015-04-30,1.162,1.195,1.178,1.162,2711064,3184600
2015-04-29,1.142,1.171,1.171,1.112,3458136,3995677
2015-04-28,1.188,1.188,1.142,1.080,2854354,3271878
2015-04-27,1.166,1.199,1.189,1.162,4785088,5671429
2015-04-24,1.178,1.183,1.174,1.130,4992645,5805351
2015-04-23,1.171,1.199,1.184,1.155,6756188,7936299
2015-04-22,1.111,1.172,1.171,1.111,7285434,8382013
2015-04-21,1.070,1.130,1.110,1.062,5679227,6192297
2015-04-20,1.082,1.096,1.075,1.075,8137948,8816524
2015-04-17,1.082,1.132,1.091,1.081,12455504,13644423
2015-04-16,1.133,1.133,1.133,1.133,5290300,5993910
2015-04-15,1.317,1.447,1.259,1.186,12949282,17526172
2015-04-14,1.237,1.317,1.317,1.230,11204503,14307495
2015-04-13,1.121,1.197,1.197,1.121,5069721,5990813
2015-04-10,1.088,1.088,1.088,1.070,1703658,1848877
2015-04-08,2.780,2.817,2.769,2.732,1084285,3014859
2015-04-07,2.703,2.820,2.819,2.703,676112,1880587
2015-04-03,2.650,2.822,2.701,2.561,818748,2222438
2015-04-02,2.540,2.599,2.596,2.540,743103,1910023
2015-04-01,2.520,2.560,2.552,2.520,731268,1859176
2015-08-20,1.200,1.214,1.132,1.132,259204,298356
2015-08-19,1.132,1.188,1.188,1.076,546644,607435
2015-08-18,1.258,1.270,1.132,1.132,568300,678184
2015-08-17,1.219,1.277,1.258,1.196,671542,829625
2015-08-14,1.212,1.260,1.230,1.212,510902,634937
2015-08-13,1.167,1.220,1.208,1.147,641950,758091
2015-08-12,1.200,1.210,1.167,1.162,449000,530450
2015-08-11,1.164,1.215,1.200,1.164,1231906,1478914
2015-08-10,1.091,1.189,1.189,1.091,1759504,2018772
2015-08-07,1.099,1.099,1.081,0.946,1362202,1416736
2015-08-06,1.054,1.054,1.038,0.980,1514186,1510769
2015-08-05,1.061,1.095,1.060,1.036,866424,919711
2015-08-04,0.998,1.058,1.051,0.900,869258,879028
2015-08-03,1.010,1.053,0.970,0.970,995700,975972
2015-07-31,1.010,1.108,1.078,1.010,461034,492822
2015-07-30,1.120,1.120,1.113,1.072,1372476,1513199
2015-07-29,1.062,1.155,1.126,1.030,699104,759354
2015-07-28,1.110,1.199,1.094,1.050,938590,1021900
2015-07-27,1.263,1.310,1.143,1.143,883400,1095507
2015-07-24,1.280,1.373,1.270,1.214,2100818,2775910
2015-07-23,1.189,1.260,1.256,1.056,1634683,1903550
2015-07-22,1.118,1.164,1.162,1.118,1784153,2029666
2015-07-21,1.070,1.127,1.127,1.018,1960510,2153056
2015-07-20,1.085,1.099,1.075,1.030,2142207,2277161
2015-07-17,0.935,1.029,1.020,0.935,1417021,1422573
2015-07-16,0.848,0.988,0.935,0.848,1293634,1170602
2015-07-15,1.025,1.067,0.923,0.923,1865200,1834321
2015-07-14,1.100,1.118,1.025,1.015,3705898,3914507
2015-07-13,1.050,1.128,1.127,1.029,2898616,3123382
2015-07-10,0.939,1.025,1.025,0.900,3705567,3709904
2015-07-09,0.762,0.932,0.932,0.762,3635375,3099141
2015-07-08,0.847,0.847,0.847,0.847,234100,198283
2015-07-07,0.981,0.981,0.941,0.941,1200400,1140619
2015-07-06,1.145,1.145,1.046,0.937,2600430,2738046
2015-07-03,1.108,1.156,1.041,1.041,2731199,2905320
2015-07-02,1.259,1.364,1.157,1.133,1669729,1987681
2015-07-01,1.390,1.398,1.259,1.259,2328400,3136526
