#date, start price, highest price, close price, lowest price, deal number, deal amount
2015-03-31,1.028,1.058,1.024,0.999,411982,433659
2015-03-30,1.001,1.024,1.019,0.971,326300,319203
2015-03-27,1.025,1.029,1.020,1.020,79661,81783
2015-03-26,1.035,1.039,1.029,1.028,36672,37882
2015-03-25,1.051,1.053,1.053,1.050,58168,61154
2015-03-24,1.035,1.090,1.053,1.035,139268,148357
2015-03-23,1.019,1.049,1.049,1.018,163852,169997
2015-03-20,1.028,1.028,1.018,1.014,150885,154333
2015-03-19,1.024,1.024,1.021,1.010,184980,188284
2015-03-18,1.017,1.028,1.024,1.009,490027,499539
2015-03-17,1.011,1.025,1.018,1.000,176577,179983
2015-03-16,1.000,1.012,1.012,0.940,409896,389791
2015-03-13,1.001,1.019,1.008,1.001,26100,26382
2015-03-12,0.998,1.021,1.019,0.997,111844,113659
2015-03-11,0.996,1.020,1.009,0.996,8700,8774
2015-03-10,0.983,1.018,1.011,0.983,208968,212062
2015-03-09,0.982,0.996,0.995,0.982,104734,103794
2015-03-06,0.984,0.998,0.989,0.984,30920,30550
2015-03-05,1.008,1.015,0.987,0.987,411720,417064
2015-03-04,0.988,1.000,1.000,0.988,114136,113932
2015-03-03,0.986,1.002,1.000,0.961,344236,335032
2015-03-02,1.003,1.003,1.000,0.978,301234,297246
2015-02-27,0.986,1.005,0.998,0.981,396508,394593
2015-02-26,0.994,0.994,0.990,0.986,67700,67051
2015-02-25,0.978,1.023,0.994,0.978,144900,143073
2015-02-17,0.985,0.994,0.994,0.965,491577,486292
2015-02-16,0.970,0.990,0.981,0.965,466736,454811
2015-02-13,0.948,0.967,0.966,0.948,375623,359242
2015-02-12,0.940,0.945,0.945,0.940,138548,130472
2015-02-11,0.938,0.940,0.937,0.937,203136,190556
2015-02-10,0.931,0.937,0.937,0.931,170764,159662
2015-02-09,0.928,0.937,0.935,0.928,40536,37938
2015-02-06,0.930,0.938,0.936,0.930,32156,30095
2015-02-05,0.940,0.942,0.936,0.936,90172,84669
2015-02-04,0.929,0.939,0.936,0.929,92000,86003
2015-02-03,0.923,0.940,0.939,0.923,146176,136618
2015-02-02,0.939,0.944,0.935,0.926,309636,290237
2015-01-30,0.945,0.957,0.930,0.930,120636,114949
2015-01-29,0.950,0.950,0.938,0.938,135075,127083
2015-01-28,0.937,0.945,0.941,0.936,333596,313266
2015-01-27,0.932,0.953,0.948,0.917,647100,602544
2015-01-26,0.925,0.944,0.943,0.925,551748,518905
2015-01-23,0.929,0.940,0.928,0.920,392395,365823
2015-01-22,0.910,0.950,0.942,0.909,748414,689316
2015-01-21,0.924,0.925,0.914,0.913,510200,467285
2015-01-20,0.912,0.915,0.914,0.909,910186,831545
2015-01-19,0.904,0.913,0.910,0.903,628716,570554
2015-01-16,0.913,0.915,0.906,0.905,640104,583225
2015-01-15,0.894,0.908,0.907,0.894,147108,132700
2015-01-14,0.890,0.897,0.896,0.885,557860,498357
2015-01-13,0.890,0.894,0.890,0.884,851780,757857
2015-01-12,0.883,0.892,0.890,0.881,687490,608698
2015-01-09,0.912,0.912,0.894,0.885,1415300,1263497
2015-01-08,0.932,0.932,0.923,0.882,465688,415108
2015-01-07,0.901,0.954,0.932,0.901,543639,498387
2015-01-05,0.950,0.968,0.965,0.950,157480,150987
2015-06-30,0.845,0.845,0.832,0.820,3003676,2488223
2015-06-29,0.858,0.861,0.853,0.845,3537704,3015153
2015-06-26,0.854,0.865,0.861,0.846,4377738,3751562
2015-06-25,0.843,0.852,0.850,0.840,2714086,2297058
2015-06-24,0.834,0.843,0.841,0.831,3080108,2578125
2015-06-23,0.844,0.844,0.831,0.826,2833868,2352934
2015-06-19,0.845,0.849,0.838,0.836,2896266,2435788
2015-06-18,0.855,0.856,0.854,0.845,3790440,3228670
2015-06-17,0.850,0.855,0.855,0.850,1291019,1100748
2015-06-16,0.847,0.858,0.857,0.842,3007914,2563198
2015-06-15,0.854,0.855,0.847,0.847,2072648,1764294
2015-06-12,0.853,0.863,0.856,0.853,3940708,3379820
2015-06-11,0.856,0.865,0.854,0.852,2811454,2406487
2015-06-10,0.854,0.866,0.861,0.853,4303972,3697974
2015-06-09,0.861,0.861,0.854,0.850,3159260,2707851
2015-06-08,0.870,0.871,0.859,0.858,5394392,4662455
2015-06-05,0.867,0.871,0.868,0.863,11753968,10200510
2015-06-04,0.857,0.869,0.863,0.851,10261388,8853316
2015-06-03,0.838,0.858,0.857,0.835,10192065,8641474
2015-06-02,0.842,0.866,0.852,0.818,8924373,7449013
2015-06-01,0.876,0.959,0.888,0.876,7474348,6635866
2015-05-29,1.000,1.000,0.973,0.900,701520,673556
2015-05-27,1.118,1.118,1.095,1.091,1973083,2181060
2015-05-26,1.080,1.120,1.120,1.080,1697871,1865574
2015-05-25,1.100,1.100,1.100,1.071,1323890,1443677
2015-05-22,1.140,1.179,1.117,1.081,2094511,2325595
2015-05-21,1.189,1.197,1.152,1.099,2140968,2396285
2015-05-20,1.188,1.279,1.206,1.188,581500,723594
2015-05-19,1.190,1.260,1.230,1.173,268120,320068
2015-05-18,1.163,1.224,1.205,1.163,277792,329022
2015-05-15,1.197,1.236,1.201,1.197,168281,204303
2015-05-14,1.135,1.239,1.205,1.111,775659,924628
2015-05-13,1.111,1.139,1.136,1.071,886662,987271
2015-05-12,1.091,1.120,1.120,1.091,285414,317984
2015-05-11,1.120,1.126,1.113,1.088,353200,393237
2015-05-08,1.111,1.157,1.110,1.071,445700,502750
2015-05-07,1.101,1.159,1.111,1.060,349200,376531
2015-05-06,1.100,1.168,1.137,1.100,233052,265951
2015-05-05,1.105,1.179,1.168,1.050,687671,791773
2015-05-04,1.070,1.115,1.108,1.031,461257,495374
2015-04-30,1.115,1.115,1.070,1.056,148253,160885
2015-04-29,1.043,1.138,1.076,1.043,248253,271769
2015-04-28,1.111,1.215,1.042,1.030,443582,501709
2015-04-27,1.062,1.118,1.111,1.037,284440,310338
2015-04-24,1.052,1.071,1.062,1.052,386229,409858
2015-04-23,1.037,1.055,1.053,1.004,359329,375419
2015-04-22,1.045,1.045,1.040,1.030,131600,136797
2015-04-21,1.010,1.045,1.044,1.010,629109,650175
2015-04-20,1.030,1.030,1.021,0.942,527814,522454
2015-04-17,0.994,1.015,1.015,0.994,840727,845882
2015-04-16,0.982,1.008,0.994,0.982,372516,372150
2015-04-15,1.003,1.015,0.987,0.984,649273,650114
2015-04-14,0.988,1.008,1.008,0.981,1169583,1170032
2015-04-13,0.968,1.000,0.999,0.968,2443305,2422324
2015-04-10,0.941,0.976,0.974,0.938,2581466,2473868
2015-04-09,0.950,0.958,0.940,0.935,3649550,3460484
2015-04-08,1.000,1.001,0.965,0.958,3006872,2916080
2015-04-07,1.002,1.059,1.040,1.000,540876,547219
2015-04-03,1.017,1.048,1.029,1.011,134604,138547
2015-04-02,1.038,1.050,1.038,1.015,141316,146415
2015-04-01,1.024,1.060,1.026,1.006,99310,102847
2015-08-20,0.925,0.928,0.928,0.924,582456,539849
2015-08-19,0.927,0.927,0.925,0.921,1219360,1128340
2015-08-18,0.918,0.927,0.921,0.918,1328403,1223551
2015-08-17,0.908,0.918,0.918,0.908,1187968,1086750
2015-08-14,0.904,0.908,0.908,0.903,466299,422193
2015-08-13,0.901,0.908,0.904,0.900,1678969,1517843
2015-08-12,0.900,0.903,0.903,0.895,810020,729525
2015-08-11,0.899,0.901,0.898,0.891,1257203,1127451
2015-08-10,0.912,0.912,0.901,0.899,4358003,3944766
2015-08-07,0.915,0.917,0.917,0.912,831356,760609
2015-08-06,0.914,0.918,0.917,0.914,642968,589071
2015-08-05,0.907,0.916,0.914,0.905,759760,692875
2015-08-04,0.916,0.924,0.907,0.905,1532000,1399372
2015-08-03,0.905,0.917,0.916,0.905,3148877,2867859
2015-07-31,0.896,0.907,0.906,0.896,1258515,1133796
2015-07-30,0.882,0.896,0.896,0.881,3135476,2788266
2015-07-29,0.870,0.895,0.886,0.870,2331104,2063114
2015-07-28,0.888,0.888,0.880,0.873,684220,602513
2015-07-27,0.868,0.888,0.888,0.864,2080752,1825600
2015-07-24,0.850,0.868,0.868,0.850,671548,577660
2015-07-23,0.875,0.882,0.868,0.866,2460324,2142930
2015-07-22,0.886,0.891,0.883,0.873,3545128,3130784
2015-07-21,0.891,0.929,0.893,0.890,3299032,2976017
2015-07-20,0.891,0.898,0.892,0.884,4170140,3715447
2015-07-17,0.883,0.902,0.899,0.883,9787283,8767394
2015-07-16,0.873,0.888,0.884,0.870,7972820,6982721
2015-07-15,0.863,0.885,0.875,0.863,3941344,3444975
2015-07-14,0.831,0.857,0.855,0.831,4875477,4144366
2015-07-13,0.834,0.841,0.839,0.824,3723128,3108296
2015-07-10,0.818,0.845,0.834,0.818,3527772,2931507
2015-07-09,0.800,0.836,0.836,0.781,3572900,2916286
2015-07-08,0.840,0.850,0.790,0.759,6731722,5323621
2015-07-07,0.829,0.858,0.843,0.823,5308596,4482460
2015-07-06,0.815,0.834,0.830,0.803,7397687,6097031
2015-07-03,0.814,0.818,0.816,0.802,3299388,2674357
2015-07-02,0.829,0.829,0.810,0.803,1851476,1497258
2015-07-01,0.832,0.832,0.825,0.818,829168,681737
