#date, start price, highest price, close price, lowest price, deal number, deal amount
2015-03-31,1.148,1.153,1.153,1.146,1209120,1389118
2015-03-30,1.151,1.152,1.151,1.148,981300,1128122
2015-03-27,1.148,1.152,1.151,1.148,10200,11737
2015-03-26,1.151,1.153,1.151,1.143,182800,210261
2015-03-25,1.151,1.153,1.151,1.150,109131,125522
2015-03-24,1.152,1.154,1.150,1.150,548300,632164
2015-03-23,1.150,1.153,1.153,1.150,206542,237937
2015-03-20,1.153,1.154,1.152,1.151,899943,1037042
2015-03-19,1.153,1.156,1.153,1.153,2716900,3138408
2015-03-18,1.154,1.157,1.154,1.152,2173715,2506083
2015-03-17,1.152,1.156,1.156,1.152,6318280,7303290
2015-03-16,1.149,1.156,1.155,1.149,6086200,7022176
2015-03-13,1.149,1.151,1.150,1.149,3752503,4312202
2015-03-12,1.148,1.148,1.148,1.146,2414100,2771381
2015-03-11,1.144,1.148,1.148,1.144,2807400,3219862
2015-03-10,1.145,1.147,1.147,1.141,1709415,1957175
2015-03-09,1.146,1.147,1.147,1.146,3185423,3650554
2015-03-06,1.145,1.147,1.146,1.145,206000,236049
2015-03-05,1.146,1.147,1.146,1.145,6180830,7081575
2015-03-04,1.145,1.147,1.146,1.145,2745230,3146064
2015-03-03,1.147,1.147,1.146,1.143,3812900,4371327
2015-03-02,1.145,1.147,1.146,1.144,2368130,2712389
2015-02-27,1.145,1.148,1.146,1.145,2158535,2477637
2015-02-26,1.146,1.146,1.145,1.145,1081700,1239573
2015-02-25,1.147,1.150,1.146,1.146,7529700,8640402
2015-02-17,1.149,1.150,1.147,1.146,505200,580083
2015-02-16,1.144,1.145,1.145,1.139,7632200,8732447
2015-02-13,1.140,1.144,1.143,1.138,8565224,9763527
2015-02-12,1.134,1.140,1.139,1.134,6276224,7138065
2015-02-11,1.134,1.136,1.134,1.134,1851611,2101281
2015-02-10,1.133,1.134,1.133,1.132,5817200,6590902
2015-02-09,1.133,1.133,1.133,1.132,640224,725050
2015-02-06,1.130,1.133,1.132,1.130,2835700,3208839
2015-02-05,1.131,1.132,1.131,1.130,871649,986087
2015-02-04,1.131,1.132,1.131,1.129,16363965,18492546
2015-02-03,1.130,1.132,1.132,1.130,1524427,1723793
2015-02-02,1.131,1.132,1.132,1.130,808000,914055
2015-01-30,1.135,1.135,1.133,1.131,26317656,29826136
2015-01-29,1.134,1.135,1.134,1.133,9506100,10777190
2015-01-28,1.132,1.135,1.134,1.132,7005200,7943915
2015-01-27,1.135,1.135,1.134,1.132,8609221,9751305
2015-01-26,1.133,1.135,1.134,1.130,7586559,8597353
2015-01-23,1.132,1.133,1.133,1.132,1798800,2036365
2015-01-22,1.128,1.132,1.132,1.128,18657628,21075574
2015-01-21,1.125,1.132,1.132,1.125,12808601,14454598
2015-01-20,1.130,1.131,1.127,1.124,9417811,10597163
2015-01-19,1.127,1.131,1.128,1.127,81500,92034
2015-01-16,1.128,1.130,1.129,1.126,913100,1029440
2015-01-15,1.124,1.128,1.126,1.123,2494257,2810691
2015-01-14,1.123,1.126,1.126,1.123,970444,1090984
2015-01-13,1.123,1.127,1.126,1.123,538300,605708
2015-01-12,1.124,1.128,1.127,1.123,414400,467035
2015-01-09,1.128,1.129,1.128,1.125,971223,1094213
2015-01-08,1.128,1.128,1.128,1.125,15400,17370
2015-01-07,1.129,1.129,1.127,1.126,440500,497047
2015-01-06,1.124,1.130,1.129,1.121,11602594,13093190
2015-01-05,1.125,1.128,1.125,1.123,1347480,1516639
2015-06-30,1.168,1.169,1.169,1.158,3286733,3838863
2015-06-29,1.160,1.168,1.168,1.159,7585047,8829104
2015-06-26,1.159,1.161,1.159,1.159,28887934,33481118
2015-06-25,1.160,1.160,1.159,1.159,30064900,34845620
2015-06-24,1.159,1.165,1.160,1.158,4951149,5755319
2015-06-23,1.159,1.159,1.158,1.158,827500,958802
2015-06-19,1.160,1.161,1.158,1.158,2190876,2541171
2015-06-18,1.162,1.164,1.163,1.161,25736200,29927350
2015-06-17,1.163,1.164,1.162,1.161,7152001,8317699
2015-06-16,1.161,1.166,1.162,1.160,11500342,13362000
2015-06-15,1.168,1.168,1.161,1.161,23600,27529
2015-06-12,1.162,1.168,1.168,1.162,5174821,6041621
2015-06-11,1.161,1.168,1.168,1.161,4522000,5277951
2015-06-10,1.160,1.168,1.168,1.158,420201,490502
2015-06-09,1.161,1.168,1.168,1.156,2162370,2511879
2015-06-08,1.156,1.161,1.161,1.156,3205280,3718094
2015-06-05,1.155,1.161,1.160,1.155,556729,645536
2015-06-04,1.155,1.161,1.160,1.151,11095808,12868474
2015-06-03,1.153,1.160,1.159,1.153,16810692,19497652
2015-06-02,1.152,1.160,1.160,1.152,2156400,2491432
2015-06-01,1.152,1.160,1.160,1.150,17042156,19687226
2015-05-29,1.157,1.157,1.156,1.149,293200,338780
2015-05-28,1.148,1.156,1.156,1.148,2775716,3203959
2015-05-27,1.156,1.157,1.156,1.145,3436600,3972699
2015-05-26,1.155,1.157,1.157,1.155,3824938,4420807
2015-05-25,1.159,1.160,1.159,1.155,2891602,3345601
2015-05-22,1.157,1.160,1.160,1.157,4376109,5071938
2015-05-21,1.149,1.160,1.159,1.147,4057400,4695191
2015-05-20,1.158,1.159,1.157,1.062,3311200,3776927
2015-05-19,1.155,1.158,1.157,1.155,3232401,3738744
2015-05-18,1.160,1.161,1.159,1.158,89900,104214
2015-05-15,1.155,1.161,1.161,1.155,6721259,7798678
2015-05-14,1.158,1.161,1.160,1.158,3822800,4434628
2015-05-13,1.157,1.162,1.159,1.157,597402,692453
2015-05-12,1.155,1.161,1.159,1.155,80300,93035
2015-05-11,1.158,1.162,1.159,1.158,934902,1085437
2015-05-08,1.152,1.158,1.158,1.152,34543160,39964732
2015-05-07,1.157,1.157,1.157,1.152,4292100,4965615
2015-05-06,1.158,1.158,1.157,1.156,3623759,4195372
2015-05-05,1.157,1.159,1.158,1.157,1500001,1735517
2015-05-04,1.151,1.157,1.157,1.150,6366700,7358441
2015-04-30,1.150,1.156,1.155,1.150,5574666,6437215
2015-04-29,1.153,1.153,1.153,1.140,11716714,13508614
2015-04-28,1.151,1.153,1.153,1.150,102200,117587
2015-04-27,1.154,1.155,1.153,1.150,1203302,1387421
2015-04-24,1.153,1.155,1.153,1.151,1955400,2255839
2015-04-23,1.149,1.155,1.153,1.148,5665982,6524672
2015-04-22,1.148,1.151,1.150,1.148,436006,501308
2015-04-21,1.151,1.151,1.148,1.148,618100,711111
2015-04-20,1.151,1.151,1.151,1.147,1206100,1386148
2015-04-17,1.148,1.151,1.150,1.148,1345700,1546274
2015-04-16,1.146,1.148,1.148,1.146,490100,562565
2015-04-15,1.146,1.149,1.147,1.146,97501,111789
2015-04-14,1.148,1.149,1.146,1.146,716900,822170
2015-04-13,1.148,1.148,1.148,1.146,1448100,1661440
2015-04-10,1.148,1.149,1.148,1.147,319900,367255
2015-04-09,1.149,1.150,1.150,1.148,116800,134203
2015-04-08,1.145,1.149,1.149,1.145,4270197,4900357
2015-04-07,1.146,1.150,1.148,1.145,1880300,2157631
2015-04-03,1.149,1.150,1.148,1.146,801200,920181
2015-04-02,1.153,1.153,1.151,1.148,644505,741576
2015-04-01,1.152,1.154,1.153,1.150,4712723,5423307
2015-08-20,1.188,1.190,1.189,1.188,72000,85592
2015-08-19,1.188,1.189,1.188,1.187,1967000,2336974
2015-08-18,1.187,1.189,1.188,1.187,70500,83712
2015-08-17,1.188,1.189,1.189,1.186,1625500,1928228
2015-08-14,1.190,1.190,1.189,1.188,1410340,1677584
2015-08-13,1.190,1.190,1.189,1.189,401500,477745
2015-08-12,1.186,1.190,1.190,1.186,338400,402476
2015-08-11,1.189,1.190,1.190,1.186,224400,266428
2015-08-10,1.190,1.191,1.190,1.184,1957900,2320838
2015-08-07,1.189,1.192,1.192,1.188,1979713,2353251
2015-08-06,1.192,1.193,1.189,1.189,1925000,2294697
2015-08-05,1.187,1.191,1.191,1.185,7263893,8648886
2015-08-04,1.188,1.192,1.188,1.188,1066400,1269501
2015-08-03,1.193,1.193,1.190,1.187,2448200,2913354
2015-07-31,1.183,1.188,1.188,1.183,1556700,1848670
2015-07-30,1.181,1.193,1.185,1.181,3098500,3663125
2015-07-29,1.185,1.185,1.182,1.182,530600,627323
2015-07-28,1.177,1.185,1.184,1.177,100300,118536
2015-07-27,1.175,1.184,1.180,1.175,302413,357318
2015-07-24,1.180,1.183,1.180,1.180,505400,597872
2015-07-23,1.183,1.184,1.183,1.173,658800,778923
2015-07-22,1.179,1.183,1.183,1.179,1529600,1809234
2015-07-21,1.177,1.184,1.184,1.177,11553713,13655994
2015-07-20,1.179,1.180,1.180,1.176,3734779,4403328
2015-07-17,1.177,1.181,1.181,1.177,248313,292781
2015-07-16,1.172,1.178,1.178,1.172,1129300,1330099
2015-07-15,1.172,1.176,1.173,1.172,1216993,1430310
2015-07-14,1.175,1.175,1.170,1.170,936278,1096074
2015-07-13,1.168,1.175,1.172,1.168,135613,159114
2015-07-10,1.179,1.179,1.173,1.163,503878,588700
2015-07-09,1.164,1.184,1.184,1.160,4767480,5568004
2015-07-08,1.170,1.179,1.178,1.160,13497607,15785299
2015-07-07,1.170,1.174,1.173,1.167,10326688,12114392
2015-07-06,1.173,1.174,1.173,1.164,95443,111585
2015-07-03,1.166,1.174,1.174,1.166,2319100,2719116
2015-07-02,1.161,1.174,1.174,1.161,10394275,12145848
2015-07-01,1.168,1.170,1.169,1.159,3709100,4311879
