#date, start price, highest price, close price, lowest price, deal number, deal amount
2015-03-31,0.864,0.868,0.866,0.851,2645598,2277854
2015-03-30,0.883,0.883,0.868,0.867,1233200,1080887
2015-03-27,0.878,0.882,0.880,0.873,646655,566895
2015-03-26,0.871,0.890,0.882,0.871,835110,734836
2015-03-25,0.874,0.878,0.875,0.864,1429589,1245975
2015-03-24,0.884,0.884,0.878,0.875,627600,552438
2015-03-23,0.891,0.892,0.887,0.885,697690,619204
2015-03-20,0.890,0.900,0.891,0.890,1825280,1631621
2015-03-19,0.894,0.896,0.894,0.889,2995877,2676425
2015-03-18,0.886,0.894,0.894,0.884,2122256,1886912
2015-03-17,0.882,0.889,0.886,0.882,1884557,1669263
2015-03-16,0.883,0.886,0.882,0.882,1944858,1719082
2015-03-13,0.883,0.884,0.882,0.882,1782017,1574120
2015-03-12,0.883,0.885,0.882,0.881,2082890,1837973
2015-03-11,0.881,0.884,0.884,0.881,1074487,948495
2015-03-10,0.884,0.884,0.881,0.880,251991,222140
2015-03-09,0.886,0.886,0.883,0.880,263003,232079
2015-03-06,0.882,0.885,0.885,0.880,344838,304903
2015-03-05,0.890,0.890,0.882,0.882,249980,221007
2015-03-04,0.887,0.888,0.887,0.886,201183,178425
2015-03-03,0.883,0.891,0.889,0.883,936821,832598
2015-03-02,0.888,0.890,0.889,0.881,1266500,1123643
2015-02-27,0.884,0.893,0.889,0.884,957512,852451
2015-02-26,0.889,0.890,0.890,0.881,1746842,1548625
2015-02-25,0.894,0.894,0.889,0.888,679407,604032
2015-02-17,0.887,0.892,0.891,0.887,1637900,1457591
2015-02-16,0.883,0.889,0.887,0.883,2236167,1980771
2015-02-13,0.877,0.885,0.885,0.876,3201256,2823227
2015-02-12,0.870,0.876,0.876,0.869,2360985,2060315
2015-02-11,0.868,0.872,0.870,0.867,1573241,1368500
2015-02-10,0.867,0.870,0.869,0.866,1382043,1198969
2015-02-09,0.866,0.868,0.867,0.864,1203100,1042709
2015-02-06,0.861,0.867,0.866,0.861,2178783,1886598
2015-02-05,0.862,0.870,0.861,0.859,1098000,948619
2015-02-04,0.859,0.865,0.864,0.859,1569620,1354747
2015-02-03,0.858,0.866,0.864,0.855,1876786,1611705
2015-02-02,0.860,0.860,0.859,0.842,2205801,1890006
2015-01-30,0.861,0.865,0.861,0.861,1604743,1383757
2015-01-29,0.870,0.870,0.861,0.861,1933300,1671168
2015-01-28,0.868,0.870,0.868,0.865,2542960,2205707
2015-01-27,0.860,0.870,0.866,0.858,5988424,5177025
2015-01-26,0.849,0.861,0.860,0.849,4713592,4038481
2015-01-23,0.843,0.851,0.850,0.843,5898290,4994693
2015-01-22,0.844,0.845,0.845,0.841,6283644,5294475
2015-01-21,0.844,0.846,0.844,0.842,4171754,3521953
2015-01-20,0.845,0.847,0.847,0.841,5902813,4982652
2015-01-19,0.840,0.846,0.843,0.840,7843617,6614247
2015-01-16,0.835,0.839,0.839,0.835,4262740,3565691
2015-01-15,0.831,0.837,0.834,0.831,2134706,1781616
2015-01-14,0.831,0.834,0.832,0.828,3463157,2879092
2015-01-13,0.830,0.831,0.831,0.827,2462659,2042467
2015-01-12,0.831,0.832,0.829,0.826,5838828,4845194
2015-01-09,0.830,0.831,0.831,0.828,5295755,4392828
2015-01-08,0.827,0.832,0.832,0.826,11211538,9289592
2015-01-07,0.900,0.900,0.900,0.900,58200,52380
2015-01-05,0.877,0.878,0.874,0.873,2646157,2315448
2015-06-30,0.827,0.832,0.810,0.805,76571152,62865296
2015-06-29,0.818,0.841,0.832,0.807,240331552,199283840
2015-06-26,0.807,0.835,0.831,0.806,163190496,133734840
2015-06-25,0.794,0.806,0.805,0.791,85462112,68383768
2015-06-24,0.791,0.797,0.794,0.785,46393784,36772680
2015-06-23,0.797,0.798,0.791,0.790,35146384,27861490
2015-06-19,0.795,0.804,0.801,0.791,105589792,84349488
2015-06-18,0.797,0.799,0.796,0.791,70467080,56094944
2015-06-17,0.795,0.799,0.798,0.792,57017440,45431496
2015-06-16,0.790,0.797,0.796,0.785,87505128,69250312
2015-06-15,0.792,0.792,0.789,0.787,24577932,19392572
2015-06-12,0.800,0.801,0.795,0.790,48238052,38447760
2015-06-11,0.794,0.800,0.800,0.791,44185884,35181024
2015-06-10,0.803,0.803,0.796,0.779,55508984,44013696
2015-06-09,0.807,0.807,0.803,0.800,41432288,33275776
2015-06-08,0.820,0.821,0.807,0.804,46310096,37466020
2015-06-05,0.822,0.824,0.822,0.820,31953264,26259524
2015-06-04,0.816,0.828,0.824,0.816,84410800,69637056
2015-06-03,0.804,0.820,0.818,0.803,85252928,69429760
2015-06-02,0.802,0.806,0.804,0.799,35483044,28501048
2015-06-01,0.808,0.817,0.805,0.798,151107216,122171488
2015-05-29,0.818,0.819,0.812,0.809,123666400,100525144
2015-05-28,0.808,0.826,0.822,0.804,229610336,186706000
2015-05-27,0.828,0.829,0.817,0.817,108012176,88653576
2015-05-26,0.842,0.842,0.831,0.828,159976496,133386664
2015-05-25,0.849,0.849,0.843,0.843,135962976,114842448
2015-05-22,0.847,0.850,0.848,0.846,92384840,78287296
2015-05-21,0.847,0.849,0.848,0.846,60867704,51565648
2015-05-20,0.850,0.851,0.848,0.845,78099584,66266168
2015-05-19,0.853,0.853,0.850,0.849,40055644,34058640
2015-05-18,0.856,0.856,0.852,0.851,38712596,33033718
2015-05-15,0.859,0.865,0.857,0.853,165459104,141942384
2015-05-14,0.849,0.861,0.859,0.848,115499320,98746656
2015-05-13,0.847,0.851,0.850,0.846,46004872,39051980
2015-05-12,0.847,0.849,0.846,0.845,38808908,32875838
2015-05-11,0.852,0.853,0.847,0.847,92345000,78483288
2015-05-08,0.850,0.856,0.855,0.848,87695968,74752624
2015-05-07,0.849,0.852,0.849,0.848,74429888,63236304
2015-05-06,0.850,0.854,0.850,0.850,39779092,33885316
2015-05-05,0.856,0.856,0.852,0.850,77397344,66047992
2015-05-04,0.858,0.858,0.855,0.854,80063384,68469456
2015-04-30,0.856,0.859,0.858,0.855,86017408,73724272
2015-04-29,0.856,0.858,0.855,0.853,111979864,95874296
2015-04-28,0.855,0.860,0.857,0.851,133578888,114176000
2015-04-27,0.860,0.860,0.855,0.855,175777296,150613840
2015-04-24,0.860,0.862,0.861,0.858,209233008,179896032
2015-04-23,0.864,0.864,0.861,0.860,177533776,153112160
2015-04-22,0.861,0.866,0.865,0.860,164050160,141625584
2015-04-21,0.863,0.865,0.864,0.860,148714848,128386400
2015-04-20,0.863,0.864,0.863,0.858,121364496,104528816
2015-04-17,0.857,0.864,0.862,0.855,175155344,150593504
2015-04-16,0.858,0.859,0.857,0.853,148658304,127338376
2015-04-15,0.848,0.860,0.857,0.848,183083600,156359872
2015-04-14,0.843,0.852,0.849,0.840,320252928,271288192
2015-04-13,0.843,0.847,0.847,0.839,629929984,530792544
2015-04-10,0.822,0.852,0.844,0.822,476126432,400124608
2015-04-09,0.850,0.858,0.857,0.848,132445208,112942016
2015-04-08,0.856,0.858,0.850,0.846,199848704,170277776
2015-04-07,0.859,0.863,0.859,0.857,232730944,200074224
2015-04-03,0.864,0.866,0.866,0.861,49495516,42772144
2015-04-02,0.859,0.867,0.864,0.857,34649348,29872934
2015-04-01,0.855,0.866,0.863,0.851,21576938,18470612
2015-08-20,0.886,0.894,0.893,0.884,65097692,57907944
2015-08-19,0.887,0.890,0.886,0.883,37189788,32969494
2015-08-18,0.879,0.888,0.888,0.879,55797036,49349852
2015-08-17,0.877,0.881,0.881,0.875,16899316,14853305
2015-08-14,0.874,0.877,0.877,0.871,34063276,29803506
2015-08-13,0.871,0.878,0.875,0.869,26323266,23019042
2015-08-12,0.868,0.872,0.871,0.866,45959284,39874548
2015-08-11,0.865,0.874,0.867,0.860,75216672,65129996
2015-08-10,0.878,0.879,0.865,0.864,19459400,16970460
2015-08-07,0.878,0.881,0.880,0.876,20102492,17676906
2015-08-06,0.881,0.883,0.880,0.877,25422900,22344628
2015-08-05,0.875,0.882,0.880,0.870,27983674,24565640
2015-08-04,0.880,0.883,0.877,0.874,62166000,54684088
2015-08-03,0.869,0.882,0.882,0.869,58607536,51494400
2015-07-31,0.866,0.871,0.869,0.863,59966872,51927844
2015-07-30,0.860,0.866,0.866,0.855,11163400,9597750
2015-07-29,0.856,0.868,0.861,0.851,23598008,20342446
2015-07-28,0.865,0.868,0.859,0.849,51250452,44206104
2015-07-27,0.846,0.867,0.864,0.840,54843460,46865368
2015-07-24,0.832,0.846,0.846,0.829,30112402,25224100
2015-07-23,0.835,0.837,0.833,0.831,40452800,33767412
2015-07-22,0.862,0.862,0.835,0.835,108202496,91172368
2015-07-21,0.867,0.873,0.864,0.862,58994460,51261764
2015-07-20,0.874,0.879,0.867,0.863,135982208,118522248
2015-07-17,0.870,0.881,0.874,0.870,110928864,97462696
2015-07-16,0.861,0.871,0.870,0.857,97495384,84246360
2015-07-15,0.847,0.864,0.861,0.845,135310064,116193208
2015-07-14,0.847,0.854,0.846,0.839,93956040,79534296
2015-07-13,0.825,0.850,0.844,0.822,156762688,132053928
2015-07-10,0.830,0.833,0.830,0.806,61735672,50493056
2015-07-09,0.782,0.860,0.834,0.782,96750424,81963768
2015-07-08,0.843,0.851,0.824,0.822,130869544,109222816
2015-07-07,0.829,0.856,0.849,0.829,399632416,339108384
2015-07-06,0.803,0.836,0.830,0.790,189165968,156551408
2015-07-03,0.809,0.815,0.809,0.801,89120320,72084408
2015-07-02,0.800,0.813,0.808,0.797,137177712,110738680
2015-07-01,0.814,0.814,0.803,0.788,60012028,47839960
