#date, start price, highest price, close price, lowest price, deal number, deal amount
2015-03-31,0.919,0.923,0.920,0.910,58990784,53986212
2015-03-30,0.928,0.929,0.926,0.925,18909232,17522884
2015-06-30,0.859,0.859,0.830,0.830,2941100,2477732
2015-06-29,0.886,0.886,0.853,0.851,1375300,1190832
2015-06-26,0.890,0.897,0.887,0.886,659431,587742
2015-06-25,0.885,0.902,0.895,0.877,956046,854216
2015-06-24,0.881,0.901,0.900,0.865,5194974,4590985
2015-06-23,0.870,0.883,0.878,0.861,2623100,2307196
2015-06-19,0.850,0.887,0.870,0.850,1156200,1017266
2015-06-18,0.880,0.882,0.870,0.870,2404950,2109021
2015-06-17,0.915,0.916,0.880,0.860,1827300,1644508
2015-06-16,0.914,0.918,0.916,0.911,4652737,4264292
2015-06-15,0.916,0.920,0.911,0.908,6738375,6163670
2015-06-12,0.911,0.921,0.913,0.904,7764300,7099133
2015-06-11,0.903,0.912,0.911,0.899,4457819,4038275
2015-06-10,0.888,0.920,0.901,0.881,5017815,4537198
2015-06-09,0.902,0.908,0.890,0.889,2584827,2316857
2015-06-08,0.901,0.918,0.902,0.901,6726400,6126278
2015-06-05,0.905,0.907,0.906,0.885,10729630,9686882
2015-06-04,0.877,0.910,0.908,0.874,10833583,9698614
2015-06-03,0.854,0.897,0.878,0.853,6509535,5686961
2015-06-02,0.845,0.863,0.854,0.842,6571521,5598764
2015-06-01,0.862,0.862,0.847,0.840,3138357,2652404
2015-05-29,0.871,0.871,0.854,0.851,8942716,7686122
2015-05-28,0.868,0.879,0.872,0.858,8058257,6989972
2015-05-27,0.900,0.900,0.870,0.870,6454451,5693687
2015-05-26,0.920,0.929,0.900,0.830,8453644,7645125
2015-05-25,0.929,0.933,0.920,0.919,6259600,5793313
2015-05-22,0.934,0.935,0.928,0.923,5514619,5120957
2015-05-21,0.927,0.934,0.932,0.922,3622427,3363756
2015-05-20,0.935,0.935,0.927,0.923,3214500,2982398
2015-05-19,0.935,0.943,0.936,0.930,2078029,1947522
2015-05-18,0.949,0.955,0.941,0.938,1748694,1653377
2015-05-15,0.949,0.954,0.954,0.934,6407035,6076027
2015-05-14,0.933,0.947,0.946,0.933,10520941,9897996
2015-05-13,0.933,0.939,0.938,0.932,13879562,12999117
2015-05-12,0.930,0.934,0.932,0.922,21786324,20281350
2015-05-11,0.921,0.932,0.931,0.920,22738808,21113172
2015-05-08,0.916,0.934,0.926,0.916,18945292,17489310
2015-05-07,0.917,0.923,0.915,0.914,3766237,3453144
2015-05-06,0.917,0.921,0.918,0.915,4690180,4310093
2015-05-05,0.921,0.923,0.917,0.917,4029200,3706178
2015-05-04,0.920,0.922,0.921,0.917,8414368,7738586
2015-04-30,0.919,0.920,0.920,0.916,14586236,13388021
2015-04-29,0.920,0.922,0.918,0.915,10016170,9196426
2015-04-28,0.928,0.930,0.920,0.914,8613108,7910925
2015-04-27,0.932,0.937,0.929,0.928,20313470,18940258
2015-04-24,0.929,0.933,0.931,0.928,14333861,13345965
2015-04-23,0.929,0.930,0.930,0.927,7366606,6840133
2015-04-22,0.925,0.930,0.930,0.925,21842794,20258154
2015-04-21,0.927,0.928,0.927,0.923,13343725,12346690
2015-04-20,0.926,0.928,0.928,0.922,14249703,13159927
2015-04-17,0.925,0.925,0.924,0.920,8803524,8116099
2015-04-16,0.922,0.925,0.922,0.919,13411985,12370512
2015-04-15,0.913,0.922,0.922,0.913,31412764,28815034
2015-04-14,0.912,0.916,0.915,0.910,22625676,20676154
2015-04-13,0.911,0.914,0.912,0.908,18557216,16893436
2015-04-10,0.915,0.916,0.913,0.906,33587048,30571642
2015-04-09,0.917,0.922,0.920,0.915,12231727,11221544
2015-04-08,0.927,0.928,0.921,0.918,35456780,32767538
2015-04-07,0.928,0.931,0.929,0.926,42886512,39838584
2015-04-03,0.928,0.932,0.931,0.927,35714808,33211036
2015-04-02,0.921,0.931,0.929,0.919,48249852,44726920
2015-04-01,0.913,0.924,0.922,0.912,101353176,93066472
2015-08-20,0.954,0.955,0.949,0.949,1303500,1243148
2015-08-19,0.948,0.955,0.955,0.948,909600,865681
2015-08-18,0.950,0.955,0.955,0.949,1724130,1645039
2015-08-17,0.949,0.950,0.949,0.947,3062267,2906810
2015-08-14,0.943,0.947,0.947,0.940,627100,591542
2015-08-13,0.944,0.947,0.943,0.941,913224,863024
2015-08-12,0.937,0.944,0.944,0.937,914400,860412
2015-08-11,0.939,0.939,0.935,0.935,351000,328605
2015-08-10,0.941,0.945,0.938,0.938,332900,312633
2015-08-07,0.944,0.946,0.941,0.941,369903,348620
2015-08-06,0.948,0.951,0.945,0.944,420700,398975
2015-08-05,0.941,0.949,0.949,0.940,1320501,1250119
2015-08-04,0.950,0.950,0.941,0.941,625001,589834
2015-08-03,0.942,0.950,0.950,0.934,4738651,4483920
2015-07-31,0.935,0.947,0.946,0.934,3234769,3047949
2015-07-30,0.919,0.935,0.931,0.915,2845900,2640691
2015-07-29,0.914,0.926,0.920,0.906,2557744,2345376
2015-07-28,0.907,0.915,0.914,0.895,2972215,2690919
2015-07-27,0.883,0.915,0.915,0.883,5015271,4533556
2015-07-24,0.889,0.893,0.888,0.873,2247212,1982639
2015-07-23,0.892,0.903,0.894,0.889,3849414,3450081
2015-07-22,0.901,0.904,0.894,0.891,8585204,7695301
2015-07-21,0.900,0.907,0.903,0.898,5057600,4572447
2015-07-20,0.905,0.907,0.900,0.890,3728213,3354280
2015-07-17,0.906,0.911,0.900,0.900,6339884,5752588
2015-07-16,0.890,0.914,0.910,0.880,9675646,8617491
2015-07-15,0.873,0.894,0.894,0.873,11747246,10404311
2015-07-14,0.862,0.873,0.873,0.858,3965678,3443522
2015-07-13,0.844,0.867,0.863,0.836,7586501,6507910
2015-07-10,0.823,0.847,0.844,0.823,5662170,4757554
2015-07-09,0.808,0.849,0.845,0.808,4285800,3554340
2015-07-08,0.857,0.857,0.820,0.793,5151002,4203294
2015-07-07,0.840,0.864,0.862,0.838,9246346,7896983
2015-07-06,0.816,0.840,0.838,0.816,11186146,9319750
2015-07-03,0.829,0.831,0.820,0.810,8771946,7198081
2015-07-02,0.839,0.839,0.837,0.804,3639900,2989058
2015-07-01,0.833,0.843,0.838,0.828,5026833,4201302
