#date, start price, highest price, close price, lowest price, deal number, deal amount
2015-03-31,1.465,1.479,1.460,1.454,3075695,4505399
2015-03-30,1.443,1.465,1.461,1.440,3310404,4826392
2015-03-27,1.422,1.445,1.443,1.413,3684801,5298653
2015-03-26,1.442,1.442,1.422,1.418,3050200,4353926
2015-03-25,1.418,1.445,1.443,1.410,5811000,8309862
2015-03-24,1.400,1.417,1.417,1.366,5288151,7381943
2015-03-23,1.379,1.403,1.403,1.369,2791108,3889994
2015-03-20,1.360,1.380,1.380,1.360,3402925,4669071
2015-03-19,1.376,1.378,1.361,1.357,2746710,3746087
2015-03-18,1.355,1.377,1.375,1.353,3752011,5131319
2015-03-17,1.353,1.387,1.354,1.342,3039620,4121235
2015-03-16,1.303,1.348,1.347,1.303,3732869,4995953
2015-03-13,1.288,1.303,1.303,1.288,1313302,1707002
2015-03-12,1.300,1.300,1.287,1.282,2513950,3247184
2015-03-11,1.311,1.311,1.294,1.292,4139036,5387691
2015-03-10,1.295,1.311,1.309,1.293,3449038,4498424
2015-03-09,1.279,1.293,1.292,1.266,1433567,1836027
2015-03-06,1.311,1.311,1.280,1.279,3034490,3922622
2015-03-05,1.300,1.322,1.311,1.299,7414117,9720103
2015-03-04,1.260,1.302,1.300,1.260,13917107,17737772
2015-03-03,1.256,1.274,1.261,1.251,7279800,9216910
2015-03-02,1.250,1.258,1.258,1.239,5185819,6491349
2015-02-27,1.250,1.253,1.249,1.246,3419118,4270092
2015-02-26,1.253,1.253,1.250,1.241,3153828,3926141
2015-02-25,1.247,1.254,1.244,1.238,2699704,3361711
2015-02-17,1.240,1.247,1.247,1.238,2217806,2754530
2015-02-16,1.228,1.240,1.240,1.225,2107204,2598700
2015-02-13,1.209,1.230,1.224,1.206,3463408,4234956
2015-02-12,1.203,1.208,1.201,1.195,1522039,1824698
2015-02-11,1.188,1.197,1.197,1.188,2874208,3433805
2015-02-10,1.180,1.187,1.187,1.180,2417704,2858892
2015-02-09,1.171,1.187,1.179,1.171,3355700,3967258
2015-02-06,1.190,1.199,1.178,1.173,2760600,3267143
2015-02-05,1.211,1.214,1.199,1.199,3119025,3761568
2015-02-04,1.234,1.235,1.209,1.207,2046011,2490681
2015-02-03,1.229,1.229,1.224,1.215,1399305,1706192
2015-02-02,1.203,1.224,1.212,1.200,2401810,2915012
2015-01-30,1.219,1.230,1.213,1.208,2127809,2587456
2015-01-29,1.235,1.238,1.219,1.218,3491007,4288739
2015-01-28,1.234,1.258,1.242,1.234,3340637,4177878
2015-01-27,1.250,1.260,1.251,1.236,4271482,5341267
2015-01-26,1.238,1.250,1.249,1.228,4413691,5480790
2015-01-23,1.245,1.249,1.232,1.223,5113725,6305891
2015-01-22,1.227,1.247,1.245,1.218,5749029,7143944
2015-01-21,1.210,1.230,1.227,1.210,6541536,8005883
2015-01-20,1.182,1.207,1.207,1.173,7584023,9065868
2015-01-19,1.191,1.213,1.172,1.157,7588102,9049655
2015-01-16,1.189,1.196,1.195,1.185,3330379,3967216
2015-01-15,1.184,1.190,1.185,1.180,1599461,1893370
2015-01-14,1.194,1.195,1.185,1.182,4088915,4856321
2015-01-13,1.170,1.189,1.188,1.169,4239344,5023773
2015-01-12,1.175,1.177,1.169,1.153,2679201,3122255
2015-01-09,1.186,1.199,1.172,1.171,3615531,4283966
2015-01-08,1.182,1.204,1.186,1.176,6608845,7873096
2015-01-07,1.200,1.200,1.183,1.179,5437502,6443920
2015-01-06,1.150,1.209,1.199,1.145,12269154,14525726
2015-01-05,1.130,1.151,1.150,1.124,5791691,6604574
2015-06-30,1.618,1.736,1.736,1.539,5305107,8700290
2015-06-29,1.725,1.760,1.618,1.542,3130804,5182766
2015-06-26,1.848,1.848,1.709,1.696,4848302,8505324
2015-06-25,1.925,1.936,1.862,1.850,1989203,3797936
2015-06-24,1.928,1.947,1.933,1.885,3671100,7046475
2015-06-23,1.859,1.917,1.917,1.770,2417281,4484144
2015-06-19,1.987,1.987,1.860,1.838,4067461,7772777
2015-06-18,2.033,2.063,1.987,1.970,2068500,4222671
2015-06-17,2.028,2.064,2.052,1.962,2849600,5721660
2015-06-16,2.105,2.105,2.029,1.999,1739714,3546726
2015-06-15,2.160,2.160,2.107,2.106,2198965,4663311
2015-06-12,2.128,2.159,2.148,2.120,1473402,3159585
2015-06-11,2.090,2.128,2.128,2.080,3603417,7583124
2015-06-10,2.040,2.105,2.095,1.980,2778643,5771771
2015-06-09,2.071,2.087,2.050,2.027,1482400,3048784
2015-06-08,2.089,2.113,2.071,2.040,1937900,4005983
2015-06-05,2.100,2.143,2.089,2.058,2830607,5959678
2015-06-04,2.110,2.118,2.084,1.955,2000302,4090975
2015-06-03,2.176,2.176,2.110,2.048,3147114,6606048
2015-06-02,2.075,2.137,2.133,2.052,3757901,7855238
2015-06-01,1.979,2.075,2.074,1.975,5546502,11303249
2015-05-29,1.858,1.967,1.941,1.852,3234882,6193899
2015-05-28,2.000,2.035,1.896,1.896,4876200,9663705
2015-05-27,2.000,2.015,2.010,1.949,3014646,5984411
2015-05-26,1.970,2.001,2.000,1.952,4226449,8354951
2015-05-25,1.938,1.972,1.970,1.891,3614126,6993876
2015-05-22,1.918,1.980,1.938,1.888,3283102,6321532
2015-05-21,1.816,1.908,1.905,1.816,2548700,4793095
2015-05-20,1.790,1.841,1.816,1.790,2202701,4024114
2015-05-19,1.773,1.797,1.793,1.745,3576671,6311779
2015-05-18,1.717,1.763,1.759,1.715,4850004,8444876
2015-05-15,1.710,1.725,1.709,1.692,3332703,5678521
2015-05-14,1.730,1.755,1.739,1.710,4033766,6970171
2015-05-13,1.719,1.741,1.733,1.705,2679010,4625767
2015-05-12,1.713,1.742,1.723,1.700,5091130,8738589
2015-05-11,1.663,1.711,1.710,1.651,14501306,24499120
2015-05-08,1.601,1.659,1.659,1.601,4408952,7182860
2015-05-07,1.612,1.652,1.600,1.586,1757800,2837052
2015-05-06,1.617,1.685,1.612,1.611,2840301,4666755
2015-05-05,1.660,1.660,1.619,1.612,3019563,4943865
2015-05-04,1.668,1.670,1.659,1.648,2528026,4192476
2015-04-30,1.641,1.688,1.668,1.641,2829805,4728547
2015-04-29,1.621,1.662,1.657,1.616,3679218,6081366
2015-04-28,1.690,1.703,1.636,1.631,3003901,4960092
2015-04-27,1.678,1.707,1.678,1.672,4391100,7413965
2015-04-24,1.650,1.678,1.674,1.630,4630610,7706063
2015-04-23,1.635,1.688,1.674,1.635,2811395,4700677
2015-04-22,1.643,1.678,1.677,1.643,2698302,4510475
2015-04-21,1.579,1.641,1.641,1.569,4392273,7097932
2015-04-20,1.620,1.630,1.580,1.578,6484100,10410091
2015-04-17,1.649,1.665,1.647,1.632,6449686,10628611
2015-04-16,1.615,1.672,1.648,1.530,4554701,7459348
2015-04-15,1.685,1.685,1.643,1.615,7336356,12074303
2015-04-14,1.667,1.708,1.685,1.649,7147302,12067648
2015-04-13,1.599,1.671,1.666,1.599,7748238,12790464
2015-04-10,1.525,1.599,1.599,1.516,5605355,8811259
2015-04-09,1.556,1.562,1.539,1.475,6729461,10188522
2015-04-08,1.588,1.600,1.556,1.535,6601929,10356646
2015-04-07,1.534,1.578,1.576,1.500,7298056,11335342
2015-04-03,1.506,1.534,1.533,1.491,4694805,7123180
2015-04-02,1.491,1.513,1.506,1.491,6587002,9913030
2015-04-01,1.450,1.496,1.491,1.450,5718201,8481858
2015-08-20,1.608,1.647,1.603,1.600,1623010,2636536
2015-08-19,1.608,1.665,1.658,1.562,3655608,5879074
2015-08-18,1.725,1.733,1.610,1.601,4022125,6698810
2015-08-17,1.685,1.719,1.719,1.678,2582728,4389438
2015-08-14,1.698,1.709,1.689,1.679,1762004,2982114
2015-08-13,1.676,1.688,1.688,1.640,1143100,1907146
2015-08-12,1.701,1.707,1.670,1.664,1640500,2763634
2015-08-11,1.741,1.759,1.707,1.701,2804101,4859842
2015-08-10,1.634,1.745,1.741,1.634,4330913,7291770
2015-08-07,1.599,1.646,1.633,1.599,1493300,2431643
2015-08-06,1.591,1.619,1.601,1.561,1711400,2745287
2015-08-05,1.649,1.649,1.603,1.600,1923300,3125196
2015-08-04,1.551,1.631,1.631,1.551,2926800,4683560
2015-08-03,1.521,1.566,1.542,1.511,1884400,2901785
2015-07-31,1.530,1.577,1.568,1.480,2359400,3680400
2015-07-30,1.620,1.625,1.553,1.553,2537509,4078904
2015-07-29,1.540,1.625,1.625,1.520,3279601,5149156
2015-07-28,1.491,1.597,1.549,1.425,2821800,4250683
2015-07-27,1.610,1.699,1.517,1.517,3607200,5778812
2015-07-24,1.750,1.750,1.685,1.685,4372307,7519049
2015-07-23,1.720,1.750,1.742,1.691,3888501,6705909
2015-07-22,1.749,1.749,1.707,1.686,3762301,6440212
2015-07-21,1.768,1.783,1.749,1.730,2136107,3741638
2015-07-20,1.784,1.797,1.768,1.734,4144600,7329263
2015-07-17,1.701,1.778,1.777,1.699,6114809,10703901
2015-07-16,1.658,1.750,1.701,1.492,3149392,5264097
2015-07-15,1.800,1.845,1.658,1.658,8306501,13990085
2015-07-14,1.710,1.864,1.842,1.710,11134905,20090668
2015-07-13,1.688,1.730,1.700,1.675,5770009,9868510
2015-07-10,1.490,1.573,1.573,1.489,1673601,2601592
2015-07-09,1.210,1.430,1.430,1.210,2740438,3798471
2015-07-08,1.342,1.360,1.300,1.300,2430101,3180798
2015-07-07,1.617,1.617,1.444,1.442,2224400,3310435
2015-07-06,1.695,1.695,1.601,1.539,3985302,6495979
2015-07-03,1.605,1.650,1.541,1.471,1737205,2699767
2015-07-02,1.670,1.720,1.610,1.569,4364600,7169910
2015-07-01,1.738,1.795,1.680,1.666,3268900,5748135
