#date, start price, highest price, close price, lowest price, deal number, deal amount
2015-03-31,1.203,1.204,1.201,1.200,103107704,123931104
2015-03-30,1.205,1.207,1.205,1.203,106615264,128446176
2015-03-27,1.206,1.207,1.206,1.204,60582728,73037760
2015-03-26,1.205,1.207,1.207,1.205,67486640,81375280
2015-03-25,1.205,1.206,1.204,1.203,56641828,68187696
2015-03-24,1.207,1.207,1.206,1.204,66441544,80084136
2015-03-23,1.208,1.208,1.205,1.202,130516536,157222144
2015-03-20,1.208,1.209,1.208,1.207,41830592,50540800
2015-03-19,1.210,1.211,1.208,1.206,78410472,94765568
2015-03-18,1.209,1.211,1.211,1.209,70860824,85732528
2015-03-17,1.211,1.212,1.210,1.209,89638240,108477912
2015-03-16,1.212,1.213,1.211,1.210,102407152,124066224
2015-03-13,1.208,1.212,1.211,1.207,97748904,118278352
2015-03-12,1.201,1.208,1.208,1.199,104643504,125889048
2015-03-11,1.205,1.206,1.203,1.199,110081440,132290504
2015-03-10,1.206,1.208,1.205,1.204,86871216,104762880
2015-03-09,1.210,1.214,1.211,1.207,110388120,133645872
2015-03-06,1.203,1.210,1.209,1.201,129533448,156202608
2015-03-05,1.203,1.204,1.202,1.196,144360448,173293344
2015-03-04,1.206,1.206,1.203,1.201,83156672,100019904
2015-03-03,1.210,1.214,1.206,1.203,156395792,188865808
2015-03-02,1.204,1.208,1.208,1.204,71720264,86523728
2015-02-27,1.201,1.204,1.204,1.201,59302740,71327720
2015-02-26,1.202,1.204,1.200,1.199,56833716,68224784
2015-02-25,1.204,1.205,1.202,1.200,39399824,47347856
2015-02-17,1.206,1.208,1.205,1.200,94548800,113833824
2015-02-16,1.213,1.218,1.201,1.198,153158800,184627552
2015-02-13,1.198,1.212,1.210,1.198,129878528,156658400
2015-02-12,1.190,1.196,1.190,1.188,99157616,118185224
2015-02-11,1.190,1.197,1.197,1.187,47761856,56997396
2015-02-10,1.195,1.198,1.190,1.189,120728936,144024576
2015-02-09,1.195,1.199,1.195,1.185,88846624,105981840
2015-02-06,1.221,1.223,1.201,1.194,148133456,179487952
2015-02-05,1.217,1.223,1.221,1.213,112371096,137004480
2015-02-04,1.202,1.217,1.216,1.202,151210592,183070560
2015-02-03,1.197,1.203,1.201,1.195,91589456,109891488
2015-02-02,1.190,1.208,1.197,1.190,112905440,135116544
2015-01-30,1.189,1.196,1.190,1.185,70147760,83517528
2015-01-29,1.178,1.192,1.191,1.178,44787144,53121288
2015-01-28,1.175,1.179,1.179,1.173,41886512,49261936
2015-01-27,1.177,1.178,1.176,1.172,44368604,52129744
2015-01-26,1.177,1.178,1.177,1.175,35736640,42057704
2015-01-23,1.175,1.179,1.178,1.173,56006932,65914156
2015-01-22,1.168,1.179,1.179,1.167,81153208,95399456
2015-01-21,1.167,1.168,1.168,1.164,75437016,87957464
2015-01-20,1.159,1.167,1.167,1.158,87023424,101064664
2015-01-19,1.155,1.160,1.157,1.155,82118080,95094120
2015-01-16,1.153,1.158,1.157,1.153,92918496,107433280
2015-01-15,1.153,1.161,1.159,1.151,242441712,280627968
2015-01-14,1.153,1.162,1.161,1.151,228191056,263668304
2015-01-13,1.146,1.151,1.151,1.144,166119968,190819264
2015-01-12,1.150,1.151,1.144,1.142,146035200,167313136
2015-01-09,1.141,1.149,1.146,1.141,122788360,140698512
2015-01-08,1.134,1.142,1.141,1.134,121677208,138526640
2015-01-07,1.128,1.134,1.133,1.128,140398656,158872432
2015-01-06,1.128,1.130,1.128,1.127,99088768,111768312
2015-01-05,1.129,1.132,1.128,1.127,162477040,183527760
2015-06-30,1.247,1.250,1.247,1.245,196574752,245155808
2015-06-29,1.256,1.256,1.250,1.247,315951552,395718048
2015-06-26,1.259,1.259,1.257,1.253,268102880,336872352
2015-06-25,1.259,1.260,1.260,1.256,175143456,220356448
2015-06-24,1.256,1.259,1.258,1.255,165188016,207679248
2015-06-23,1.249,1.252,1.252,1.248,146647712,183383248
2015-06-19,1.242,1.250,1.246,1.240,205833936,256395040
2015-06-18,1.243,1.245,1.242,1.241,271660608,337560672
2015-06-17,1.245,1.245,1.243,1.240,161686384,200820800
2015-06-16,1.246,1.248,1.245,1.245,75766256,94446096
2015-06-15,1.253,1.253,1.247,1.247,141096288,176243664
2015-06-12,1.254,1.255,1.254,1.251,186857760,234191808
2015-06-11,1.256,1.256,1.254,1.254,118004864,148076864
2015-06-10,1.256,1.257,1.255,1.253,96724056,121374200
2015-06-09,1.253,1.257,1.257,1.252,114337184,143420880
2015-06-08,1.255,1.256,1.254,1.252,171816496,215415312
2015-06-05,1.253,1.255,1.254,1.250,255161376,319478880
2015-06-04,1.248,1.252,1.247,1.243,157204160,196329440
2015-06-03,1.249,1.256,1.254,1.243,209427360,261452384
2015-06-02,1.251,1.252,1.249,1.248,241916736,302366208
2015-06-01,1.253,1.255,1.251,1.248,277825536,347600768
2015-05-29,1.252,1.256,1.251,1.246,133965760,167540000
2015-05-28,1.244,1.253,1.248,1.243,272118816,339631456
2015-05-27,1.238,1.245,1.244,1.237,163861840,203273600
2015-05-26,1.240,1.243,1.241,1.238,144771392,179428288
2015-05-25,1.250,1.250,1.244,1.243,181092368,225748560
2015-05-22,1.246,1.252,1.251,1.246,187573120,234238544
2015-05-21,1.236,1.240,1.240,1.234,69665424,86196520
2015-05-20,1.233,1.240,1.237,1.232,122979632,152027632
2015-05-19,1.230,1.235,1.234,1.229,125723696,154820160
2015-05-18,1.230,1.231,1.230,1.227,71365096,87703912
2015-05-15,1.226,1.233,1.232,1.225,81761472,100459608
2015-05-14,1.227,1.228,1.226,1.225,94088584,115404136
2015-05-13,1.229,1.230,1.228,1.226,58313740,71599352
2015-05-12,1.224,1.233,1.230,1.224,115769552,142136800
2015-05-11,1.220,1.225,1.224,1.219,124615104,152384784
2015-05-08,1.216,1.217,1.217,1.214,83607576,101589520
2015-05-07,1.215,1.219,1.216,1.215,62451832,75972424
2015-05-06,1.214,1.217,1.215,1.213,74485024,90489456
2015-05-05,1.212,1.216,1.216,1.211,170456128,206762576
2015-05-04,1.212,1.212,1.211,1.211,80387024,97393896
2015-04-30,1.210,1.212,1.211,1.210,92784856,112357768
2015-04-29,1.210,1.211,1.210,1.208,96706872,116970712
2015-04-28,1.210,1.211,1.210,1.209,78062768,94460512
2015-04-27,1.212,1.212,1.211,1.209,87149464,105493216
2015-04-24,1.211,1.214,1.212,1.210,130566160,158201264
2015-04-23,1.207,1.208,1.208,1.206,68659328,82877392
2015-04-22,1.207,1.207,1.207,1.204,119063776,143623904
2015-04-21,1.207,1.207,1.207,1.206,86532320,104403328
2015-04-20,1.207,1.207,1.207,1.206,76095456,91810184
2015-04-17,1.207,1.208,1.207,1.205,169971408,205087056
2015-04-16,1.204,1.206,1.203,1.200,114574304,137789200
2015-04-15,1.205,1.207,1.207,1.203,113673600,136923744
2015-04-14,1.205,1.208,1.206,1.203,124498448,150049040
2015-04-13,1.209,1.209,1.205,1.204,106633264,128730448
2015-04-10,1.211,1.213,1.210,1.208,173643936,210039664
2015-04-09,1.208,1.213,1.212,1.207,129324504,156407424
2015-04-08,1.207,1.208,1.208,1.206,99295800,119862328
2015-04-07,1.205,1.207,1.207,1.205,79652632,96088744
2015-04-03,1.207,1.208,1.205,1.204,88600912,106828920
2015-04-02,1.204,1.208,1.206,1.203,102565568,123730848
2015-04-01,1.200,1.205,1.205,1.199,121244552,145699680
2015-08-20,1.238,1.239,1.237,1.237,19313800,23910356
2015-08-19,1.239,1.240,1.239,1.238,18719276,23180274
2015-08-18,1.240,1.241,1.240,1.240,9799959,12154404
2015-08-17,1.240,1.241,1.240,1.240,10139702,12575136
2015-08-14,1.240,1.241,1.241,1.240,16236336,20137702
2015-08-13,1.240,1.241,1.240,1.239,41824280,51859060
2015-08-12,1.240,1.241,1.240,1.240,14663912,18193880
2015-08-11,1.241,1.242,1.240,1.240,5754020,7139593
2015-08-10,1.239,1.241,1.241,1.239,14311900,17754232
2015-08-07,1.239,1.240,1.240,1.238,8909182,11037884
2015-08-06,1.238,1.239,1.239,1.238,5247210,6497068
2015-08-05,1.240,1.240,1.238,1.238,6707482,8305969
2015-08-04,1.240,1.240,1.240,1.237,14366921,17791752
2015-08-03,1.239,1.240,1.240,1.238,8347800,10344752
2015-07-31,1.240,1.240,1.240,1.239,3905232,4839798
2015-07-30,1.240,1.241,1.241,1.240,27856964,34562692
2015-07-29,1.239,1.240,1.240,1.238,87373128,108206656
2015-07-28,1.240,1.240,1.239,1.237,156392464,193708368
2015-07-27,1.243,1.243,1.241,1.240,76288440,94692800
2015-07-24,1.243,1.245,1.243,1.242,46739700,58109012
2015-07-23,1.243,1.243,1.241,1.239,59269100,73537584
2015-07-22,1.243,1.243,1.243,1.241,27059294,33619376
2015-07-21,1.243,1.244,1.243,1.242,29426468,36584032
2015-07-20,1.242,1.244,1.243,1.241,35777824,44459980
2015-07-17,1.240,1.243,1.242,1.240,20706482,25708706
2015-07-16,1.240,1.241,1.240,1.238,30805924,38191804
2015-07-15,1.241,1.241,1.240,1.239,63877980,79203960
2015-07-14,1.241,1.242,1.241,1.239,147833104,183496352
2015-07-13,1.237,1.243,1.241,1.237,138500128,171815904
2015-07-10,1.236,1.238,1.238,1.236,128906952,159360384
2015-07-09,1.232,1.238,1.237,1.232,155587680,192167168
2015-07-08,1.231,1.238,1.234,1.223,335273152,411819424
2015-07-07,1.235,1.235,1.232,1.230,386803232,477053152
2015-07-06,1.235,1.237,1.235,1.232,655210432,808605568
2015-07-03,1.243,1.243,1.238,1.230,297075552,367228128
2015-07-02,1.248,1.250,1.247,1.246,166125312,207238192
2015-07-01,1.250,1.251,1.249,1.248,184510464,230576336
