#date, start price, highest price, close price, lowest price, deal number, deal amount
2015-03-31,2.006,2.019,1.992,1.980,5028601,10089537
2015-03-30,1.961,2.003,2.002,1.961,4694930,9345435
2015-03-27,1.927,1.955,1.955,1.920,2519471,4881414
2015-03-26,1.930,1.950,1.921,1.918,2969257,5727249
2015-03-25,1.933,1.957,1.950,1.930,5472276,10627668
2015-03-24,1.905,1.930,1.929,1.868,6152106,11722965
2015-03-23,1.860,1.900,1.900,1.860,6672802,12579817
2015-03-20,1.831,1.850,1.850,1.831,3602576,6636935
2015-03-19,1.833,1.840,1.837,1.828,2880688,5281822
2015-03-18,1.818,1.842,1.842,1.806,4721653,8598477
2015-03-17,1.809,1.821,1.819,1.790,6461325,11716092
2015-03-16,1.757,1.800,1.800,1.757,3330075,5941414
2015-03-13,1.745,1.752,1.751,1.739,4103246,7158116
2015-03-12,1.730,1.747,1.747,1.730,7198332,12522893
2015-03-11,1.727,1.740,1.730,1.723,4168843,7228091
2015-03-10,1.720,1.727,1.718,1.706,15910467,27208738
2015-03-09,1.686,1.730,1.727,1.681,3407276,5839279
2015-03-06,1.706,1.718,1.698,1.695,2302265,3920823
2015-03-05,1.718,1.718,1.705,1.696,1978821,3368302
2015-03-04,1.710,1.721,1.721,1.700,2311411,3953775
2015-03-03,1.735,1.735,1.711,1.711,1996755,3437907
2015-03-02,1.725,1.731,1.731,1.711,3635288,6259468
2015-02-27,1.707,1.720,1.720,1.701,4131475,7078220
2015-02-26,1.674,1.707,1.707,1.670,2967334,5031341
2015-02-25,1.698,1.705,1.679,1.672,1726313,2916037
2015-02-17,1.677,1.699,1.696,1.675,3795980,6428309
2015-02-16,1.658,1.671,1.670,1.647,3208155,5338229
2015-02-13,1.645,1.663,1.658,1.645,3180709,5270554
2015-02-12,1.630,1.644,1.639,1.628,1726374,2823734
2015-02-11,1.628,1.637,1.630,1.598,2763668,4502849
2015-02-10,1.591,1.629,1.629,1.591,2329554,3746883
2015-02-09,1.587,1.599,1.591,1.584,2082304,3315357
2015-02-06,1.613,1.627,1.589,1.582,2970563,4757613
2015-02-05,1.651,1.656,1.631,1.631,4331613,7138488
2015-02-04,1.643,1.643,1.627,1.627,2020731,3303972
2015-02-03,1.583,1.634,1.630,1.583,4196418,6779402
2015-02-02,1.597,1.597,1.583,1.563,4758710,7539133
2015-01-30,1.616,1.634,1.602,1.590,2485888,4000142
2015-01-29,1.620,1.623,1.610,1.608,3709015,5981419
2015-01-28,1.631,1.648,1.630,1.630,1923351,3150358
2015-01-27,1.649,1.653,1.648,1.620,1922414,3159789
2015-01-26,1.620,1.648,1.647,1.611,4314665,7054083
2015-01-23,1.650,1.654,1.631,1.628,5232328,8575088
2015-01-22,1.651,1.653,1.650,1.638,3286190,5410294
2015-01-21,1.602,1.653,1.652,1.602,5688660,9269356
2015-01-20,1.553,1.600,1.599,1.553,5157001,8178640
2015-01-19,1.500,1.585,1.535,1.500,8178387,12634390
2015-01-16,1.572,1.603,1.603,1.572,5996020,9538725
2015-01-15,1.538,1.565,1.565,1.538,4778714,7427716
2015-01-14,1.541,1.552,1.540,1.533,4560435,7042603
2015-01-13,1.522,1.540,1.540,1.522,5893272,9043512
2015-01-12,1.509,1.513,1.507,1.482,2896529,4346566
2015-01-09,1.499,1.537,1.510,1.499,5674837,8623365
2015-01-08,1.508,1.510,1.497,1.490,3438909,5158258
2015-01-07,1.512,1.519,1.511,1.497,4222878,6371269
2015-01-06,1.476,1.505,1.505,1.467,11352286,16970496
2015-01-05,1.431,1.480,1.479,1.431,11259023,16445776
2015-06-30,2.122,2.296,2.266,1.972,5711006,12064587
2015-06-29,2.285,2.360,2.098,2.039,5537079,11882445
2015-06-26,2.500,2.500,2.263,2.263,3798426,8766325
2015-06-25,2.589,2.590,2.514,2.470,1195867,3056672
2015-06-24,2.550,2.597,2.597,2.531,2888578,7419586
2015-06-23,2.453,2.545,2.515,2.350,2908202,7118392
2015-06-19,2.610,2.610,2.451,2.450,2567163,6459005
2015-06-18,2.736,2.736,2.634,2.634,1587871,4252616
2015-06-17,2.632,2.740,2.737,2.632,2808212,7520190
2015-06-16,2.750,2.750,2.711,2.710,3211109,8740139
2015-06-15,2.881,2.881,2.807,2.806,2342426,6626345
2015-06-12,2.860,2.885,2.883,2.859,4114291,11837413
2015-06-11,2.832,2.856,2.856,2.812,3887682,11031696
2015-06-10,2.762,2.840,2.816,2.745,3738478,10462228
2015-06-09,2.801,2.801,2.755,2.733,3644196,10049016
2015-06-08,2.812,2.830,2.810,2.770,2833751,7913071
2015-06-05,2.850,2.865,2.832,2.815,2881846,8181610
2015-06-04,2.845,2.846,2.845,2.561,2733016,7627201
2015-06-03,2.840,2.858,2.841,2.800,3626998,10271218
2015-06-02,2.755,2.826,2.825,2.755,4796561,13452339
2015-06-01,2.655,2.750,2.749,2.636,3057935,8307536
2015-05-29,2.631,2.690,2.656,2.560,3296174,8711436
2015-05-28,2.770,2.770,2.631,2.630,6720189,18126470
2015-05-27,2.799,2.816,2.778,2.731,3774651,10496102
2015-05-26,2.729,2.796,2.795,2.726,4914052,13503722
2015-05-25,2.685,2.730,2.730,2.654,4374009,11833527
2015-05-22,2.660,2.697,2.697,2.652,4026977,10781671
2015-05-21,2.606,2.650,2.650,2.602,3440154,9067129
2015-05-20,2.579,2.625,2.602,2.570,4118572,10744829
2015-05-19,2.550,2.604,2.596,2.510,3652559,9377191
2015-05-18,2.528,2.559,2.548,2.500,4058502,10300501
2015-05-15,2.536,2.555,2.532,2.485,3988058,10022063
2015-05-14,2.566,2.597,2.565,2.556,2810186,7217287
2015-05-13,2.580,2.605,2.590,2.560,5192494,13450676
2015-05-12,2.556,2.599,2.584,2.533,6781578,17438358
2015-05-11,2.478,2.559,2.558,2.441,6324123,15880965
2015-05-08,2.359,2.453,2.449,2.359,7416935,17854496
2015-05-07,2.372,2.372,2.326,2.301,8563981,20014970
2015-05-06,2.379,2.458,2.375,2.350,6231108,15026089
2015-05-05,2.438,2.440,2.379,2.366,6140554,14687573
2015-05-04,2.460,2.478,2.428,2.400,11204335,27228852
2015-04-30,2.401,2.454,2.443,2.401,4138803,10105873
2015-04-29,2.334,2.376,2.376,2.300,11114234,26042654
2015-04-28,2.337,2.359,2.316,2.290,4417692,10261067
2015-04-27,2.294,2.337,2.325,2.294,6156870,14289382
2015-04-24,2.248,2.252,2.245,2.202,4742733,10588158
2015-04-23,2.222,2.254,2.250,2.222,7490617,16804476
2015-04-22,2.143,2.199,2.199,2.143,6725317,14636041
2015-04-21,2.079,2.140,2.140,2.065,6381923,13496905
2015-04-20,2.140,2.140,2.081,2.071,7325706,15482823
2015-04-17,2.128,2.150,2.145,2.128,7333741,15705302
2015-04-16,2.065,2.118,2.112,2.044,4645839,9729963
2015-04-15,2.122,2.122,2.070,2.070,3750586,7860140
2015-04-14,2.145,2.145,2.126,2.115,4211043,8959967
2015-04-13,2.124,2.148,2.145,2.120,5622923,11981849
2015-04-10,2.033,2.098,2.090,2.022,5216592,10780378
2015-04-09,2.067,2.070,2.050,2.002,6067923,12293720
2015-04-08,2.100,2.103,2.065,2.020,6755860,13976264
2015-04-07,2.069,2.100,2.100,2.069,5107735,10648381
2015-04-03,2.046,2.069,2.069,2.041,3561429,7315811
2015-04-02,2.032,2.058,2.050,2.030,4978842,10174622
2015-04-01,1.994,2.028,2.027,1.993,4128558,8300335
2015-08-20,2.160,2.177,2.102,2.100,668819,1427380
2015-08-19,2.070,2.196,2.155,2.050,909778,1922240
2015-08-18,2.240,2.249,2.120,2.100,667737,1462363
2015-08-17,2.265,2.265,2.250,2.231,267257,601016
2015-08-14,2.270,2.285,2.264,2.246,492757,1115159
2015-08-13,2.259,2.279,2.263,2.217,520281,1168241
2015-08-12,2.263,2.289,2.250,2.245,512679,1161346
2015-08-11,2.252,2.285,2.254,2.236,974224,2210398
2015-08-10,2.194,2.295,2.286,2.194,1348635,3048652
2015-08-07,2.150,2.188,2.181,2.130,760084,1648672
2015-08-06,2.141,2.141,2.116,2.101,265448,563733
2015-08-05,2.152,2.161,2.141,2.120,632392,1359800
2015-08-04,2.052,2.168,2.156,2.041,1019030,2143110
2015-08-03,2.100,2.114,2.050,2.022,829930,1695610
2015-07-31,2.121,2.140,2.120,2.100,897681,1901220
2015-07-30,2.164,2.213,2.121,2.120,1113673,2426582
2015-07-29,2.187,2.187,2.168,2.081,868225,1839969
2015-07-28,2.065,2.130,2.114,2.051,1466046,3062168
2015-07-27,2.242,2.263,2.105,2.100,1628339,3584244
2015-07-24,2.304,2.313,2.260,2.255,1424646,3271347
2015-07-23,2.231,2.319,2.309,2.231,1516984,3470613
2015-07-22,2.240,2.277,2.270,2.205,1485852,3346529
2015-07-21,2.210,2.258,2.249,2.160,1865529,4160828
2015-07-20,2.208,2.247,2.209,2.152,1999950,4422028
2015-07-17,2.100,2.200,2.198,2.100,1706290,3702310
2015-07-16,2.000,2.100,2.095,1.950,1740729,3572388
2015-07-15,2.082,2.100,2.000,1.951,1698516,3444937
2015-07-14,2.170,2.189,2.100,2.095,2929622,6203490
2015-07-13,2.099,2.200,2.186,2.090,4973918,10640559
2015-07-10,1.920,2.025,2.025,1.920,5282658,10624527
2015-07-09,1.675,1.841,1.841,1.675,3146525,5558016
2015-07-08,1.751,1.752,1.674,1.674,9364619,15738951
2015-07-07,2.000,2.000,1.860,1.860,5039924,9555101
2015-07-06,2.180,2.186,2.033,1.981,4289638,8974010
2015-07-03,2.065,2.180,1.987,1.932,4267074,8594151
2015-07-02,2.220,2.248,2.069,2.060,1826559,3892981
2015-07-01,2.275,2.338,2.190,2.180,2511808,5697593
