#date, start price, highest price, close price, lowest price, deal number, deal amount
2015-03-31,1.115,1.115,1.115,1.112,778600,866698
2015-03-30,1.114,1.122,1.115,1.113,528970,589499
2015-03-27,1.116,1.116,1.115,1.113,369600,412033
2015-03-26,1.123,1.126,1.115,1.115,1550500,1734419
2015-03-25,1.118,1.124,1.124,1.118,456165,511805
2015-03-24,1.115,1.118,1.117,1.115,891330,995455
2015-03-23,1.113,1.116,1.115,1.113,978400,1090516
2015-03-20,1.111,1.113,1.112,1.110,426830,474516
2015-03-19,1.111,1.113,1.110,1.109,3234583,3593584
2015-03-18,1.110,1.112,1.110,1.108,10699900,11873166
2015-03-17,1.102,1.107,1.107,1.102,1020909,1128436
2015-03-16,1.098,1.101,1.101,1.098,696800,766678
2015-03-13,1.095,1.099,1.099,1.095,766500,841254
2015-03-12,1.092,1.094,1.091,1.091,321600,351318
2015-03-11,1.089,1.093,1.093,1.089,696500,760092
2015-03-10,1.089,1.092,1.091,1.087,2282580,2484423
2015-03-09,1.089,1.089,1.088,1.085,1144301,1242865
2015-03-06,1.086,1.091,1.089,1.086,1087513,1183515
2015-03-05,1.092,1.092,1.092,1.089,467301,509491
2015-03-04,1.093,1.094,1.091,1.091,282400,308339
2015-03-03,1.094,1.095,1.095,1.093,528200,577843
2015-03-02,1.097,1.097,1.095,1.093,602089,658948
2015-02-27,1.090,1.095,1.094,1.090,657812,719166
2015-02-26,1.087,1.088,1.088,1.086,186100,202332
2015-02-25,1.086,1.088,1.088,1.086,350900,381359
2015-02-17,1.083,1.088,1.087,1.083,275000,298913
2015-02-16,1.080,1.084,1.083,1.079,333212,360683
2015-02-13,1.078,1.082,1.081,1.078,289000,312299
2015-02-12,1.077,1.078,1.077,1.077,241604,260418
2015-02-11,1.074,1.077,1.076,1.074,260003,279440
2015-02-10,1.073,1.075,1.074,1.073,675500,725168
2015-02-09,1.073,1.074,1.071,1.071,553030,593294
2015-02-06,1.074,1.074,1.074,1.074,20500,22017
2015-02-05,1.076,1.076,1.075,1.074,61100,65653
2015-02-04,1.075,1.076,1.076,1.073,866600,931428
2015-02-03,1.073,1.075,1.073,1.072,506354,542985
2015-02-02,1.076,1.076,1.074,1.072,212700,228362
2015-01-30,1.077,1.077,1.076,1.073,142501,153178
2015-01-29,1.078,1.079,1.077,1.077,169800,183012
2015-01-28,1.079,1.080,1.078,1.078,49800,53711
2015-01-27,1.080,1.080,1.080,1.079,450400,486189
2015-01-26,1.080,1.080,1.078,1.078,148700,160399
2015-01-23,1.076,1.079,1.077,1.075,252700,272281
2015-01-22,1.075,1.078,1.078,1.073,453200,487563
2015-01-21,1.074,1.078,1.077,1.074,244100,262431
2015-01-20,1.073,1.076,1.074,1.073,309256,332292
2015-01-19,1.075,1.076,1.073,1.073,400000,429453
2015-01-16,1.073,1.075,1.075,1.073,370510,397772
2015-01-15,1.071,1.072,1.072,1.070,695800,744751
2015-01-14,1.068,1.072,1.070,1.068,300229,321385
2015-01-13,1.091,1.094,1.094,1.091,790400,863656
2015-01-12,1.092,1.092,1.091,1.090,285600,311370
2015-01-09,1.096,1.096,1.093,1.092,157200,171796
2015-01-08,1.094,1.097,1.096,1.094,219534,240353
2015-01-07,1.095,1.095,1.092,1.090,677501,741245
2015-01-06,1.097,1.097,1.095,1.094,327499,358375
2015-01-05,1.098,1.099,1.097,1.096,396214,435025
2015-06-30,1.109,1.128,1.112,1.109,764824,850617
2015-06-29,1.126,1.131,1.109,1.100,1129670,1246960
2015-06-26,1.126,1.132,1.127,1.125,1412651,1591456
2015-06-25,1.129,1.136,1.132,1.129,537627,608726
2015-06-24,1.119,1.128,1.126,1.119,628337,705226
2015-06-23,1.118,1.130,1.119,1.106,1186376,1322380
2015-06-19,1.145,1.145,1.111,1.109,783097,875459
2015-06-18,1.210,1.210,1.145,1.144,160000,184481
2015-06-17,1.160,1.169,1.159,1.150,1096316,1274475
2015-06-16,1.182,1.182,1.165,1.159,1268121,1478017
2015-06-15,1.220,1.220,1.185,1.185,1896494,2260017
2015-06-12,1.218,1.222,1.220,1.200,630524,765029
2015-06-11,1.220,1.228,1.228,1.220,1094061,1338219
2015-06-10,1.220,1.225,1.221,1.200,288349,350208
2015-06-09,1.220,1.230,1.225,1.219,624771,764893
2015-06-08,1.224,1.227,1.223,1.217,1116802,1364686
2015-06-05,1.211,1.225,1.224,1.211,614400,748338
2015-06-04,1.210,1.210,1.202,1.190,666100,797847
2015-06-03,1.220,1.220,1.214,1.200,498419,601921
2015-06-02,1.197,1.213,1.213,1.195,925804,1111197
2015-06-01,1.173,1.193,1.189,1.173,839348,994849
2015-05-29,1.177,1.179,1.173,1.171,1157791,1358330
2015-05-28,1.186,1.199,1.186,1.183,1157109,1376865
2015-05-27,1.185,1.195,1.186,1.180,1215001,1440717
2015-05-26,1.167,1.187,1.182,1.160,1311901,1536254
2015-05-25,1.154,1.166,1.155,1.144,1478734,1700713
2015-05-22,1.136,1.144,1.144,1.136,678704,773568
2015-05-21,1.123,1.127,1.127,1.123,438800,493745
2015-05-20,1.119,1.123,1.123,1.119,1015138,1138187
2015-05-19,1.113,1.120,1.119,1.113,1230044,1372464
2015-05-18,1.111,1.114,1.113,1.110,272800,303189
2015-05-15,1.116,1.116,1.111,1.110,628212,698482
2015-05-14,1.108,1.117,1.116,1.108,720112,801691
2015-05-13,1.114,1.114,1.114,1.106,879570,976338
2015-05-12,1.115,1.123,1.123,1.115,1659686,1859398
2015-05-11,1.106,1.112,1.110,1.104,507600,562274
2015-05-08,1.094,1.107,1.103,1.094,322630,354693
2015-05-07,1.105,1.110,1.094,1.082,506901,554783
2015-05-06,1.111,1.111,1.105,1.104,613200,678747
2015-05-05,1.118,1.120,1.111,1.111,1403369,1563935
2015-05-04,1.115,1.116,1.113,1.111,1779500,1979067
2015-04-30,1.113,1.117,1.116,1.112,289800,323014
2015-04-29,1.119,1.119,1.111,1.096,847928,940852
2015-04-28,1.121,1.124,1.120,1.120,1352204,1517796
2015-04-27,1.117,1.119,1.119,1.115,1078600,1204973
2015-04-24,1.118,1.122,1.120,1.115,1622604,1813631
2015-04-23,1.117,1.124,1.124,1.117,1274532,1428449
2015-04-22,1.103,1.111,1.111,1.103,917400,1017570
2015-04-21,1.095,1.101,1.101,1.095,409000,449581
2015-04-20,1.099,1.101,1.100,1.097,1708469,1878120
2015-04-17,1.089,1.093,1.093,1.089,1512169,1648849
2015-04-16,1.081,1.085,1.084,1.081,440100,476564
2015-04-15,1.088,1.088,1.083,1.082,3008295,3258336
2015-04-14,1.088,1.094,1.088,1.064,2748550,2971231
2015-04-13,1.086,1.110,1.089,1.086,395000,430016
2015-04-10,1.112,1.113,1.112,1.110,914900,1017331
2015-04-09,1.109,1.112,1.112,1.109,677678,752802
2015-04-08,1.113,1.113,1.112,1.111,878100,976227
2015-04-07,1.112,1.113,1.113,1.106,1586846,1764136
2015-04-03,1.109,1.112,1.112,1.109,1138632,1264741
2015-04-02,1.112,1.113,1.111,1.110,588471,654031
2015-04-01,1.110,1.113,1.111,1.110,605408,672374
2015-08-20,1.116,1.118,1.117,1.115,5155334,5757475
2015-08-19,1.114,1.116,1.116,1.114,2437255,2718329
2015-08-18,1.114,1.115,1.113,1.112,3703077,4124922
2015-08-17,1.115,1.116,1.115,1.114,4957100,5523229
2015-08-14,1.114,1.117,1.115,1.114,4656444,5193556
2015-08-13,1.113,1.116,1.115,1.113,2409259,2685411
2015-08-12,1.122,1.122,1.117,1.115,3563009,3984098
2015-08-11,1.150,1.152,1.148,1.147,3189655,3665815
2015-08-10,1.141,1.151,1.151,1.141,2515315,2887302
2015-08-07,1.139,1.143,1.143,1.139,1053004,1201774
2015-08-06,1.135,1.140,1.140,1.135,924132,1052290
2015-08-05,1.136,1.141,1.137,1.135,2067246,2350370
2015-08-04,1.135,1.138,1.137,1.135,1038779,1180072
2015-08-03,1.139,1.139,1.137,1.135,982092,1116756
2015-07-31,1.140,1.140,1.139,1.134,1392209,1581204
2015-07-30,1.146,1.147,1.144,1.137,438870,501924
2015-07-29,1.143,1.145,1.144,1.140,894219,1021449
2015-07-28,1.132,1.141,1.140,1.125,1377235,1555995
2015-07-27,1.143,1.147,1.138,1.136,4102567,4691575
2015-07-24,1.148,1.148,1.146,1.144,1899880,2177402
2015-07-23,1.155,1.155,1.152,1.143,3724521,4279259
2015-07-22,1.150,1.160,1.160,1.150,654191,755777
2015-07-21,1.149,1.150,1.150,1.135,353271,405240
2015-07-20,1.130,1.154,1.148,1.130,371603,423741
2015-07-17,1.122,1.130,1.128,1.122,631821,712275
2015-07-16,1.125,1.126,1.123,1.113,811600,909141
2015-07-15,1.121,1.127,1.125,1.121,708100,796310
2015-07-14,1.126,1.126,1.126,1.117,748204,839964
2015-07-13,1.120,1.129,1.127,1.113,1378890,1545655
2015-07-10,1.119,1.128,1.120,1.106,1272854,1424677
2015-07-09,1.110,1.130,1.129,1.105,1420185,1584620
2015-07-08,1.118,1.119,1.112,1.110,1942603,2163022
2015-07-07,1.110,1.119,1.118,1.110,540400,602350
2015-07-06,1.114,1.127,1.109,1.107,1226600,1369002
2015-07-03,1.114,1.119,1.102,1.043,1544863,1690366
2015-07-02,1.122,1.122,1.118,1.113,798404,892044
2015-07-01,1.116,1.129,1.125,1.116,646073,725959
