#date, start price, highest price, close price, lowest price, deal number, deal amount
2015-03-31,1.080,1.080,1.073,1.066,304500,325679
2015-03-30,1.080,1.080,1.080,1.075,72700,78355
2015-03-27,1.074,1.074,1.074,1.074,55000,59070
2015-03-26,1.077,1.081,1.081,1.075,154314,166142
2015-03-25,1.081,1.085,1.077,1.076,471814,508909
2015-03-24,1.084,1.084,1.080,1.080,713214,771207
2015-03-23,1.087,1.088,1.084,1.084,329579,357835
2015-03-20,1.087,1.087,1.085,1.078,319000,346283
2015-03-19,1.087,1.087,1.086,1.086,22700,24655
2015-03-18,1.088,1.089,1.087,1.085,216900,235667
2015-03-17,1.081,1.087,1.087,1.081,88371,95788
2015-03-16,1.075,1.085,1.081,1.075,59638,64406
2015-03-13,1.105,1.105,1.100,1.099,62900,69290
2015-03-12,1.090,1.099,1.099,1.090,126235,138328
2015-03-11,1.092,1.094,1.093,1.090,160200,174894
2015-03-10,1.091,1.094,1.091,1.091,167800,183196
2015-03-09,1.091,1.098,1.094,1.091,126600,138386
2015-03-06,1.097,1.097,1.093,1.091,60298,65960
2015-03-05,1.092,1.094,1.094,1.092,142500,155850
2015-03-04,1.091,1.094,1.093,1.091,47317,51688
2015-03-03,1.096,1.096,1.093,1.090,400981,438104
2015-03-02,1.096,1.098,1.096,1.090,235681,257202
2015-02-27,1.088,1.098,1.095,1.088,357994,391167
2015-02-26,1.088,1.088,1.086,1.084,134538,146162
2015-02-25,1.085,1.089,1.089,1.085,113703,123486
2015-02-17,1.090,1.090,1.088,1.087,312300,340084
2015-02-16,1.089,1.093,1.090,1.089,190753,207826
2015-02-13,1.085,1.093,1.090,1.085,115696,125977
2015-02-12,1.109,1.111,1.110,1.109,74610,82832
2015-02-11,1.101,1.109,1.109,1.101,20346,22537
2015-02-10,1.107,1.107,1.107,1.101,53823,59542
2015-02-09,1.101,1.101,1.100,1.095,35100,38548
2015-02-06,1.103,1.109,1.103,1.103,29500,32584
2015-02-05,1.104,1.104,1.103,1.103,18900,20865
2015-02-04,1.103,1.103,1.102,1.102,11076,12211
2015-02-03,1.098,1.104,1.100,1.098,36021,39660
2015-02-02,1.105,1.105,1.104,1.104,117500,129725
2015-01-30,1.103,1.103,1.100,1.100,38813,42764
2015-01-29,1.104,1.104,1.104,1.104,3900,4306
2015-01-28,1.121,1.121,1.102,1.099,284979,315436
2015-01-27,1.147,1.147,1.132,1.132,146325,165770
2015-01-26,1.125,1.150,1.150,1.120,160756,181585
2015-01-23,1.157,1.157,1.122,1.121,46001,51682
2015-01-22,1.116,1.160,1.158,1.116,23914,27129
2015-01-21,1.114,1.120,1.116,1.114,58473,65167
2015-01-20,1.114,1.115,1.114,1.114,10400,11586
2015-01-19,1.109,1.110,1.109,1.100,39000,43172
2015-01-16,1.175,1.188,1.188,1.175,18500,21752
2015-01-15,1.175,1.190,1.189,1.058,74900,84893
2015-01-14,1.175,1.175,1.175,1.175,800,940
2015-01-13,1.152,1.195,1.195,1.152,7100,8225
2015-01-12,1.188,1.188,1.188,1.188,100,119
2015-01-09,1.194,1.194,1.192,1.175,106000,124650
2015-01-08,1.166,1.166,1.166,1.166,56,65
2015-01-07,1.190,1.190,1.170,1.170,6393,7531
2015-01-06,1.195,1.195,1.164,1.163,400,469
2015-01-05,1.156,1.159,1.159,1.156,1994,2308
2015-06-30,1.033,1.045,1.044,1.033,81800,84853
2015-06-29,1.055,1.055,1.038,1.038,112100,116842
2015-06-26,1.058,1.059,1.052,1.051,154400,162850
2015-06-25,1.064,1.066,1.065,1.060,90200,95977
2015-06-24,1.062,1.062,1.059,1.055,102676,108917
2015-06-23,1.061,1.061,1.060,1.050,33550,35501
2015-06-19,1.054,1.064,1.060,1.051,161000,170277
2015-06-18,1.061,1.063,1.063,1.057,65800,69733
2015-06-17,1.062,1.063,1.061,1.057,103817,110103
2015-06-16,1.061,1.068,1.067,1.055,310400,328854
2015-06-15,1.062,1.069,1.068,1.058,297000,316606
2015-06-12,1.071,1.075,1.075,1.071,292486,314324
2015-06-11,1.082,1.083,1.083,1.075,577976,623058
2015-06-10,1.082,1.085,1.084,1.078,181376,196098
2015-06-09,1.080,1.081,1.080,1.076,76200,82303
2015-06-08,1.075,1.079,1.079,1.070,335350,360826
2015-06-05,1.077,1.077,1.075,1.072,63300,68044
2015-06-04,1.076,1.076,1.071,1.067,218169,233194
2015-06-03,1.066,1.074,1.073,1.066,147800,157985
2015-06-02,1.066,1.066,1.065,1.063,136700,145421
2015-06-01,1.055,1.067,1.066,1.055,1130252,1202611
2015-05-29,1.053,1.061,1.060,1.052,387700,408099
2015-05-28,1.057,1.066,1.060,1.057,949300,1009453
2015-05-27,1.059,1.060,1.060,1.053,287362,303734
2015-05-26,1.055,1.062,1.058,1.055,375150,397197
2015-05-25,1.055,1.058,1.055,1.053,211200,222928
2015-05-22,1.052,1.052,1.052,1.051,723707,761116
2015-05-21,1.053,1.057,1.053,1.052,287652,303331
2015-05-20,1.053,1.056,1.054,1.052,144967,152638
2015-05-19,1.057,1.058,1.053,1.050,370685,390330
2015-05-18,1.053,1.059,1.059,1.053,68840,72534
2015-05-15,1.068,1.068,1.065,1.065,139400,148630
2015-05-14,1.072,1.072,1.072,1.072,33100,35483
2015-05-13,1.068,1.072,1.072,1.068,209100,223741
2015-05-12,1.061,1.066,1.061,1.060,69000,73219
2015-05-11,1.058,1.062,1.062,1.058,49100,52072
2015-05-08,1.060,1.061,1.058,1.056,91400,96831
2015-05-07,1.058,1.060,1.059,1.058,58600,62023
2015-05-06,1.060,1.065,1.060,1.060,23138,24527
2015-05-05,1.064,1.067,1.065,1.060,116400,123731
2015-05-04,1.062,1.068,1.063,1.062,16540,17583
2015-04-30,1.069,1.079,1.063,1.062,195400,208851
2015-04-29,1.061,1.069,1.064,1.061,157300,167568
2015-04-28,1.060,1.070,1.070,1.060,159913,170701
2015-04-27,1.064,1.070,1.064,1.061,323869,345144
2015-04-24,1.058,1.063,1.062,1.058,102913,109181
2015-04-23,1.064,1.064,1.058,1.053,233400,246568
2015-04-22,1.054,1.058,1.058,1.053,106700,112436
2015-04-21,1.050,1.057,1.057,1.050,45800,48395
2015-04-20,1.057,1.057,1.052,1.041,359800,377882
2015-04-17,1.060,1.060,1.058,1.041,113616,119700
2015-04-16,1.058,1.059,1.059,1.050,334603,353217
2015-04-15,1.081,1.178,1.089,1.074,393790,427919
2015-04-14,1.072,1.082,1.076,1.072,169170,182700
2015-04-13,1.071,1.082,1.074,1.071,248550,267484
2015-04-10,1.070,1.070,1.070,1.070,41700,44619
2015-04-09,1.073,1.075,1.073,1.069,82500,88350
2015-04-08,1.071,1.075,1.073,1.071,30800,33059
2015-04-07,1.078,1.078,1.074,1.074,26500,28530
2015-04-03,1.080,1.080,1.072,1.072,78200,84079
2015-04-02,1.082,1.082,1.071,1.071,65500,70497
2015-04-01,1.069,1.072,1.070,1.069,219900,235418
2015-08-20,1.062,1.062,1.058,1.057,109600,115979
2015-08-19,1.051,1.060,1.060,1.051,131078,138608
2015-08-18,1.063,1.063,1.062,1.062,335085,356020
2015-08-17,1.067,1.067,1.063,1.062,403000,428411
2015-08-14,1.084,1.085,1.085,1.084,252519,273865
2015-08-13,1.080,1.086,1.083,1.080,97731,105866
2015-08-12,1.089,1.089,1.087,1.085,173328,188377
2015-08-11,1.085,1.090,1.086,1.085,130389,141928
2015-08-10,1.082,1.085,1.085,1.078,154051,166620
2015-08-07,1.083,1.084,1.083,1.083,92614,100342
2015-08-06,1.078,1.084,1.084,1.078,68314,73819
2015-08-05,1.085,1.085,1.084,1.084,153500,166396
2015-08-04,1.085,1.085,1.082,1.077,85352,92400
2015-08-03,1.085,1.086,1.085,1.085,25600,27787
2015-07-31,1.086,1.088,1.086,1.086,100100,108720
2015-07-30,1.088,1.088,1.086,1.086,15200,16534
2015-07-29,1.082,1.083,1.078,1.078,18200,19677
2015-07-28,1.072,1.080,1.079,1.072,77085,83070
2015-07-27,1.090,1.092,1.080,1.080,1888800,2062210
2015-07-24,1.089,1.089,1.089,1.089,46000,50094
2015-07-23,1.084,1.085,1.085,1.082,80210,86968
2015-07-22,1.080,1.084,1.084,1.080,99800,108028
2015-07-21,1.078,1.084,1.082,1.078,113300,122483
2015-07-20,1.075,1.076,1.075,1.069,74200,79490
2015-07-17,1.069,1.075,1.069,1.069,102079,109330
2015-07-16,1.058,1.069,1.069,1.058,449479,479044
2015-07-15,1.066,1.067,1.063,1.061,113499,120778
2015-07-14,1.056,1.064,1.062,1.056,129994,137744
2015-07-13,1.050,1.058,1.052,1.050,178251,187516
2015-07-10,1.041,1.050,1.050,1.041,164000,171129
2015-07-09,1.010,1.046,1.041,1.010,112700,116973
2015-07-08,1.028,1.043,1.038,1.013,38100,38711
2015-07-06,1.042,1.042,1.026,1.011,857383,868679
2015-07-03,1.027,1.040,1.025,1.025,73800,75838
2015-07-02,1.040,1.042,1.035,1.035,299852,311184
2015-07-01,1.037,1.050,1.050,1.037,325500,341487
