#date, start price, highest price, close price, lowest price, deal number, deal amount
2015-03-31,1.119,1.119,1.083,1.082,9500,10398
2015-03-30,1.089,1.089,1.082,1.082,15900,17295
2015-03-27,1.085,1.089,1.089,1.085,32900,35816
2015-03-26,1.089,1.089,1.089,1.089,200,218
2015-03-25,1.087,1.087,1.087,1.087,8700,9457
2015-03-24,1.089,1.089,1.089,1.089,5643,6145
2015-03-23,1.107,1.107,1.090,1.089,76953,83948
2015-03-20,1.088,1.099,1.096,1.088,114692,125649
2015-03-19,1.087,1.092,1.092,1.087,35122,38228
2015-03-18,1.091,1.094,1.094,1.091,11500,12561
2015-03-17,1.092,1.095,1.091,1.090,63170,69047
2015-03-16,1.094,1.109,1.095,1.091,154370,169002
2015-03-13,0.000,1.089,1.089,1.089,5000,5445
2015-03-12,1.089,1.089,1.089,1.089,38800,42253
2015-03-11,1.088,1.088,1.086,1.086,32200,35002
2015-03-10,1.089,1.091,1.090,1.089,60354,65824
2015-03-06,1.092,1.096,1.096,1.092,130754,142928
2015-03-05,1.097,1.098,1.093,1.092,64900,71170
2015-03-04,1.096,1.096,1.096,1.096,25000,27400
2015-03-03,1.096,1.096,1.096,1.096,29348,32165
2015-03-02,1.100,1.108,1.101,1.096,105470,115869
2015-02-27,1.110,1.110,1.099,1.098,31841,34985
2015-02-26,1.093,1.098,1.098,1.093,161807,177256
2015-02-25,1.092,1.092,1.089,1.081,37400,40784
2015-02-17,1.095,1.095,1.093,1.093,53270,58283
2015-02-16,1.090,1.094,1.093,1.082,89141,97273
2015-02-13,1.089,1.096,1.090,1.087,57912,63078
2015-02-12,1.088,1.088,1.087,1.087,39607,43065
2015-02-11,1.083,1.085,1.085,1.082,162007,175518
2015-02-10,1.083,1.084,1.083,1.081,352977,382232
2015-02-09,1.082,1.083,1.082,1.080,753218,814748
2015-02-06,1.081,1.082,1.082,1.081,430376,465289
2015-02-05,1.084,1.084,1.080,1.078,1637947,1769822
2015-02-04,1.218,1.230,1.112,1.112,947775,1063183
2015-02-03,1.100,1.236,1.236,1.090,1267121,1505600
2015-02-02,1.093,1.125,1.124,1.093,210509,235178
2015-01-30,1.091,1.125,1.111,1.091,178123,196717
2015-01-29,1.095,1.099,1.099,1.095,64586,70905
2015-01-28,1.101,1.101,1.099,1.088,43500,47603
2015-01-27,1.093,1.093,1.093,1.093,200,219
2015-01-26,1.086,1.089,1.089,1.086,23900,26000
2015-01-23,1.084,1.097,1.097,1.083,57700,62499
2015-01-22,1.088,1.088,1.082,1.082,37200,40459
2015-01-21,1.098,1.098,1.098,1.098,700,769
2015-01-20,1.083,1.083,1.083,1.083,700,758
2015-01-19,1.086,1.086,1.078,1.076,12000,12970
2015-01-16,1.101,1.102,1.088,1.085,30900,33652
2015-01-15,1.080,1.083,1.083,1.080,3600,3899
2015-01-14,1.100,1.100,1.095,1.095,2300,2526
2015-01-13,1.070,1.080,1.072,1.070,40900,43920
2015-01-12,1.079,1.079,1.072,1.072,30100,32268
2015-01-09,1.059,1.073,1.070,1.059,8251,8765
2015-01-08,1.094,1.094,1.066,1.064,5900,6330
2015-01-07,1.095,1.095,1.085,1.085,700,765
2015-01-06,1.078,1.078,1.074,1.074,1200,1293
2015-01-05,1.063,1.063,1.063,1.063,1800,1913
2015-06-30,1.119,1.221,1.221,1.117,116857,138708
2015-06-29,1.116,1.131,1.119,1.116,2900,3250
2015-06-26,1.131,1.133,1.124,1.122,38102,42850
2015-06-25,1.122,1.127,1.127,1.122,32900,36986
2015-06-24,1.116,1.122,1.121,1.116,260200,291136
2015-06-23,1.122,1.122,1.121,1.120,26800,30045
2015-06-19,1.116,1.128,1.122,1.116,105862,119017
2015-06-18,1.115,1.126,1.115,1.115,126462,141359
2015-06-17,1.120,1.129,1.120,1.119,29859,33440
2015-06-16,1.122,1.144,1.120,1.116,218600,244933
2015-06-15,1.115,1.123,1.117,1.115,63600,71050
2015-06-12,1.115,1.123,1.119,1.115,62100,69382
2015-06-11,1.117,1.124,1.124,1.115,101600,113621
2015-06-10,1.117,1.118,1.118,1.117,30959,34590
2015-06-09,1.119,1.120,1.119,1.116,85162,95275
2015-06-08,1.119,1.119,1.118,1.114,60456,67507
2015-06-05,1.115,1.119,1.118,1.113,88062,98266
2015-06-04,1.114,1.115,1.113,1.110,110194,122664
2015-06-03,1.110,1.114,1.112,1.110,192500,214281
2015-06-02,1.110,1.114,1.111,1.109,476380,529134
2015-06-01,1.110,1.115,1.110,1.100,509200,563023
2015-05-29,1.115,1.116,1.109,1.100,200077,221570
2015-05-28,1.118,1.118,1.116,1.115,303800,339090
2015-05-27,1.132,1.132,1.120,1.118,653141,731069
2015-05-26,1.133,1.133,1.124,1.119,473880,531498
2015-05-25,1.121,1.138,1.133,1.119,538954,605810
2015-05-22,1.143,1.143,1.126,1.116,794967,892101
2015-05-21,1.143,1.167,1.143,1.143,1778300,2034819
2015-05-20,1.353,1.488,1.270,1.260,1066620,1377644
2015-05-19,1.168,1.353,1.353,1.132,1181630,1580901
2015-05-18,1.144,1.230,1.230,1.120,111348,128518
2015-05-15,1.120,1.140,1.120,1.116,160438,179683
2015-05-14,1.115,1.148,1.148,1.111,180645,203842
2015-05-13,1.107,1.129,1.110,1.107,297545,330771
2015-05-12,1.127,1.127,1.108,1.107,38400,42621
2015-05-11,1.107,1.114,1.114,1.100,433400,479084
2015-05-08,1.103,1.188,1.149,1.103,11400,12643
2015-05-07,1.100,1.102,1.101,1.100,119600,131748
2015-05-06,1.102,1.110,1.101,1.101,42900,47241
2015-05-05,1.097,1.104,1.101,1.086,73100,80438
2015-05-04,1.100,1.101,1.100,1.100,14000,15401
2015-04-30,1.095,1.101,1.100,1.095,46800,51445
2015-04-29,1.099,1.100,1.099,1.099,10200,11210
2015-04-28,1.098,1.100,1.100,1.098,7900,8675
2015-04-27,1.097,1.103,1.097,1.096,852617,935349
2015-04-24,1.097,1.101,1.096,1.090,124095,135471
2015-04-23,1.101,1.101,1.098,1.098,215900,237439
2015-04-22,1.097,1.103,1.097,1.097,11327,12432
2015-04-21,1.096,1.101,1.097,1.095,182591,200151
2015-04-20,1.089,1.094,1.091,1.089,248926,271811
2015-04-17,1.088,1.091,1.089,1.085,293221,319028
2015-04-16,1.090,1.090,1.088,1.086,324138,352626
2015-04-15,1.085,1.184,1.090,1.074,591968,641350
2015-04-14,1.194,1.304,1.191,1.185,1064692,1324813
2015-04-13,1.085,1.186,1.185,1.084,163800,186339
2015-04-10,1.104,1.105,1.086,1.086,67900,74685
2015-04-09,1.086,1.100,1.095,1.081,93343,101280
2015-04-08,1.086,1.086,1.086,1.086,2700,2932
2015-04-07,1.083,1.090,1.089,1.080,151583,164789
2015-04-03,1.092,1.093,1.082,1.079,217726,236711
2015-04-02,1.082,1.090,1.090,1.082,57700,62577
2015-04-01,1.080,1.082,1.082,1.080,122900,132939
2015-08-20,1.151,1.155,1.146,1.144,109000,125008
2015-08-19,1.143,1.151,1.146,1.143,80300,91886
2015-08-18,1.157,1.158,1.144,1.143,14573,16707
2015-08-17,1.143,1.148,1.148,1.142,104800,119836
2015-08-14,1.141,1.149,1.149,1.141,6800,7809
2015-08-12,1.139,1.160,1.141,1.139,30100,34365
2015-08-11,1.147,1.147,1.147,1.141,3000,3438
2015-08-10,1.146,1.147,1.146,1.141,77105,88399
2015-08-06,1.143,1.146,1.146,1.143,4896,5599
2015-08-05,1.147,1.147,1.147,1.147,800,918
2015-08-04,1.139,1.147,1.147,1.139,1100,1256
2015-08-03,1.176,1.176,1.174,1.174,36400,42806
2015-07-30,1.143,1.144,1.143,1.143,11466,13112
2015-07-29,1.160,1.160,1.142,1.142,64100,73246
2015-07-28,1.141,1.152,1.143,1.141,86273,98798
2015-07-27,1.201,1.202,1.142,1.142,33095,39036
2015-07-24,1.142,1.150,1.141,1.138,8100,9250
2015-07-23,1.135,1.143,1.139,1.135,11459,13063
2015-07-22,1.127,1.142,1.142,1.127,44053,49972
2015-07-21,1.156,1.156,1.139,1.136,177100,203747
2015-07-20,1.234,1.234,1.150,1.143,50638,58473
2015-07-17,1.234,1.234,1.177,1.140,16500,19177
2015-07-16,1.138,1.170,1.170,1.138,60600,70523
2015-07-15,1.137,1.164,1.149,1.135,19900,22648
2015-07-14,1.132,1.172,1.137,1.132,20900,24271
2015-07-13,1.129,1.235,1.146,1.129,132283,151475
2015-07-10,1.128,1.151,1.132,1.127,83105,94147
2015-07-09,1.124,1.152,1.132,1.122,135007,152468
2015-07-08,1.130,1.130,1.123,1.122,32968,37162
2015-07-07,1.145,1.147,1.123,1.122,40969,46151
2015-07-06,1.125,1.147,1.146,1.118,118151,132980
2015-07-03,1.120,1.149,1.116,1.115,173839,195027
2015-07-02,1.207,1.230,1.207,1.207,31600,38246
2015-07-01,1.187,1.343,1.341,1.138,1667774,2207012
