#date, start price, highest price, close price, lowest price, deal number, deal amount
2015-03-31,1.066,1.083,1.071,1.066,2656042,2855040
2015-03-30,1.054,1.060,1.058,1.045,1615660,1702639
2015-03-27,1.041,1.049,1.049,1.029,1131246,1173025
2015-03-26,1.059,1.067,1.043,1.031,2405504,2526293
2015-03-25,1.038,1.053,1.053,1.032,2189371,2289880
2015-03-24,1.017,1.039,1.039,0.997,3434041,3525335
2015-03-23,0.987,1.015,1.011,0.985,1820085,1831292
2015-03-20,0.973,0.990,0.987,0.973,566759,557418
2015-03-19,0.978,0.981,0.974,0.973,784825,766555
2015-03-18,0.965,0.980,0.980,0.965,1338190,1303340
2015-03-17,0.963,0.976,0.975,0.962,996553,966653
2015-03-16,0.932,0.956,0.955,0.932,1585215,1504307
2015-03-13,0.915,0.927,0.927,0.911,1314296,1211008
2015-03-12,0.920,0.922,0.908,0.907,751568,688486
2015-03-11,0.920,0.920,0.915,0.907,651770,595798
2015-03-10,0.906,0.918,0.917,0.906,599922,548965
2015-03-09,0.900,0.907,0.905,0.892,161200,145239
2015-03-06,0.919,0.919,0.898,0.896,274200,247798
2015-03-05,0.916,0.919,0.916,0.910,431685,394799
2015-03-04,0.912,0.917,0.916,0.905,762451,696234
2015-03-03,0.921,0.921,0.912,0.911,389240,356809
2015-03-02,0.910,0.922,0.922,0.910,648362,594098
2015-02-27,0.908,0.914,0.910,0.906,738001,671485
2015-02-26,0.899,0.905,0.903,0.895,602400,542160
2015-02-25,0.906,0.917,0.905,0.905,618901,564681
2015-02-17,0.901,0.908,0.907,0.898,1095601,988928
2015-02-16,0.879,0.901,0.901,0.879,1561989,1396385
2015-02-13,0.879,0.885,0.883,0.878,1667123,1471202
2015-02-12,0.868,0.873,0.873,0.866,494456,430199
2015-02-11,0.848,0.863,0.859,0.848,490100,421186
2015-02-10,0.838,0.848,0.848,0.838,385054,324249
2015-02-09,0.828,0.839,0.838,0.828,320903,268214
2015-02-06,0.845,0.845,0.834,0.834,304400,255215
2015-02-05,0.856,0.867,0.857,0.856,479789,413821
2015-02-04,0.858,0.865,0.860,0.858,113600,97966
2015-02-03,0.843,0.865,0.865,0.843,291864,248664
2015-02-02,0.840,0.855,0.843,0.837,145300,122780
2015-01-30,0.858,0.875,0.854,0.854,307879,264493
2015-01-29,0.855,0.872,0.861,0.855,131604,113178
2015-01-28,0.875,0.880,0.873,0.873,209500,183943
2015-01-27,0.880,0.882,0.880,0.865,1331311,1169815
2015-01-26,0.863,0.880,0.880,0.863,1717189,1503391
2015-01-23,0.880,0.884,0.864,0.862,1235436,1071934
2015-01-22,0.861,0.878,0.878,0.861,2043117,1774637
2015-01-21,0.842,0.860,0.857,0.842,1112279,952267
2015-01-20,0.815,0.842,0.842,0.815,760635,634725
2015-01-19,0.829,0.842,0.810,0.803,655203,542946
2015-01-16,0.812,0.842,0.833,0.812,860031,712245
2015-01-15,0.821,0.821,0.818,0.811,557643,455639
2015-01-14,0.846,0.853,0.841,0.834,873201,739448
2015-01-13,0.831,0.848,0.848,0.831,1729473,1455912
2015-01-12,0.830,0.842,0.831,0.828,667187,556649
2015-01-09,0.839,0.847,0.833,0.833,451617,380688
2015-01-08,0.837,0.841,0.839,0.831,1067549,893844
2015-01-07,0.837,0.840,0.837,0.830,475230,395907
2015-01-06,0.810,0.840,0.837,0.810,1613523,1335568
2015-01-05,0.796,0.832,0.818,0.796,1098356,893479
2015-06-30,1.113,1.167,1.166,1.009,1300503,1411541
2015-06-29,1.206,1.206,1.113,1.065,1090470,1236544
2015-06-26,1.274,1.274,1.176,1.175,1436949,1736648
2015-06-25,1.361,1.361,1.299,1.238,670500,884305
2015-06-24,1.350,1.400,1.368,1.332,967457,1312426
2015-06-23,1.334,1.359,1.347,1.251,1063988,1398601
2015-06-19,1.359,1.389,1.320,1.317,720542,976059
2015-06-18,1.463,1.463,1.400,1.398,561825,803575
2015-06-17,1.449,1.474,1.463,1.400,976854,1396205
2015-06-16,1.464,1.484,1.438,1.424,771505,1114908
2015-06-15,1.526,1.527,1.487,1.480,1344251,2021213
2015-06-12,1.516,1.530,1.520,1.508,893525,1356923
2015-06-11,1.508,1.516,1.516,1.501,1780650,2691250
2015-06-10,1.475,1.515,1.496,1.460,1514694,2255747
2015-06-09,1.479,1.489,1.475,1.460,861121,1266532
2015-06-08,1.513,1.519,1.491,1.460,1470507,2187928
2015-06-05,1.517,1.556,1.526,1.517,1456666,2227767
2015-06-04,1.532,1.560,1.513,1.473,1620912,2436307
2015-06-03,1.530,1.558,1.537,1.500,2180987,3346793
2015-06-02,1.463,1.511,1.511,1.463,2903193,4329166
2015-06-01,1.398,1.460,1.456,1.398,2018218,2920616
2015-05-29,1.375,1.410,1.396,1.321,2541106,3515989
2015-05-28,1.453,1.458,1.375,1.361,2692950,3833371
2015-05-27,1.455,1.469,1.453,1.431,2650614,3842291
2015-05-26,1.425,1.460,1.459,1.410,3023009,4357190
2015-05-25,1.410,1.432,1.425,1.380,2433934,3436075
2015-05-22,1.397,1.418,1.413,1.370,2537545,3565814
2015-05-21,1.320,1.365,1.363,1.320,1740488,2345485
2015-05-20,1.291,1.336,1.318,1.291,2222957,2941552
2015-05-19,1.265,1.295,1.291,1.233,2838459,3616305
2015-05-18,1.227,1.266,1.261,1.227,2758977,3464036
2015-05-15,1.233,1.238,1.227,1.210,951055,1160800
2015-05-14,1.250,1.250,1.244,1.220,1260779,1565984
2015-05-13,1.235,1.250,1.244,1.211,3236359,4010468
2015-05-12,1.208,1.235,1.234,1.201,3193740,3896971
2015-05-11,1.146,1.206,1.206,1.146,4016727,4741207
2015-05-08,1.096,1.143,1.142,1.096,3261317,3685292
2015-05-07,1.105,1.115,1.091,1.071,1276460,1403294
2015-05-06,1.113,1.135,1.110,1.100,1819391,2044747
2015-05-05,1.137,1.137,1.110,1.106,823589,919900
2015-05-04,1.123,1.139,1.138,1.113,2724619,3087586
2015-04-30,1.115,1.129,1.123,1.115,2034353,2286661
2015-04-29,1.106,1.116,1.115,1.091,1501501,1659288
2015-04-28,1.133,1.141,1.106,1.095,1468998,1631010
2015-04-27,1.130,1.147,1.135,1.123,3069803,3486113
2015-04-24,1.118,1.127,1.124,1.108,3632604,4065497
2015-04-23,1.114,1.123,1.120,1.112,3471142,3881671
2015-04-22,1.087,1.109,1.109,1.087,3817001,4211729
2015-04-21,1.060,1.088,1.087,1.055,2184252,2340853
2015-04-20,1.095,1.095,1.065,1.063,1285085,1386598
2015-04-17,1.099,1.109,1.097,1.094,2063336,2263570
2015-04-16,1.076,1.104,1.099,1.065,1225582,1336625
2015-04-15,1.116,1.123,1.086,1.082,1203146,1316519
2015-04-14,1.122,1.128,1.115,1.106,2166394,2423018
2015-04-13,1.105,1.125,1.120,1.104,2847519,3177457
2015-04-10,1.081,1.105,1.104,1.055,1991767,2183040
2015-04-09,1.093,1.093,1.080,1.052,1806291,1926718
2015-04-08,1.126,1.128,1.105,1.100,1867191,2074148
2015-04-07,1.112,1.129,1.128,1.105,2095218,2349497
2015-04-03,1.108,1.112,1.112,1.095,2234609,2466906
2015-04-02,1.090,1.111,1.111,1.090,1989105,2194981
2015-04-01,1.072,1.093,1.090,1.069,1703328,1846181
2015-08-20,0.949,0.980,0.945,0.945,220887,214025
2015-08-19,0.939,0.987,0.987,0.930,717500,679888
2015-08-18,1.017,1.017,0.984,0.951,543213,538594
2015-08-17,1.010,1.010,1.009,0.992,378300,377958
2015-08-14,1.000,1.014,1.004,1.000,651053,657033
2015-08-13,0.989,0.995,0.991,0.970,395361,388919
2015-08-12,0.988,1.004,0.990,0.988,668339,663685
2015-08-11,0.999,1.018,1.014,0.999,1002181,1009888
2015-08-10,0.948,0.998,0.996,0.948,950510,933985
2015-08-07,0.925,0.940,0.939,0.925,539716,506145
2015-08-06,0.939,0.939,0.926,0.917,357600,331336
2015-08-05,0.957,0.970,0.943,0.943,204417,194920
2015-08-04,0.957,0.957,0.948,0.928,505175,477882
2015-08-03,0.950,0.950,0.931,0.923,394913,368887
2015-07-31,0.970,0.989,0.961,0.961,225627,218241
2015-07-30,0.996,1.000,0.976,0.976,236000,233990
2015-07-29,0.961,1.000,0.996,0.961,427232,423013
2015-07-28,0.973,0.998,0.967,0.937,619272,596643
2015-07-27,1.046,1.054,0.973,0.960,697430,713890
2015-07-24,1.077,1.095,1.056,1.050,1343326,1452489
2015-07-23,1.045,1.086,1.085,1.045,1278330,1368240
2015-07-22,1.021,1.044,1.043,1.013,1518801,1566752
2015-07-21,0.999,1.016,1.013,0.980,1198874,1202456
2015-07-20,1.027,1.027,0.999,0.981,1358158,1358829
2015-07-17,0.950,0.988,0.985,0.934,1413283,1367649
2015-07-16,0.910,0.956,0.950,0.860,1077724,999675
2015-07-15,0.995,0.995,0.945,0.945,1163905,1120323
2015-07-14,1.087,1.150,1.050,1.021,2120016,2300137
2015-07-13,0.992,1.078,1.078,0.992,974674,1037759
2015-07-10,0.890,0.980,0.980,0.890,812480,789595
2015-07-09,0.800,0.891,0.891,0.732,1127999,956284
2015-07-08,0.810,0.889,0.810,0.810,526500,428079
2015-07-07,1.000,1.000,0.900,0.900,659500,611727
2015-07-06,1.070,1.078,1.000,0.980,1306678,1332130
2015-07-03,1.020,1.070,0.980,0.980,990130,994631
2015-07-02,1.120,1.141,1.060,1.050,551635,596698
2015-07-01,1.133,1.197,1.120,1.119,808100,933611
