#date, start price, highest price, close price, lowest price, deal number, deal amount
2015-03-31,1.663,1.796,1.655,1.632,72174,119117
2015-03-30,1.800,1.800,1.780,1.659,20659,36812
2015-03-27,1.644,1.800,1.800,1.644,20839,34275
2015-03-26,1.510,1.643,1.643,1.510,22100,36244
2015-03-25,1.520,1.658,1.530,1.520,2500,3878
2015-03-24,1.526,1.526,1.516,1.516,14679,22353
2015-03-23,1.520,1.520,1.501,1.501,7100,10790
2015-03-20,1.505,1.520,1.520,1.505,24779,37475
2015-03-19,1.500,1.501,1.499,1.461,24579,36335
2015-03-18,1.465,1.579,1.500,1.465,49800,74414
2015-03-17,1.434,1.579,1.579,1.434,41000,59225
2015-03-16,1.406,1.448,1.448,1.406,8300,11934
2015-03-13,1.428,1.428,1.428,1.428,300,428
2015-03-12,1.399,1.400,1.399,1.399,3700,5178
2015-03-05,0.000,1.351,1.351,1.351,900,1216
2015-03-03,1.400,1.400,1.400,1.400,2000,2800
2015-02-26,1.408,1.408,1.408,1.408,200,282
2015-02-25,1.421,1.421,1.379,1.379,1400,1944
2015-02-17,1.428,1.428,1.374,1.373,2311,3218
2015-02-16,1.350,1.350,1.350,1.350,4900,6615
2015-02-12,0.000,1.338,1.338,1.338,9900,13246
2015-02-10,1.330,1.379,1.328,1.328,4000,5358
2015-02-06,1.293,1.307,1.307,1.293,10500,13602
2015-02-05,1.389,1.389,1.389,1.389,100,139
2015-02-04,1.390,1.390,1.389,1.389,20900,29045
2015-02-03,0.000,1.306,1.306,1.306,1000,1306
2015-02-02,1.276,1.285,1.285,1.276,1000,1282
2015-01-30,1.359,1.359,1.352,1.352,5700,7732
2015-01-29,1.355,1.355,1.348,1.348,42001,56712
2015-01-27,1.445,1.445,1.385,1.385,8800,12242
2015-01-26,1.409,1.436,1.436,1.409,14000,19783
2015-01-23,1.403,1.420,1.407,1.403,31900,44966
2015-01-22,1.400,1.400,1.400,1.390,72901,101770
2015-01-20,1.405,1.405,1.405,1.405,100,141
2015-01-19,1.401,1.401,1.305,1.305,53500,72487
2015-01-16,1.449,1.449,1.429,1.424,11300,16149
2015-01-15,1.400,1.407,1.407,1.400,40400,56773
2015-01-14,1.382,1.382,1.382,1.382,22528,31134
2015-01-13,1.394,1.394,1.394,1.394,100,139
2015-01-12,1.385,1.408,1.408,1.354,263328,358147
2015-01-09,1.376,1.435,1.384,1.376,44000,62308
2015-01-08,1.407,1.420,1.420,1.391,9200,12814
2015-01-07,1.420,1.420,1.405,1.401,59200,83706
2015-01-06,1.420,1.420,1.420,1.395,6100,8637
2015-01-05,1.406,1.410,1.410,1.405,41800,58848
2015-06-30,1.680,1.775,1.771,1.545,7656,12453
2015-06-29,1.777,1.777,1.713,1.709,4300,7393
2015-06-26,1.724,1.819,1.724,1.724,6900,12027
2015-06-25,1.860,1.905,1.836,1.836,37100,68484
2015-06-24,1.850,1.888,1.888,1.845,70117,130943
2015-06-23,1.712,1.850,1.850,1.711,3500,6166
2015-06-19,1.893,1.912,1.751,1.750,11800,21853
2015-06-18,1.963,1.963,1.930,1.930,1200,2323
2015-06-17,1.919,1.945,1.945,1.919,33400,64822
2015-06-16,1.990,1.990,1.989,1.989,3800,7558
2015-06-15,2.035,2.036,1.989,1.989,21340,43386
2015-06-12,2.030,2.050,2.034,2.030,27110,55089
2015-06-11,2.019,2.050,2.025,2.019,79150,160094
2015-06-10,2.014,2.048,2.041,2.014,45524,92891
2015-06-09,2.030,2.048,2.048,2.020,32700,66477
2015-06-08,2.035,2.070,2.070,2.006,134710,273494
2015-06-05,2.026,2.035,2.028,2.026,26300,53347
2015-06-04,1.971,2.028,1.960,1.952,62600,124097
2015-06-03,1.929,2.008,1.950,1.928,30350,60090
2015-06-02,1.965,2.015,1.965,1.965,57100,112650
2015-06-01,1.949,1.949,1.949,1.948,4340,8455
2015-05-29,1.864,1.970,1.970,1.864,26940,51548
2015-05-28,1.922,2.032,1.932,1.922,13600,26305
2015-05-27,1.943,2.032,2.032,1.943,29200,58207
2015-05-26,1.950,2.118,2.030,1.950,67700,134444
2015-05-25,1.928,1.968,1.967,1.928,86371,169240
2015-05-22,1.882,1.924,1.913,1.868,74058,141087
2015-05-21,1.898,1.898,1.884,1.828,10800,20093
2015-05-20,1.889,1.889,1.878,1.825,119722,221831
2015-05-19,1.788,1.849,1.845,1.788,9700,17818
2015-05-18,1.851,1.851,1.786,1.786,2100,3876
2015-05-15,1.805,1.806,1.796,1.793,27471,49461
2015-05-14,1.814,1.814,1.814,1.813,15466,28055
2015-05-13,1.838,1.858,1.821,1.821,3700,6850
2015-05-12,1.828,1.838,1.838,1.818,22319,40837
2015-05-11,1.780,1.819,1.819,1.780,40900,73798
2015-05-08,1.753,1.850,1.790,1.745,12300,21683
2015-05-07,1.738,1.770,1.768,1.738,41851,73077
2015-05-06,1.762,1.814,1.760,1.760,59731,106082
2015-05-05,1.829,1.856,1.750,1.750,7300,13264
2015-05-04,1.842,1.845,1.845,1.834,73071,134477
2015-04-30,1.849,1.854,1.833,1.833,64538,118663
2015-04-29,1.797,1.840,1.840,1.797,282019,514287
2015-04-28,1.830,1.839,1.839,1.820,66900,122457
2015-04-27,1.822,1.840,1.840,1.810,138138,252151
2015-04-24,1.800,1.825,1.788,1.770,100572,180709
2015-04-23,1.806,1.840,1.829,1.806,175800,320676
2015-04-22,1.796,1.830,1.830,1.794,319000,577740
2015-04-21,1.737,1.785,1.785,1.737,200973,355601
2015-04-20,1.783,1.788,1.718,1.683,148300,259265
2015-04-17,1.737,1.796,1.785,1.737,604269,1068386
2015-04-16,1.670,1.735,1.720,1.670,292582,499992
2015-04-15,1.690,1.727,1.708,1.682,210827,358135
2015-04-14,1.695,1.710,1.690,1.680,1341691,2276810
2015-04-13,1.683,1.720,1.701,1.677,856957,1453001
2015-04-10,1.669,1.680,1.679,1.640,1189120,1984133
2015-04-09,1.745,1.745,1.745,1.745,673800,1175781
2015-04-08,1.939,2.098,1.939,1.939,1011282,1975561
2015-04-07,1.919,2.316,2.154,1.919,527553,1054891
2015-04-03,1.771,2.159,2.132,1.771,243754,487603
2015-04-02,1.968,1.968,1.968,1.703,118468,220110
2015-04-01,1.540,1.789,1.789,1.540,104132,178317
2015-08-20,1.505,1.658,1.625,1.494,62900,94952
2015-08-19,1.393,1.666,1.660,1.393,19200,30033
2015-08-18,1.582,1.617,1.537,1.536,62500,99661
2015-08-17,1.561,1.619,1.619,1.561,2200,3454
2015-08-14,1.587,1.622,1.620,1.587,4000,6355
2015-08-13,1.542,1.572,1.569,1.542,2100,3294
2015-08-12,1.575,1.617,1.578,1.575,42381,66787
2015-08-11,1.590,1.622,1.601,1.587,45600,73669
2015-08-10,1.541,1.600,1.600,1.541,109258,174117
2015-08-07,1.516,1.600,1.544,1.516,34844,53446
2015-08-06,1.509,1.553,1.543,1.508,31400,47844
2015-08-05,1.446,1.446,1.446,1.446,24300,35138
2015-08-04,1.485,1.562,1.562,1.485,66338,101939
2015-08-03,1.350,1.563,1.440,1.350,13344,18916
2015-07-31,1.452,1.495,1.495,1.452,38441,56993
2015-07-30,1.532,1.678,1.551,1.532,96690,149971
2015-07-29,1.472,1.595,1.589,1.472,97342,154376
2015-07-28,1.377,1.529,1.470,1.377,65218,94327
2015-07-27,1.538,1.683,1.528,1.528,41635,66676
2015-07-24,1.660,1.680,1.650,1.650,141158,235655
2015-07-23,1.700,1.700,1.665,1.612,338278,566716
2015-07-22,1.722,1.722,1.722,1.722,45200,77834
2015-07-21,1.913,1.913,1.913,1.913,75100,143666
2015-07-20,1.955,2.125,2.125,1.861,27336,52510
2015-07-17,1.688,2.060,2.060,1.688,44934,80459
2015-07-16,1.960,1.990,1.875,1.875,7356,14127
2015-07-15,1.837,2.019,2.018,1.661,4856,8702
2015-07-14,1.747,1.860,1.837,1.747,13556,24891
2015-07-13,1.700,1.701,1.701,1.700,1500,2551
2015-07-10,1.691,1.701,1.701,1.691,8800,14893
2015-07-09,1.547,1.548,1.548,1.547,9800,15169
2015-07-08,1.397,1.407,1.407,1.397,2600,3646
2015-07-07,1.504,1.531,1.530,1.504,2300,3504
2015-07-06,1.532,1.787,1.534,1.532,1400,2322
2015-07-01,1.701,1.701,1.701,1.701,1200,2041
