#date, start price, highest price, close price, lowest price, deal number, deal amount
2015-03-31,18.670,18.970,18.680,18.520,5442119,102201776
2015-03-30,19.020,19.130,18.680,18.360,7313265,136917504
2015-03-27,19.010,19.330,19.030,18.720,5585117,106020704
2015-03-26,19.580,20.390,19.130,18.600,10780141,210011440
2015-03-25,19.010,20.190,19.820,18.750,17133824,335938816
2015-03-24,18.550,19.520,19.330,17.620,19200804,355799904
2015-03-23,18.450,19.160,19.160,18.360,7635370,144077744
2015-03-20,18.100,18.460,18.280,17.910,5344472,97197456
2015-03-19,18.400,18.480,18.260,17.980,5557495,101270664
2015-03-18,17.700,18.470,18.240,17.570,6724203,121626648
2015-03-17,17.710,18.050,17.740,17.420,6663345,117871224
2015-03-16,17.200,17.730,17.600,17.200,5506213,96581552
2015-03-13,16.800,17.250,17.180,16.710,4439577,75608376
2015-03-12,17.000,17.250,16.720,16.540,4417598,74634576
2015-03-11,17.080,17.100,16.930,16.800,4376925,74115304
2015-03-10,17.280,17.430,17.170,16.950,6250900,107152664
2015-03-09,16.120,17.650,17.290,15.940,9520764,162270144
2015-03-06,16.570,16.680,16.110,16.000,4517043,73409888
2015-03-05,16.700,16.700,16.570,16.320,3594020,59375460
2015-03-04,16.080,16.730,16.700,16.000,6892869,113083064
2015-03-03,16.300,16.370,16.020,16.000,5489004,88885832
2015-03-02,16.510,16.550,16.500,16.300,4421277,72683080
2015-02-27,16.300,16.530,16.440,16.200,4219599,69115168
2015-02-26,16.050,16.380,16.230,15.980,4222209,68466856
2015-02-25,15.810,16.180,16.100,15.810,4221599,67588688
2015-02-17,16.020,16.060,15.850,15.670,2175128,34396380
2015-02-16,15.600,15.970,15.960,15.590,2414455,38211012
2015-02-13,15.390,15.670,15.580,15.380,2751069,42879088
2015-02-12,15.150,15.390,15.370,15.110,2272716,34709200
2015-02-11,15.250,15.290,15.060,15.010,3114229,47147808
2015-02-10,15.010,15.270,15.250,14.910,1788093,27057216
2015-02-09,15.430,15.590,15.010,14.980,2556934,38857692
2015-02-06,16.080,16.110,15.500,15.420,2436692,38318088
2015-02-05,16.110,16.240,16.000,15.900,3095476,49702260
2015-02-04,16.020,16.220,15.960,15.800,3810344,61188864
2015-02-03,15.460,15.960,15.870,15.460,2304489,36385336
2015-02-02,15.250,15.650,15.460,15.230,1388435,21529906
2015-01-30,15.970,16.120,15.530,15.530,2220073,35017388
2015-01-29,15.810,16.130,15.890,15.680,2610234,41575896
2015-01-28,15.750,16.070,15.970,15.620,3772500,59966780
2015-01-27,15.810,15.890,15.790,15.500,2836482,44546016
2015-01-26,15.550,15.860,15.800,15.550,1799256,28345966
2015-01-23,15.850,15.900,15.580,15.510,2158452,33811864
2015-01-22,15.740,15.850,15.830,15.600,2492357,39221632
2015-01-21,15.650,15.830,15.800,15.500,4201914,65905940
2015-01-20,14.910,15.560,15.560,14.910,3567853,54703108
2015-01-19,14.960,15.580,14.840,14.720,4306723,65456432
2015-01-16,14.950,15.220,15.180,14.900,2432628,36689772
2015-01-15,14.770,15.100,14.940,14.750,1557180,23277736
2015-01-14,14.820,14.880,14.780,14.690,1768638,26136334
2015-01-13,14.530,14.900,14.820,14.520,2411346,35458420
2015-01-12,15.150,15.150,14.530,14.530,2174000,32068314
2015-01-09,15.200,15.560,15.180,15.180,2259998,34725432
2015-01-08,15.290,15.500,15.300,15.170,1751570,26883936
2015-01-07,15.450,15.580,15.290,15.160,1791196,27409482
2015-01-06,14.900,15.620,15.460,14.800,2892224,44217664
2015-01-05,14.990,14.990,14.900,14.650,2302546,34129608
2015-06-30,23.790,26.880,26.860,22.310,7361515,180334544
2015-06-29,28.540,28.900,24.790,24.790,6263104,161401824
2015-06-26,29.600,29.690,27.540,27.540,5355389,151689376
2015-06-25,32.800,33.790,30.600,30.000,6100602,198273552
2015-06-24,32.520,33.580,32.280,31.210,5700946,184995632
2015-06-23,29.980,32.500,32.470,27.760,6629953,199978976
2015-06-19,32.900,33.300,30.510,30.510,4365231,139579200
2015-06-18,36.500,36.900,33.900,33.800,5009228,178023744
2015-06-17,35.920,37.790,37.100,33.390,6761937,239911808
2015-06-16,37.300,37.630,35.830,35.200,8204538,298323872
2015-06-15,40.000,41.500,38.910,38.600,7000430,282095840
2015-06-12,38.660,40.550,39.900,37.880,6954665,273543712
2015-06-11,38.220,41.150,39.000,38.220,9084311,359391040
2015-06-10,34.150,37.920,37.920,34.000,8193168,301090784
2015-06-09,33.300,35.440,34.470,32.800,7772000,267075104
2015-06-08,34.430,34.510,33.010,32.180,5960102,197306960
2015-06-05,36.100,36.540,34.830,34.020,7039786,249164448
2015-06-04,36.450,36.800,35.900,33.300,7394817,256740816
2015-06-03,38.330,38.500,37.000,35.500,7409328,276494976
2015-06-02,35.750,38.600,38.270,35.120,9355286,351289440
2015-06-01,32.540,36.300,35.830,32.500,10453492,362145760
2015-05-29,31.990,34.340,33.200,30.220,10647397,347390016
2015-05-28,34.960,35.800,31.400,31.310,9768765,331111616
2015-05-27,35.500,35.860,34.680,34.490,10046744,351708704
2015-05-26,34.030,37.430,35.950,34.000,10401794,373530432
2015-05-25,32.980,35.450,34.890,31.050,12922747,440036224
2015-05-22,31.000,33.500,32.310,28.100,14095018,430053632
2015-05-21,30.250,31.620,30.450,29.180,14816173,449194976
2015-05-20,26.980,28.840,28.840,26.980,5246430,149594816
2015-05-19,26.200,26.220,26.220,24.180,12866412,326859104
2015-05-14,22.750,24.250,23.840,22.530,7529781,177658032
2015-05-13,22.500,23.250,22.800,22.440,6673697,152441824
2015-05-12,23.000,23.610,23.440,22.500,9491791,219387984
2015-05-11,22.110,23.710,23.160,22.110,10807318,249149920
2015-05-08,20.810,22.080,22.000,20.710,6986163,149581168
2015-05-07,22.000,22.350,20.570,20.420,6849538,145049888
2015-05-06,21.990,23.460,22.360,21.500,9544119,215612400
2015-05-05,21.690,22.490,21.680,21.000,8792218,191641600
2015-05-04,20.750,21.690,21.580,20.750,6845437,146125280
2015-04-30,21.110,21.500,20.660,20.580,6916577,145871120
2015-04-29,19.910,20.840,20.800,19.820,5610040,115326160
2015-04-28,20.530,20.750,20.000,19.650,5135250,104035960
2015-04-27,20.600,21.150,20.530,20.390,5789956,119900384
2015-04-24,20.280,20.640,20.420,19.800,5163701,104542800
2015-04-23,20.580,21.150,20.560,20.300,6244969,129481104
2015-04-22,20.200,20.620,20.440,20.200,4826871,98751784
2015-04-21,19.330,20.200,20.200,19.330,4279413,85106000
2015-04-20,20.500,20.500,19.330,19.280,4783587,95408920
2015-04-17,20.720,20.970,20.580,20.190,5950978,121473128
2015-04-16,20.100,21.190,20.750,19.860,4268761,87870320
2015-04-15,21.600,21.880,20.600,20.340,6378247,134098376
2015-04-14,21.820,21.990,21.600,21.150,5514716,118634160
2015-04-13,22.010,22.190,21.900,21.030,8117501,176153712
2015-04-10,19.700,22.000,21.840,19.700,11536350,244800896
2015-04-09,19.400,20.280,20.100,18.520,7638428,147565408
2015-04-08,20.390,20.510,19.580,19.000,8004334,157991984
2015-04-07,20.280,20.950,20.390,20.210,8049557,164792880
2015-04-03,19.200,19.780,19.770,19.060,8208734,160856192
2015-04-02,19.160,19.590,19.350,18.900,7444784,143561344
2015-04-01,18.620,19.190,19.100,18.600,5436750,102982800
2015-08-14,24.450,24.570,24.070,24.010,6599472,160002768
2015-08-13,23.710,24.400,24.280,23.400,7287543,174001008
2015-08-12,24.020,24.990,24.000,23.880,8153965,199247184
2015-08-11,24.900,24.900,24.470,24.000,11856389,291149536
2015-08-10,24.200,25.070,25.070,23.800,12576565,306698848
2015-08-07,22.790,22.790,22.790,22.790,2778421,63320216
2015-08-06,20.720,20.720,20.720,20.720,314896,6524645
2015-07-06,22.230,22.230,18.840,18.190,9696574,193442688
2015-07-03,21.690,23.630,20.210,20.110,7583577,160648944
2015-07-02,24.330,25.480,22.340,22.340,8073247,189097728
2015-07-01,26.660,28.400,24.820,24.170,7183777,194072880
2015-08-17,23.810,23.950,23.640,23.100,5493448,129132688
2015-08-18,23.780,24.500,21.510,21.280,10084970,237191104
2015-08-20,21.570,22.120,20.840,20.760,4537512,97929256
2015-08-19,20.880,22.580,22.090,19.560,7536914,157866720
2015-09-14,17.500,17.500,15.650,15.650,5938857,96392920
2015-09-11,16.880,17.460,17.390,16.880,4437210,76463520
2015-09-10,17.230,17.440,16.920,16.900,5114799,88117352
2015-09-09,16.960,17.780,17.630,16.820,7586188,131693064
2015-09-08,15.200,16.830,16.750,15.190,4872479,77499984
2015-09-07,14.700,15.880,15.400,14.700,4976599,76769232
2015-09-02,14.110,16.000,14.590,14.050,5238188,78617240
2015-09-01,16.200,16.550,15.060,15.060,4959834,78098720
2015-08-31,17.600,17.600,16.730,16.500,5937964,100857624
2015-08-28,16.730,17.980,17.860,16.600,7783413,132616536
2015-08-27,16.110,16.400,16.400,15.200,6274978,100090104
2015-08-26,15.500,16.590,15.490,15.030,8908961,140989552
2015-08-25,15.420,15.850,15.420,15.420,4586633,70946600
2015-08-24,18.000,18.340,17.130,17.130,3218867,55879888
2015-08-21,20.100,20.720,19.030,19.020,4897235,97236624
2015-09-30,9.450,9.500,9.170,8.910,10474032,96182928
2015-09-29,9.350,9.850,9.380,9.180,14183067,134232688
2015-09-28,9.100,9.710,9.620,8.760,15066726,140121296
2015-09-25,9.350,9.500,8.830,8.610,14921041,135091184
2015-09-24,9.990,10.300,9.520,9.410,18656270,182546912
2015-09-23,19.050,20.370,19.800,18.810,8566460,169029408
2015-09-22,19.090,20.280,19.560,18.420,11704252,225352432
2015-09-21,17.770,19.750,19.290,17.640,12721782,236809248
2015-09-18,16.660,18.020,18.020,16.350,9643993,167139776
2015-09-17,16.490,17.400,16.380,16.100,7617921,128101832
2015-09-16,15.250,16.500,16.500,15.000,4969202,78117256
2015-09-15,15.120,15.900,15.000,14.690,4264952,65285844
2015-10-12,11.000,11.450,11.210,10.820,30103776,337183456
2015-10-09,9.890,10.780,10.780,9.800,24096070,250069808
2015-10-08,9.480,9.980,9.800,9.330,14292354,137980176
2015-11-20,16.010,16.550,16.360,15.610,36974928,595133504
2015-11-19,15.030,16.670,16.520,15.030,53081896,859350528
2015-11-18,15.000,15.520,15.150,14.440,37858344,565510528
2015-11-17,15.480,15.680,14.870,14.780,48227248,736026432
2015-11-16,12.710,14.250,14.250,12.580,20883628,286930528
2015-11-13,12.530,13.300,12.950,12.440,20668496,268320176
2015-11-12,13.070,13.360,12.850,12.590,20286702,262121856
2015-11-11,12.890,13.490,13.230,12.760,20560964,269817376
2015-11-10,12.900,13.070,12.900,12.600,20705084,267353344
2015-11-09,12.700,13.290,13.200,12.320,38447516,495933312
2015-11-06,11.460,12.490,12.490,11.420,16269487,199289824
2015-11-05,11.500,11.540,11.350,11.130,12708492,143768176
2015-11-04,10.640,11.430,11.430,10.640,11427627,127127944
2015-11-03,10.590,10.770,10.670,10.410,7302742,77392392
2015-11-02,10.830,11.260,10.540,10.500,9630256,104993728
2015-10-30,11.500,11.500,11.120,11.000,10983003,123406144
2015-10-29,11.730,11.850,11.450,11.200,11397532,131435272
2015-10-28,11.780,12.190,11.560,11.450,17723492,209415312
2015-10-27,11.450,12.190,12.000,10.820,20716348,236795008
2015-10-26,11.590,11.970,11.670,11.300,19924540,231936528
2015-10-23,10.950,11.460,11.290,10.700,18628332,206188032
2015-10-22,10.350,10.880,10.810,10.310,14019638,148704672
2015-10-21,11.430,11.540,10.380,10.380,22086360,241565984
2015-10-20,11.050,11.910,11.530,11.050,22963370,265596256
2015-10-19,11.210,11.210,11.040,10.830,13098540,143355216
2015-10-16,11.350,11.410,11.180,10.850,18868564,209867328
2015-10-15,10.810,11.370,11.290,10.720,18486936,205024208
2015-10-14,11.280,11.640,11.060,11.000,17282164,194401744
2015-10-13,11.000,11.490,11.390,10.820,20249120,226352624
