#date, start price, highest price, close price, lowest price, deal number, deal amount
2015-03-31,14.450,14.660,14.580,14.420,4317236,62840084
2015-03-30,14.630,14.750,14.430,14.300,4119185,59595696
2015-03-27,14.220,14.680,14.680,14.210,3936337,56901724
2015-03-26,14.450,14.730,14.240,14.160,4859340,69946968
2015-03-25,14.770,14.840,14.690,14.320,5932546,86481392
2015-03-24,15.360,15.460,14.890,14.000,7330541,108670000
2015-03-23,14.700,15.390,15.340,14.670,5899802,88847824
2015-03-20,14.500,14.930,14.800,14.370,6117717,89581328
2015-03-19,14.250,14.540,14.480,14.250,5432611,77944768
2015-03-18,14.070,14.540,14.420,14.070,5233471,75102096
2015-03-17,14.100,14.670,14.410,13.950,5259378,75641704
2015-03-16,13.950,14.200,14.020,13.710,4552986,63804932
2015-03-13,13.440,13.800,13.760,13.390,3995239,54424580
2015-03-12,13.690,13.980,13.510,13.310,4976653,67964744
2015-03-11,13.450,13.870,13.700,13.200,7386266,100054800
2015-03-10,12.880,13.390,13.370,12.810,5083346,66927516
2015-03-09,12.600,12.940,12.920,12.420,3744276,47660436
2015-03-06,13.080,13.200,12.730,12.660,4490428,57828336
2015-03-05,12.920,13.430,13.140,12.900,5888626,77501328
2015-03-04,12.550,12.960,12.960,12.540,4791632,61366916
2015-03-03,12.900,13.100,12.600,12.600,5654382,72632384
2015-03-02,12.660,13.250,13.060,12.500,8443687,108864720
2015-02-27,12.340,12.590,12.550,12.210,5059567,62729624
2015-02-26,12.140,12.340,12.270,12.060,2851635,34906856
2015-02-25,12.100,12.260,12.150,11.970,3456305,41859172
2015-02-17,12.120,12.220,12.120,11.940,3643686,43989076
2015-02-16,11.990,12.240,12.170,11.900,4584000,55692484
2015-02-13,11.650,11.990,11.920,11.650,4157214,49442676
2015-02-12,11.580,11.770,11.620,11.550,3221908,37564736
2015-02-11,11.550,11.610,11.580,11.430,1819616,20963978
2015-02-10,11.370,11.670,11.520,11.220,1752534,20108124
2015-02-09,11.230,11.580,11.320,11.150,1819828,20761714
2015-02-06,11.630,11.700,11.230,11.180,3538997,40355584
2015-02-05,11.910,11.950,11.700,11.690,2688804,31916886
2015-02-04,12.050,12.060,11.840,11.770,3243322,38576244
2015-02-03,11.600,12.000,12.000,11.590,3255103,38544908
2015-02-02,11.770,11.770,11.580,11.500,3098373,36085244
2015-01-30,11.940,12.010,11.800,11.750,3935066,46699656
2015-01-29,12.180,12.230,11.910,11.870,4974331,59882696
2015-01-28,12.140,12.290,12.200,12.090,4607034,56288936
2015-01-27,12.250,12.350,12.200,12.080,5692269,69462528
2015-01-26,12.180,12.350,12.290,12.070,5231900,63966548
2015-01-23,12.350,12.420,12.140,12.070,6200283,75740648
2015-01-22,12.070,12.360,12.350,11.960,7944789,96490216
2015-01-21,11.870,12.160,12.100,11.820,7401647,88969672
2015-01-20,11.530,11.840,11.820,11.510,5084358,59454324
2015-01-19,11.600,11.940,11.500,11.380,6066639,70882776
2015-01-16,11.700,11.920,11.860,11.690,4552673,53813156
2015-01-15,11.730,11.850,11.740,11.670,3669658,43055736
2015-01-14,11.840,11.880,11.740,11.570,4082377,47679808
2015-01-13,11.660,11.930,11.840,11.620,4464777,52730208
2015-01-12,12.080,12.080,11.740,11.520,7610862,89190432
2015-01-09,12.150,12.270,12.100,12.050,7902893,96100248
2015-01-08,12.060,12.340,12.200,12.060,9835395,120027416
2015-01-07,12.160,13.000,12.420,12.030,21939424,270179264
2015-01-06,13.250,13.250,13.250,13.250,458900,6080425
2015-01-05,14.720,14.720,14.720,14.720,45400,668288
2015-06-30,22.400,25.080,22.900,22.400,11781568,273883968
2015-06-29,27.660,28.000,24.890,24.890,2226500,56547140
2015-06-26,29.100,30.000,27.660,27.660,5283078,151622336
2015-06-25,31.400,32.500,30.730,29.880,7569423,233925760
2015-06-24,31.000,32.200,31.430,30.590,6894401,216879024
2015-06-23,27.990,30.210,30.210,27.100,8082841,231985488
2015-06-19,29.000,31.450,27.460,27.200,5694322,170143344
2015-06-18,28.900,32.120,30.120,28.700,7698458,237197552
2015-06-17,27.560,29.480,29.200,26.590,5166088,146054432
2015-06-16,29.000,29.200,27.420,27.010,5188789,145750432
2015-06-15,32.000,32.300,29.510,29.280,5783876,179620144
2015-06-12,31.360,32.000,31.690,31.000,4539000,143459104
2015-06-11,31.560,32.600,31.250,30.790,4828280,151458992
2015-06-10,31.010,32.630,31.900,30.300,5422552,172769456
2015-06-09,30.100,32.600,31.500,28.960,7038297,216656640
2015-06-08,33.510,33.510,30.940,30.940,9353070,296976992
2015-06-05,35.110,36.700,34.380,34.100,9257893,324344320
2015-06-04,34.920,36.080,35.050,31.930,10258923,345632864
2015-06-03,37.310,37.310,35.480,31.800,16825396,578586496
2015-06-02,33.920,33.920,33.920,32.840,3000681,101648320
2015-06-01,29.700,30.840,30.840,29.400,3932630,119601496
2015-05-29,25.920,28.040,28.040,24.000,12655876,344150624
2015-05-28,27.000,28.600,25.490,24.560,14985707,416447680
2015-05-27,23.600,26.000,26.000,23.180,12860009,325512512
2015-05-26,22.010,23.760,23.640,22.010,7366824,169953824
2015-05-25,21.780,22.300,21.880,21.100,5873468,127613192
2015-05-22,22.630,23.000,21.820,21.200,8321470,183406768
2015-05-21,22.380,23.110,22.790,22.380,6607810,150134224
2015-05-20,21.130,23.280,22.690,21.130,8455774,188624064
2015-05-19,21.450,21.790,21.420,20.250,8361630,175512160
2015-05-18,20.600,21.950,21.340,20.120,10659437,227043984
2015-05-15,18.520,20.660,20.660,18.020,14286562,276735488
2015-05-14,17.810,19.370,18.780,17.790,9197084,170572672
2015-05-13,17.600,18.350,17.750,17.350,6875775,121802040
2015-05-12,17.730,18.360,17.980,17.350,9425041,168675424
2015-05-11,17.100,17.820,17.600,16.800,8850813,154266976
2015-05-08,16.190,17.100,17.080,16.130,5422510,89376960
2015-05-07,17.100,17.190,15.890,15.800,6233101,101611056
2015-05-06,16.880,18.000,17.100,16.880,9101473,158790352
2015-05-05,16.950,17.600,16.880,16.610,8074621,138817552
2015-05-04,16.920,17.200,16.940,16.300,6352342,106598104
2015-04-30,17.040,17.680,16.710,16.710,9147496,157626560
2015-04-29,16.240,17.110,16.920,15.920,7713324,128431296
2015-04-28,16.690,17.150,16.190,15.870,9866416,163298864
2015-04-27,16.350,16.670,16.600,16.200,10811146,178245920
2015-04-24,15.840,16.060,15.990,15.660,6874764,109095616
2015-04-23,16.100,16.310,16.070,15.890,7315261,117783040
2015-04-22,15.620,16.070,15.970,15.550,6997752,110898112
2015-04-21,14.920,15.540,15.520,14.900,5663473,86813592
2015-04-20,15.320,15.590,14.910,14.900,6855637,104508160
2015-04-17,15.730,15.920,15.480,15.420,9671660,151154432
2015-04-16,15.600,16.330,15.810,15.500,7013234,112063032
2015-04-15,16.590,16.930,15.820,15.780,8015118,129758320
2015-04-14,16.520,17.830,16.720,16.340,9971101,170317776
2015-04-13,16.320,16.960,16.600,16.000,8738526,144250864
2015-04-10,15.930,16.640,16.370,15.770,9346256,151498128
2015-04-09,15.310,16.430,16.080,15.010,14031967,221165056
2015-04-08,15.730,15.850,15.400,15.000,10909155,168431632
2015-04-07,15.330,15.970,15.800,15.100,14303678,221033840
2015-04-03,14.880,15.100,14.940,14.660,12098574,179893920
2015-04-02,14.910,15.310,15.130,14.810,7501787,112810760
2015-04-01,14.580,15.050,14.870,14.520,7455127,110442592
2015-08-14,19.770,20.300,19.710,19.550,8088395,160756240
2015-08-13,20.170,20.500,19.960,19.190,12805416,252537808
2015-08-12,18.650,20.600,20.170,18.340,12087236,236036608
2015-08-11,19.240,19.340,18.800,18.680,8745633,166231824
2015-08-10,18.290,19.690,19.290,18.090,7706723,144497936
2015-08-07,17.510,18.360,18.150,17.300,7467309,133861672
2015-08-06,16.500,17.420,17.270,16.340,5926242,100391880
2015-08-05,16.800,17.600,16.880,16.570,7911336,135677280
2015-08-04,15.400,16.930,16.930,15.400,6326077,102798144
2015-08-03,16.720,16.860,15.390,15.350,6507720,103406848
2015-07-31,17.250,17.700,17.050,16.510,6454029,111605824
2015-07-30,17.800,18.990,17.580,17.400,9010111,164767104
2015-07-29,17.170,18.060,18.060,16.210,8245491,139743392
2015-07-28,15.650,17.920,16.420,15.440,12153488,198689152
2015-07-27,18.400,19.330,17.150,17.150,10275350,187562160
2015-07-24,19.580,20.480,19.060,18.650,12920986,255660880
2015-07-23,18.600,19.890,19.510,18.350,13251304,255093184
2015-07-22,18.130,19.000,18.720,17.860,13700322,252143024
2015-07-21,18.440,19.170,18.510,17.510,18693000,347691968
2015-07-20,16.990,17.890,17.890,16.810,18023724,318795552
2015-07-17,15.200,16.260,16.260,14.830,12267456,193439600
2015-07-16,14.780,14.780,14.780,13.680,11307706,165853248
2015-07-07,13.440,13.830,13.440,13.440,2660200,35764928
2015-07-06,18.000,18.000,15.030,15.030,9471609,150441184
2015-07-03,16.760,17.940,16.700,16.700,6050017,102873584
2015-07-02,18.780,19.990,18.550,18.550,8053543,151025424
2015-07-01,22.630,23.820,20.610,20.610,12022879,266762656
2015-08-17,19.760,20.110,20.040,19.510,6088952,120826576
2015-08-18,20.150,20.200,18.040,18.040,7901073,151008688
2015-08-20,17.680,18.200,17.300,17.280,4642991,82462128
2015-08-19,17.400,18.460,18.190,16.300,7456401,129432040
2015-09-14,15.000,15.190,13.500,13.500,4869449,68771840
2015-09-11,14.900,15.280,15.000,14.790,3473200,52197096
2015-09-10,15.180,15.440,14.880,14.800,5168099,78042424
2015-09-09,14.700,15.780,15.580,14.600,9516404,145606736
2015-09-08,13.670,14.880,14.870,13.670,6084752,86574760
2015-09-07,13.700,14.470,13.860,13.630,6398096,89355088
2015-09-02,13.000,14.740,13.230,12.700,4861495,66936380
2015-09-01,14.060,14.690,14.040,13.700,9655943,136633440
2015-08-31,14.000,14.800,14.260,13.700,9067082,129373896
2015-08-28,13.280,14.100,14.030,13.000,5783562,77757920
2015-08-27,12.600,13.000,12.960,12.100,6702554,84583696
2015-08-26,13.190,13.680,12.280,12.050,9106687,116829096
2015-08-25,13.190,13.640,13.180,13.180,6203698,82092048
2015-08-24,15.320,15.600,14.640,14.640,3698976,54970476
2015-08-21,17.000,17.230,16.270,15.960,4769504,79434816
2015-09-30,15.750,15.950,15.450,15.210,2449730,37975256
2015-09-29,15.580,15.830,15.750,15.350,3507707,54724776
2015-09-28,15.000,15.900,15.900,14.850,4270888,66113384
2015-09-25,15.980,16.170,14.850,14.730,5442788,83996760
2015-09-24,15.940,16.500,16.150,15.650,5826432,93174016
2015-09-23,14.920,16.360,15.930,14.920,9156990,144816464
2015-09-22,15.000,15.620,15.310,14.790,7021106,106150464
2015-09-21,13.860,15.280,14.930,13.800,5280956,76831824
2015-09-18,13.780,14.290,14.200,13.660,3854950,53917448
2015-09-17,14.050,14.680,13.840,13.800,5416287,77133632
2015-09-16,12.880,14.080,14.080,12.800,4544548,60913116
2015-09-15,12.990,13.460,12.800,12.710,4306439,56079216
2015-10-12,18.000,19.450,18.900,18.000,9649296,181911760
2015-10-09,16.350,17.840,17.840,16.100,8232147,141196992
2015-10-08,16.120,16.470,16.220,15.860,5994950,97063024
2015-11-20,31.400,32.450,32.450,31.050,14433172,463308992
2015-11-19,27.000,29.500,29.500,27.000,6026845,172949872
2015-11-18,29.240,29.280,26.820,26.500,10906228,305015616
2015-11-17,27.510,27.740,27.740,26.500,7801581,214347904
2015-11-13,26.240,26.240,25.220,24.500,8217452,207600160
2015-11-12,27.500,27.930,26.420,26.100,6589802,175316304
2015-11-11,27.200,28.700,27.490,26.820,8166973,226516432
2015-11-10,24.500,26.790,26.790,24.300,9309396,245354624
2015-11-09,24.000,24.790,24.350,23.500,5303359,128718376
2015-11-06,24.000,24.790,24.550,23.780,5849715,141670048
2015-11-05,22.480,24.150,24.100,22.150,8598136,199762096
2015-11-04,21.490,22.540,22.420,21.300,5028950,111397192
2015-11-03,22.460,22.460,21.250,21.070,6299538,135259632
2015-11-02,22.250,23.550,22.080,21.660,5539674,125000632
2015-10-30,22.600,23.800,23.500,21.820,5064942,116625072
2015-10-29,22.500,22.800,22.650,21.600,3670641,81626240
2015-10-28,23.250,23.690,22.090,22.010,4571321,103621344
2015-10-27,23.410,24.210,23.300,21.850,7432862,171664544
2015-10-26,23.500,25.490,23.890,23.010,8719297,208166000
2015-10-23,22.100,24.510,24.180,22.100,10920680,257919088
2015-10-22,19.810,22.280,22.280,19.800,11711036,248780048
2015-10-21,21.110,21.190,20.250,19.150,10554777,212829904
2015-10-20,20.510,21.390,21.280,20.000,5597352,117055448
2015-10-19,20.100,21.880,21.100,19.800,8834458,182208784
2015-10-16,20.370,20.550,20.250,19.600,6200168,124306888
2015-10-15,19.740,20.460,20.320,19.300,6272155,125646544
2015-10-14,19.580,20.710,19.870,19.580,9904166,200134096
2015-10-13,18.500,20.150,19.530,18.320,8891369,174329312
