#date, start price, highest price, close price, lowest price, deal number, deal amount
2015-03-31,25.100,25.800,25.090,24.530,12621569,318620224
2015-03-30,26.720,26.720,25.410,25.100,18084256,470543328
2015-03-27,26.400,28.050,27.250,25.750,27933288,754225344
2015-03-26,23.090,25.540,25.540,22.860,22901616,574872320
2015-03-25,23.080,23.680,23.220,22.550,8702049,201900560
2015-03-24,23.800,24.420,23.200,22.450,11846507,277667776
2015-03-23,22.600,23.860,23.640,22.560,12925961,299755104
2015-03-20,22.860,23.060,22.550,22.360,9807293,222179440
2015-03-19,22.500,22.930,22.810,22.100,10841034,243575888
2015-03-18,21.190,23.190,22.400,21.010,14855223,329481408
2015-03-17,21.000,21.400,21.170,20.880,7687649,162212352
2015-03-16,20.370,20.970,20.890,20.330,5713076,118735920
2015-03-13,19.900,20.630,20.470,19.900,5165812,105394960
2015-03-12,20.180,20.460,19.930,19.770,4542927,91018352
2015-03-11,20.570,20.630,20.190,19.950,3937936,79924120
2015-03-10,20.510,20.740,20.570,20.280,3811076,78198144
2015-03-09,20.000,20.400,20.280,19.850,3475261,69911280
2015-03-06,20.970,21.160,19.910,19.880,6288029,128566112
2015-03-05,21.730,21.870,20.960,20.860,4713643,99684832
2015-03-04,21.460,21.830,21.600,21.450,5428619,117237408
2015-03-03,22.170,22.180,21.360,21.360,7280877,158147920
2015-03-02,21.600,22.860,22.290,21.360,8188923,181091232
2015-02-27,21.190,21.890,21.670,20.930,3756852,80564656
2015-02-26,21.360,21.580,21.280,20.810,2307810,48914480
2015-02-25,21.500,21.640,21.200,21.200,2708006,58024904
2015-02-17,21.400,21.920,21.530,21.360,3686252,79655392
2015-02-16,21.710,22.020,21.570,21.500,6023689,130760336
2015-02-13,21.010,21.930,21.550,20.890,8195701,176714944
2015-02-12,20.410,21.100,21.080,20.130,4719456,96916376
2015-02-11,20.640,20.940,20.400,20.290,3289666,67398408
2015-02-10,19.900,20.380,20.360,19.360,3768859,74920000
2015-02-09,20.350,20.840,20.230,19.880,3584946,73173736
2015-02-06,20.020,20.680,20.170,19.780,4091921,82780040
2015-02-05,20.050,20.450,19.940,19.930,4500283,90899376
2015-02-04,20.920,21.370,20.310,20.200,8216972,171962704
2015-02-03,19.480,21.200,20.700,19.480,10897923,225228480
2015-02-02,19.150,19.630,19.270,19.140,2711197,52551004
2015-01-30,19.630,19.800,19.040,18.900,3531216,68056080
2015-01-29,19.890,20.180,19.640,19.600,3176338,63211972
2015-01-28,19.950,20.250,20.060,19.650,4814176,96262816
2015-01-27,20.110,20.160,19.960,19.500,4902447,97282248
2015-01-26,19.950,20.480,20.160,19.880,5547582,111647360
2015-01-23,20.970,21.330,20.310,20.180,10284355,212732848
2015-01-22,20.030,20.930,20.720,19.810,10881964,222594784
2015-01-21,19.930,20.520,20.030,19.540,9175640,182372000
2015-01-20,18.850,20.200,19.920,18.850,9799021,192186368
2015-01-19,18.590,19.900,19.000,18.110,10250582,196643904
2015-01-16,18.460,19.100,18.940,18.090,6277086,117639728
2015-01-15,18.520,19.180,18.530,18.400,6228097,116924472
2015-01-14,18.250,19.180,18.380,17.950,7222959,134449088
2015-01-13,18.000,18.450,18.070,17.680,4381730,79273256
2015-01-12,18.080,18.500,18.150,17.500,5775019,104310352
2015-01-09,18.650,19.030,18.150,18.150,12735410,236725776
2015-01-08,16.990,19.030,19.030,16.990,16121015,302248992
2015-01-07,17.000,17.500,17.300,16.810,3644407,62503704
2015-01-06,16.570,17.600,17.440,16.320,6040766,103777640
2015-01-05,16.470,17.320,16.930,15.810,5364569,89066040
2015-06-30,23.000,25.470,24.900,21.890,8845473,208406176
2015-06-29,27.190,27.600,24.320,24.320,7107109,178815872
2015-06-26,28.910,28.910,27.030,27.030,5496061,151384192
2015-06-25,32.600,32.600,30.030,29.510,6341663,198459856
2015-06-24,32.550,32.800,32.730,31.400,7281465,234753040
2015-06-23,30.910,32.380,32.200,29.520,6114865,191029136
2015-06-19,32.950,33.200,31.000,30.580,6565945,209876288
2015-06-18,36.760,37.500,33.980,33.650,7408406,267373104
2015-06-17,35.080,36.740,36.740,33.580,7236039,257099760
2015-06-16,36.500,37.000,34.770,34.500,9457991,335246400
2015-06-15,39.800,41.500,37.650,37.530,10225968,401964832
2015-06-12,38.550,41.300,40.170,38.180,13496104,538863488
2015-06-11,36.510,39.630,37.810,36.000,12643995,480500736
2015-06-10,36.420,37.800,36.360,35.600,12197317,446279520
2015-06-09,33.200,37.300,37.000,33.200,15539882,553212544
2015-06-08,35.980,37.280,34.190,34.000,15856280,562162176
2015-06-05,32.500,35.200,35.200,31.900,12747351,428078048
2015-06-04,33.790,34.750,32.000,30.450,11274644,361565280
2015-06-03,33.810,35.040,33.830,32.540,9296411,314894432
2015-06-02,32.150,33.850,33.800,32.150,8362276,276297184
2015-06-01,31.490,32.490,32.290,31.010,7582360,242688432
2015-05-29,32.170,32.890,31.100,29.000,9336130,292484288
2015-05-28,35.040,36.600,32.170,32.170,12382725,424521888
2015-05-27,34.030,37.080,35.740,33.000,13704931,477266848
2015-05-26,32.620,34.650,33.920,32.500,11168279,375931200
2015-05-25,31.290,32.600,32.600,29.900,10129786,319385216
2015-05-22,32.630,32.990,31.840,31.400,8366251,267461392
2015-05-21,31.070,32.500,32.260,30.880,10007364,317111776
2015-05-20,31.500,33.270,31.360,31.200,11291578,363153024
2015-05-19,32.340,33.700,31.750,31.020,9393832,297983872
2015-05-18,31.300,33.000,32.400,30.880,12374168,398613952
2015-05-15,30.570,33.990,31.540,30.050,17130584,554252800
2015-05-14,31.150,32.990,31.140,30.200,20297418,638307776
2015-05-13,26.710,30.090,30.090,26.320,9314697,269034080
2015-05-12,27.490,27.800,27.350,26.450,12096334,327877248
2015-05-11,26.300,27.240,27.100,25.940,9125299,243279824
2015-05-08,25.000,25.950,25.940,24.670,7142312,180648416
2015-05-07,26.770,26.770,24.880,24.600,6923808,178627376
2015-05-06,27.240,28.690,26.950,26.850,12161501,340561824
2015-05-05,26.430,27.940,27.460,26.200,12490716,340088992
2015-05-04,25.920,26.840,26.690,24.840,8623091,226593520
2015-04-30,25.810,26.480,25.740,25.200,7512252,194833136
2015-04-29,25.040,26.100,25.610,25.040,7995778,204475664
2015-04-28,26.700,26.770,25.390,24.830,11414312,292767616
2015-04-27,28.300,28.930,27.060,26.880,18597228,520930560
2015-04-24,26.300,27.610,27.520,25.800,13727249,370916736
2015-04-23,25.950,26.990,26.300,25.560,11666124,307359520
2015-04-22,25.400,25.990,25.540,25.200,7161389,183986592
2015-04-21,24.000,25.490,25.400,23.740,6959991,173419216
2015-04-20,25.600,25.800,24.210,24.080,10421199,261112048
2015-04-17,26.450,27.700,26.120,25.550,14278562,378512480
2015-04-16,25.510,26.950,26.380,25.510,11613830,305161152
2015-04-15,25.840,26.970,25.270,25.250,11807990,308695072
2015-04-14,25.150,26.270,25.880,24.520,10420098,264961424
2015-04-13,24.700,26.100,25.290,24.500,9411692,238634400
2015-04-10,24.000,24.990,24.690,23.820,7845847,192690752
2015-04-09,24.750,24.760,24.210,23.310,8544988,205541056
2015-04-08,26.700,26.890,24.860,24.420,12549155,318671968
2015-04-07,25.820,26.700,26.500,25.810,11481780,302400928
2015-04-03,25.900,26.260,25.600,25.150,8376427,214981760
2015-04-02,26.000,26.500,25.630,25.100,10205794,263347936
2015-04-01,25.090,25.820,25.610,24.940,9796522,249656544
2015-07-08,13.240,13.980,13.250,13.240,22570900,301643328
2015-07-07,14.710,14.980,14.710,14.710,2164900,31854098
2015-07-06,19.000,19.800,16.340,16.340,8477540,152381984
2015-07-03,18.420,20.850,18.150,18.150,8139657,151764720
2015-07-02,21.580,22.590,20.170,20.170,6652677,138482784
2015-07-01,24.200,25.800,22.410,22.410,8624212,210545136
2015-09-30,14.580,14.580,14.580,14.580,165109,2407289
2015-10-12,19.300,19.400,19.400,18.600,6405314,123486080
2015-10-09,17.640,17.640,17.640,17.640,6916220,122002120
2015-10-08,16.040,16.040,16.040,16.040,1021217,16380321
2015-11-20,39.600,43.000,41.450,39.600,12091973,500663264
2015-11-19,38.500,40.100,39.180,38.010,8606094,336736704
2015-11-18,39.700,41.000,38.000,37.000,11956835,465717792
2015-11-17,42.800,44.880,40.700,40.230,17252148,728936832
2015-11-16,40.790,44.600,42.990,39.320,13450641,566246784
2015-11-13,48.800,48.800,42.490,42.490,23537544,1057576704
2015-11-12,47.000,47.210,47.210,45.200,20604508,970970432
2015-11-11,38.600,42.920,42.920,38.600,8859032,365949728
2015-11-10,39.400,40.500,39.020,38.500,14263676,562448512
2015-11-09,38.400,41.200,40.000,37.150,17465408,690944768
2015-11-06,39.900,40.750,39.200,38.110,17916584,705222208
2015-11-05,38.200,42.570,40.010,38.200,24815992,992530240
2015-11-04,37.890,39.460,38.800,36.410,23007362,876964992
2015-11-03,38.500,41.500,36.900,35.640,31138674,1191527424
2015-11-02,39.600,39.600,39.600,39.600,1579300,62540280
2015-10-30,51.170,51.170,44.000,44.000,40777272,2011966208
2015-10-29,44.000,46.520,46.520,42.600,11805040,534056384
2015-10-28,41.800,45.850,42.290,39.580,28779316,1224023936
2015-10-27,39.900,43.770,41.730,39.900,23840464,992137344
2015-10-26,41.350,50.000,44.000,41.350,29745596,1349281792
2015-10-23,45.740,45.740,45.740,44.680,14615788,668062976
2015-10-22,39.920,41.580,41.580,39.390,18517334,757514112
2015-10-21,36.500,37.800,37.800,35.880,21473070,803937664
2015-10-20,33.010,34.360,34.360,31.000,22512680,734160640
2015-10-19,31.240,31.240,31.240,30.860,10553823,329648448
2015-10-16,28.400,28.400,28.400,28.400,192361,5463053
2015-10-15,25.820,25.820,25.820,25.820,994533,25678842
2015-10-14,23.470,23.470,23.470,23.470,840450,19725362
2015-10-13,21.340,21.340,21.340,21.340,3516611,75044480
