#date, start price, highest price, close price, lowest price, deal number, deal amount
2015-03-31,34.250,35.560,35.000,33.750,7103066,247630576
2015-03-30,34.320,36.780,34.440,34.300,9773984,346639552
2015-03-27,35.000,35.000,33.440,32.270,9324368,316153664
2015-03-26,32.250,32.250,32.250,32.250,306787,9893881
2015-03-24,29.400,29.930,29.320,27.980,3829892,111763664
2015-03-23,27.800,29.900,29.400,27.580,4137877,119836872
2015-03-20,27.140,27.950,27.550,27.000,3354184,91807720
2015-03-19,27.550,27.670,27.170,26.990,3721193,101101168
2015-03-18,27.430,27.690,27.500,27.000,3189748,87421200
2015-03-17,26.960,28.180,27.660,26.780,4478811,123386704
2015-03-16,26.370,27.050,27.020,26.330,2892891,77034184
2015-03-13,26.250,27.070,26.300,26.060,2170126,57434456
2015-03-12,26.020,26.480,26.020,25.800,1295152,33818428
2015-03-11,26.200,26.450,26.020,25.850,1122354,29390938
2015-03-10,26.050,26.570,26.240,26.030,1179003,30931194
2015-03-09,26.380,26.810,26.200,25.520,1987165,51524012
2015-03-06,26.980,27.360,26.390,26.180,1885758,50082420
2015-03-05,26.420,27.550,26.920,26.420,2764916,74998312
2015-03-04,26.690,26.710,26.650,26.310,1947494,51574976
2015-03-03,25.000,27.020,26.500,24.890,4812774,127135824
2015-03-02,24.870,25.440,25.230,24.850,2660091,66909376
2015-02-27,25.060,25.060,24.800,24.230,2425864,59512340
2015-02-26,24.780,25.090,24.900,24.700,1049836,26149850
2015-02-25,24.860,25.300,24.720,24.600,1509397,37697404
2015-02-17,25.410,25.550,24.930,24.500,2550376,63149120
2015-02-16,25.710,26.280,25.380,24.920,3108933,79413200
2015-02-13,25.500,25.990,25.740,25.350,1608220,41098880
2015-02-12,25.000,26.120,25.400,24.800,2432933,62368868
2015-02-11,24.620,25.100,24.760,24.390,1230886,30489324
2015-02-10,24.690,24.950,24.610,24.000,1520298,37181384
2015-02-09,23.600,25.330,24.800,23.600,2825893,69737096
2015-02-06,24.500,24.670,23.620,23.500,1857552,44155860
2015-02-05,24.510,24.820,24.450,24.180,1212121,29724680
2015-02-04,24.940,24.970,24.500,24.420,1271788,31348278
2015-02-03,24.900,25.630,24.900,24.500,1937001,48552792
2015-02-02,25.300,25.300,24.900,24.380,2497921,61854904
2015-01-30,24.620,26.310,25.350,24.600,5823573,148713968
2015-01-29,23.290,24.800,24.800,22.930,5018902,121170400
2015-01-28,23.900,23.900,23.220,23.080,3088649,72344304
2015-01-27,24.200,24.580,23.960,23.830,3332354,80767104
2015-01-26,23.050,24.280,24.180,23.040,3006103,71752320
2015-01-23,23.600,23.830,22.930,22.860,2277172,52958352
2015-01-22,23.720,24.180,23.680,23.520,1929650,45787148
2015-01-21,23.680,24.350,23.730,23.550,3377631,80834904
2015-01-20,22.680,23.570,23.550,22.400,3448863,80168080
2015-01-19,21.950,23.120,22.540,21.710,3363392,76425120
2015-01-16,22.100,22.320,22.270,21.760,1530076,33759028
2015-01-15,20.950,22.330,22.220,20.950,3292350,71976904
2015-01-14,21.550,21.560,20.940,20.780,1641483,34501344
2015-01-13,21.280,21.550,21.490,21.000,1055798,22574808
2015-01-12,21.890,21.890,21.280,21.210,1826315,39206348
2015-01-09,22.110,22.580,22.020,22.010,810542,18069266
2015-01-08,22.210,22.690,22.320,22.180,756834,17009436
2015-01-07,23.000,23.000,22.390,22.080,1252064,28159680
2015-01-06,21.800,22.980,22.930,21.470,1930968,43195848
2015-01-05,22.070,22.540,21.800,21.550,2274534,49819604
2015-06-30,12.550,13.820,13.700,11.790,14227026,180703520
2015-06-29,15.100,15.100,13.100,13.100,11925243,161985872
2015-06-26,15.600,15.900,14.560,14.560,11030187,165482416
2015-06-25,17.250,17.280,16.180,15.750,8805670,146934720
2015-06-24,17.000,17.360,17.060,16.580,9473374,160898912
2015-06-23,16.510,16.840,16.800,15.050,10326115,168389856
2015-06-19,17.950,17.950,16.370,16.360,10635507,180129312
2015-06-18,19.280,19.490,18.180,17.820,10532262,198578192
2015-06-17,18.780,19.460,19.340,18.400,10796849,204257696
2015-06-16,19.400,19.550,18.500,18.280,12641975,240073168
2015-06-15,20.600,20.790,19.700,19.650,12713931,254811296
2015-06-12,20.120,20.800,20.590,19.940,16713965,341072352
2015-06-11,20.320,20.460,20.140,19.900,16986318,340984224
2015-06-10,20.080,20.800,20.560,19.610,15164423,308435712
2015-06-09,19.720,20.490,20.050,19.380,11187814,223484128
2015-06-08,20.850,20.880,19.820,19.520,16389085,328076128
2015-06-05,20.800,21.630,20.840,20.200,19303086,405280096
2015-06-04,22.230,22.480,20.630,19.870,26805276,554416192
2015-06-03,21.790,22.670,22.080,20.900,32665498,710966272
2015-06-02,25.260,25.260,21.900,21.650,54584040,1264666880
2015-06-01,22.960,22.960,22.960,22.960,3448545,79178592
2015-05-29,20.000,20.870,20.870,18.970,26971384,552887808
2015-05-21,19.500,19.650,18.970,18.300,24001936,452578048
2015-05-20,44.510,48.620,48.000,43.600,12527685,589727872
2015-05-19,43.300,44.490,44.200,42.220,6978110,302610016
2015-05-18,40.830,43.180,43.120,40.770,7170818,303769536
2015-05-15,41.360,41.940,40.840,39.880,5373289,219429440
2015-05-14,40.470,41.960,41.670,40.010,6197212,254678416
2015-05-13,41.200,43.750,40.920,40.520,8901895,376075712
2015-05-12,41.300,41.680,40.710,39.600,6054705,245331744
2015-05-11,40.400,41.580,41.200,39.500,5864056,238833296
2015-05-08,37.960,40.000,40.000,37.550,5249876,204933808
2015-05-07,38.700,38.700,37.790,37.000,2753082,103916400
2015-05-06,39.800,40.000,39.180,38.560,4513291,177432720
2015-05-05,38.200,39.770,39.500,37.660,5446328,212643888
2015-05-04,37.670,38.880,38.460,36.870,2825558,107763968
2015-04-30,37.660,38.660,37.700,37.230,3116312,117828440
2015-04-29,36.310,37.810,37.630,36.310,2309370,86392120
2015-04-28,38.910,38.910,36.800,36.620,4426332,165020800
2015-04-27,40.500,40.700,39.050,38.800,4221390,167210016
2015-04-24,37.500,40.500,39.880,36.720,5607209,215223040
2015-04-23,38.400,38.690,38.170,37.450,4876178,186202960
2015-04-22,38.500,39.580,38.670,38.250,5353290,207608048
2015-04-21,36.160,38.290,37.990,36.050,4470823,167605152
2015-04-20,37.630,37.800,35.800,35.570,5283978,193484464
2015-04-17,38.500,39.200,38.010,37.200,4621011,175902448
2015-04-16,36.530,39.570,38.310,36.380,4325679,165580704
2015-04-15,39.730,39.800,37.580,37.410,6054100,233663728
2015-04-14,43.150,43.330,40.500,39.910,10263821,426257824
2015-04-13,44.500,45.890,44.300,44.260,9166322,411968064
2015-04-10,39.390,43.890,43.890,39.390,9600932,410440576
2015-04-09,41.450,41.500,39.900,37.710,8157417,320642912
2015-04-08,43.000,43.050,41.900,40.360,8255242,345386144
2015-04-07,42.810,44.000,43.500,41.500,8247911,352824640
2015-04-03,40.000,43.640,42.790,39.530,9586449,401718016
2015-04-02,40.050,41.980,40.650,38.630,11384853,456314560
2015-04-01,34.900,38.500,38.500,34.800,8720235,325034496
2015-08-14,15.380,15.450,15.170,15.100,5662909,86618088
2015-08-13,14.890,15.260,15.240,14.680,5812921,87061600
2015-08-12,15.200,15.630,14.930,14.880,6005120,91611152
2015-08-11,15.570,16.050,15.520,15.350,9438003,147594160
2015-08-10,15.270,16.030,15.590,14.950,12034015,186815216
2015-08-07,14.730,15.170,15.050,14.730,7405597,110789520
2015-08-06,14.000,14.770,14.670,14.000,4825582,69627312
2015-08-05,14.700,14.990,14.450,14.320,7074792,103959440
2015-08-04,13.650,14.770,14.750,13.650,7524066,107438376
2015-08-03,13.800,13.840,13.640,12.950,6970018,93692656
2015-07-31,13.290,13.990,13.900,13.220,6495558,89556184
2015-07-30,14.120,14.480,13.630,13.410,7772021,109881112
2015-07-29,13.480,14.120,14.030,13.020,6236889,84268240
2015-07-28,12.620,14.260,13.210,12.400,12133252,159674224
2015-07-27,14.900,15.340,13.660,13.660,9675705,140694320
2015-07-24,16.090,16.100,15.180,15.000,11526251,180059792
2015-07-23,15.080,16.070,15.890,14.810,14189859,220601040
2015-07-22,15.020,15.450,15.080,14.720,8860502,133550648
2015-07-21,15.240,15.560,15.250,14.900,11213469,170593456
2015-07-20,14.900,15.480,15.440,14.610,13234286,199267296
2015-07-17,13.920,15.200,14.920,13.920,10909492,159841920
2015-07-16,13.390,14.290,13.910,12.390,12499884,170622720
2015-07-15,14.300,14.990,13.390,13.390,17762976,251152448
2015-07-14,14.850,15.980,14.880,14.400,25515776,384545760
2015-07-13,14.640,14.640,14.640,14.010,19299036,278152768
2015-07-10,12.950,13.310,13.310,12.580,10070619,132577848
2015-07-09,10.750,12.100,12.100,10.700,11688952,137896528
2015-07-08,10.360,11.390,11.000,10.360,19755906,212827408
2015-07-07,12.250,12.510,11.510,11.510,7366292,87038560
2015-07-06,13.900,13.900,12.790,11.760,13707053,177697664
2015-07-03,12.300,13.990,12.640,11.750,14205884,179850064
2015-07-02,13.300,13.870,13.060,12.500,16063276,212097040
2015-07-01,13.680,14.150,12.700,12.550,11743072,159321824
2015-08-17,15.110,15.270,15.190,14.800,4921929,73952712
2015-08-18,15.250,15.400,13.670,13.670,7442574,108667392
2015-08-20,13.940,14.080,13.550,13.550,4585738,63110564
2015-08-19,13.280,14.080,14.080,12.930,8365083,112324464
2015-09-14,12.430,12.590,11.180,11.180,5744325,67197960
2015-09-11,12.280,12.580,12.420,12.100,4806834,59276568
2015-09-10,12.200,12.930,12.390,12.090,7810576,98830992
2015-09-09,12.020,12.850,12.390,11.850,11305965,139672992
2015-09-08,11.120,12.000,11.950,11.070,6734381,77312960
2015-09-07,11.900,12.580,11.370,11.370,13247795,159159424
2015-09-02,10.500,11.760,11.760,10.220,14320723,165433776
2015-09-01,11.750,11.750,10.690,10.600,4136375,45993516
2015-08-31,12.020,12.090,11.750,11.700,4637369,55031148
2015-08-28,11.800,12.330,12.250,11.500,7288344,85957720
2015-08-27,10.850,11.470,11.470,10.780,7645360,84832152
2015-08-26,10.640,11.140,10.550,10.200,8752481,93698920
2015-08-25,10.600,11.400,10.330,10.330,8228899,88580232
2015-08-24,12.200,12.350,11.480,11.480,6638526,77611512
2015-08-21,13.160,13.540,12.760,12.710,5552037,72464880
2015-09-30,13.400,13.630,13.420,12.850,5035430,66699644
2015-09-29,13.300,13.500,13.250,13.120,5036197,67124952
2015-09-28,12.900,13.720,13.670,12.710,6913808,91690824
2015-09-25,12.770,13.090,12.800,12.650,5400302,69321368
2015-09-24,12.830,13.300,12.950,12.530,9539924,123564232
2015-09-23,12.600,12.950,12.790,12.490,6023673,76378080
2015-09-22,12.400,13.000,12.760,12.300,8472800,107383728
2015-09-21,11.400,12.450,12.290,11.220,6331663,75982920
2015-09-18,11.530,11.680,11.540,11.310,3521582,40447012
2015-09-17,11.600,12.090,11.540,11.490,6774469,79827200
2015-09-16,10.990,11.990,11.800,10.530,6780318,76979792
2015-09-15,11.170,11.720,10.900,10.500,5733190,63881972
2015-10-12,14.510,15.160,14.430,14.410,13902725,204942192
2015-10-09,14.500,14.830,14.620,14.390,4595504,67326768
2015-10-08,13.980,14.760,14.550,13.810,7633502,110031480
2015-11-20,16.900,17.980,17.000,16.900,14673394,254287216
2015-11-19,16.200,16.880,16.880,16.100,11374277,188848528
2015-11-18,15.860,16.580,16.250,15.800,11760441,191010720
2015-11-17,16.980,16.990,15.920,15.890,14740323,241048864
2015-11-16,15.430,16.850,16.630,15.360,14045638,227091584
2015-11-13,14.880,15.950,15.630,14.700,18508692,284820352
2015-11-12,15.140,15.150,15.050,14.630,10379778,154682176
2015-11-11,14.700,15.040,14.920,14.500,9261478,137065152
2015-11-10,14.670,14.860,14.620,14.430,7449619,109106960
2015-11-09,14.450,14.960,14.670,14.380,11985383,176679488
2015-11-06,14.010,14.670,14.430,14.010,9424375,135325776
2015-11-05,14.150,14.220,14.010,13.870,8239990,115750152
2015-11-04,13.440,14.140,14.120,13.440,10491776,145451648
2015-11-03,13.590,13.680,13.560,13.420,4062389,55059124
2015-11-02,13.550,13.800,13.550,13.500,6911442,94308640
2015-10-30,14.110,14.180,13.860,13.650,4744220,66169476
2015-10-29,14.490,14.490,14.180,13.850,5853031,82773664
2015-10-28,13.800,14.470,14.150,13.770,11575771,164777344
2015-10-27,13.680,13.950,13.920,13.200,6890867,93528120
2015-10-26,14.150,14.230,13.710,13.590,10782290,149978752
2015-10-23,13.710,13.940,13.810,13.480,9302137,127172112
2015-10-22,13.230,13.680,13.650,13.100,7798282,104668120
2015-10-21,14.710,14.720,13.260,13.010,10023657,140301920
2015-10-20,14.100,14.430,14.420,13.910,6984880,99494584
2015-10-19,14.390,14.590,14.140,13.900,8710778,124607080
2015-10-16,14.380,14.610,14.380,14.110,7901396,113463336
2015-10-15,13.990,14.380,14.350,13.910,7285039,103416472
2015-10-14,14.450,14.650,13.980,13.900,7252965,103697352
2015-10-13,14.390,14.710,14.580,14.290,6072795,87964456
