#date, start price, highest price, close price, lowest price, deal number, deal amount
2015-06-30,69.000,74.860,74.860,66.000,3220884,233150240
2015-06-29,76.800,76.800,68.050,67.650,3014176,212297168
2015-06-26,79.220,79.610,75.170,75.170,2502993,190959408
2015-06-25,91.000,91.000,83.520,83.520,3497248,302810368
2015-06-24,93.000,93.480,92.800,91.000,3953872,367235136
2015-06-23,82.400,85.780,84.980,79.000,1904159,157157536
2015-06-19,84.000,85.780,80.990,80.010,1729036,143563392
2015-06-18,90.490,91.480,86.200,85.810,1255386,111179896
2015-06-17,88.580,92.350,91.300,87.020,1512061,136226592
2015-06-16,90.000,90.390,87.600,85.510,1866556,163729072
2015-06-15,96.910,97.470,90.800,88.510,2455982,226342976
2015-06-12,97.010,100.000,97.690,96.230,1893177,185337488
2015-06-11,94.040,98.490,97.880,93.210,2105587,202034352
2015-06-10,90.800,95.500,94.550,90.600,2292072,214588592
2015-06-09,89.090,93.800,90.800,88.300,2410353,220440352
2015-06-08,100.550,100.550,90.640,90.640,4154378,385073376
2015-06-05,104.700,104.830,100.710,99.520,2453823,250835776
2015-06-04,109.950,109.950,101.900,99.700,3499349,358843360
2015-06-03,115.550,117.880,110.780,109.000,2614532,294821088
2015-06-02,107.460,119.650,115.300,106.000,3728543,425540736
2015-06-01,109.000,113.500,108.800,104.510,5205797,566034304
2015-05-29,109.970,109.970,109.970,98.000,8770398,936050880
2015-05-28,99.970,99.970,99.970,99.970,365776,36566628
2015-05-27,90.880,90.880,90.880,90.880,68563,6231006
2015-05-26,82.620,82.620,82.620,82.620,37838,3126176
2015-05-25,75.110,75.110,75.110,75.110,6352,477099
2015-05-22,68.280,68.280,68.280,68.280,5009,342015
2015-05-21,62.070,62.070,62.070,62.070,8002,496684
2015-05-20,56.430,56.430,56.430,56.430,4912,277184
2015-05-19,51.300,51.300,51.300,51.300,54903,2816524
2015-05-18,46.940,46.940,46.940,46.940,7511,352566
2015-05-15,42.670,42.670,42.670,42.670,3614,154209
2015-08-20,66.660,70.980,67.890,66.010,1676021,115029848
2015-08-19,62.000,67.000,66.880,61.300,1607164,102653208
2015-08-18,70.550,71.800,63.440,63.360,1818962,122921032
2015-08-17,68.980,70.730,70.400,68.690,1001915,69931656
2015-08-14,70.660,71.990,69.400,69.120,1210050,85340640
2015-08-13,68.010,70.700,70.300,67.300,1332089,91643104
2015-08-12,72.010,73.500,67.900,67.650,1840482,130367672
2015-08-11,74.300,74.800,72.350,71.800,1875180,137050032
2015-08-10,71.910,75.850,74.920,70.510,2075967,152167312
2015-08-07,65.300,71.500,71.500,65.160,2301206,157036544
2015-08-06,63.590,66.100,65.000,62.520,1563137,101457432
2015-08-05,62.300,66.300,64.380,62.000,3066308,198610176
2015-08-04,56.900,61.880,61.880,56.000,2276929,135286528
2015-08-03,61.800,61.800,56.250,56.210,2265543,131696640
2015-07-31,64.900,65.180,62.450,61.770,1795292,113443824
2015-07-30,69.000,69.300,65.200,65.110,1667100,113012880
2015-07-29,67.440,69.890,69.630,63.000,1980942,130059840
2015-07-28,64.500,70.000,65.700,62.600,2898711,189388768
2015-07-27,75.700,78.180,69.550,69.550,2565819,190914528
2015-07-24,78.360,83.970,77.280,76.020,3196315,254973968
2015-07-23,76.130,78.960,78.500,74.010,2239054,172426544
2015-07-22,74.030,76.800,74.900,72.600,2002939,148892912
2015-07-21,71.690,76.800,74.930,69.860,2753896,203870160
2015-07-20,71.300,74.940,72.310,71.130,2612601,189802528
2015-07-17,66.500,72.560,72.020,66.500,2700737,192049600
2015-07-16,62.010,67.440,65.960,58.020,3087962,197516096
2015-07-15,65.340,65.340,62.110,62.110,3823799,247343072
2015-07-14,59.400,59.400,59.400,59.400,129058,7666045
2015-07-08,52.020,55.280,54.000,52.020,7949743,415645472
2015-07-07,58.010,60.660,57.800,57.800,1168100,67827152
2015-07-06,78.500,78.500,64.220,64.220,3021581,210911888
2015-07-03,69.010,77.500,71.360,66.030,2019713,143655616
2015-07-02,76.510,79.510,72.570,70.330,2266776,170388416
2015-07-01,74.860,81.430,75.400,74.010,3769012,295392160
2015-09-14,54.480,54.480,48.290,48.290,1722228,86552928
2015-09-11,54.500,55.000,53.660,52.800,1579369,84864920
2015-09-10,53.010,54.500,53.700,52.600,1625323,86595480
2015-09-09,51.100,55.080,54.040,51.100,2129186,114042008
2015-09-08,47.280,51.800,51.640,46.800,1584492,78199600
2015-09-07,46.500,48.590,47.100,45.800,1377942,65411168
2015-09-02,44.500,48.600,45.000,43.280,1595799,72818080
2015-09-01,49.990,51.000,46.100,46.000,1449698,69535032
2015-08-31,54.880,54.880,50.650,50.650,1364666,71329256
2015-08-28,51.950,55.280,54.990,51.000,2072782,109290528
2015-08-27,50.500,51.660,51.500,48.620,1670359,84006040
2015-08-26,50.000,52.900,48.660,46.530,2199179,110150472
2015-08-25,50.000,53.590,49.490,49.490,1632551,82308944
2015-08-24,57.670,57.710,54.990,54.990,1200802,66798784
2015-08-21,66.800,66.800,61.100,61.100,3063278,191630800
2015-09-30,24.200,24.500,23.970,23.700,2008828,48284532
2015-09-29,24.680,24.980,24.120,23.800,1973854,48187740
2015-09-28,24.330,25.250,25.160,24.250,2186076,54417924
2015-09-25,25.680,26.070,24.410,23.670,3259005,81150632
2015-09-24,25.470,26.210,25.660,25.400,2515468,64814212
2015-09-23,25.000,26.160,25.400,24.810,2636850,67231712
2015-09-22,26.150,26.870,25.720,25.100,3539213,91793464
2015-09-21,24.000,26.270,26.060,24.000,3448379,87781848
2015-09-18,24.280,24.990,24.590,24.000,2468022,60370056
2015-09-17,25.100,25.830,23.980,23.980,3746052,93941960
2015-09-16,45.780,50.160,50.160,45.780,1564597,75090896
2015-09-15,45.500,47.880,45.600,45.000,1097199,50641996
2015-10-12,28.260,29.800,28.700,27.180,6878092,197140176
2015-10-09,27.000,28.500,27.990,26.600,7300583,202056384
2015-10-08,25.400,26.370,26.370,25.200,4006271,103929952
2015-11-20,34.650,34.970,34.620,34.300,2369058,82093040
2015-11-19,34.250,34.660,34.540,33.450,3009118,102598104
2015-11-18,35.000,35.670,33.800,33.800,2764979,96119744
2015-11-17,36.000,36.540,35.100,35.000,4369077,156541296
2015-11-16,34.000,36.300,35.890,33.680,4279998,151647568
2015-11-13,35.190,35.300,34.200,33.820,4696769,161667232
2015-11-12,36.320,36.520,35.660,35.000,4527878,161229968
2015-11-11,34.000,36.310,36.300,34.000,4658819,165052064
2015-11-10,33.890,34.500,34.040,33.560,3426833,116508320
2015-11-09,33.920,34.960,34.240,33.310,4961463,169476512
2015-11-06,32.190,34.110,34.090,32.150,5680598,188211024
2015-11-05,33.160,33.320,32.180,31.800,4000119,129949768
2015-11-04,31.150,32.950,32.830,31.150,4382179,141698320
2015-11-03,31.200,31.800,31.060,30.810,1736931,54135568
2015-11-02,30.770,33.010,31.460,30.120,4038734,128174680
2015-10-30,32.000,32.750,31.900,31.040,3716867,119034424
2015-10-29,31.610,32.100,31.870,30.510,2798932,88020008
2015-10-28,32.700,32.850,30.950,30.870,4555446,145226720
2015-10-27,32.700,33.060,32.750,29.800,4887771,155194560
2015-10-26,33.870,33.870,32.830,32.300,4057481,133578208
2015-10-23,32.290,33.790,33.080,32.290,5742540,190165680
2015-10-22,29.940,32.380,31.990,29.900,6420578,201340496
2015-10-21,33.030,33.030,29.750,29.750,5971563,187031584
2015-10-20,32.450,33.180,33.050,31.720,5279288,170831344
2015-10-19,31.580,34.440,32.600,31.580,7020556,230784544
2015-10-16,31.510,32.150,31.390,30.450,6525332,204128304
2015-10-15,28.160,31.350,31.350,28.160,7406855,225360032
2015-10-14,28.850,29.290,28.500,28.220,3680752,105270280
2015-10-13,28.400,29.740,29.000,28.150,4791214,139669968
