#date, start price, highest price, close price, lowest price, deal number, deal amount
2015-03-31,45.900,47.780,47.390,44.910,10730913,500544800
2015-03-30,47.060,47.680,45.900,44.850,12592007,580642752
2015-03-27,51.000,51.000,48.860,46.320,19518824,927422976
2015-03-26,52.000,54.880,51.470,49.000,6264833,321220608
2015-03-25,48.560,53.000,52.500,48.560,6153791,316492128
2015-03-24,50.430,51.870,48.520,47.300,7436855,364577920
2015-03-23,46.990,50.800,50.400,46.990,6802398,333583712
2015-03-20,45.750,47.000,46.310,44.780,4169312,190225456
2015-03-19,44.990,45.880,45.700,44.090,3202092,143823968
2015-03-18,45.000,45.880,45.200,43.660,4867282,216421296
2015-03-17,45.910,47.470,44.510,44.330,4941825,226362896
2015-03-16,43.790,46.300,45.910,43.060,4567366,204548576
2015-03-13,41.430,44.180,43.930,40.500,3626149,153394112
2015-03-12,43.330,45.250,41.650,40.500,4133386,175415488
2015-03-11,42.000,45.300,43.300,40.750,6158825,265261536
2015-03-10,39.800,43.810,42.110,39.580,6638614,275925824
2015-03-09,36.200,39.830,39.830,36.040,8447506,328807648
2015-03-06,37.300,37.490,36.210,35.000,4794705,172634304
2015-03-05,37.590,38.180,37.300,36.440,4423430,162929344
2015-03-04,37.540,38.480,37.600,36.680,2799230,104426696
2015-03-03,39.150,39.900,37.700,37.000,3259162,124306264
2015-03-02,37.310,39.260,39.200,37.310,3489662,135626144
2015-02-27,36.050,37.780,37.270,36.050,2808794,103905008
2015-02-26,37.290,37.970,36.440,35.600,3430365,124680144
2015-02-25,37.890,38.950,37.290,37.290,2202650,83908128
2015-02-17,38.360,40.200,38.300,37.430,2526621,97445736
2015-02-16,37.950,38.600,38.300,37.430,3169717,121068664
2015-02-13,38.380,38.450,37.940,37.010,3371008,126571712
2015-02-12,36.200,38.380,37.850,35.900,4132211,154962064
2015-02-11,33.320,36.810,36.340,33.240,3496275,122992632
2015-02-10,32.290,33.600,33.480,32.290,1612195,53456216
2015-02-09,33.200,33.320,32.900,31.010,3121895,101347424
2015-02-06,33.390,33.650,32.990,32.400,2438238,80410800
2015-02-05,33.150,33.970,33.500,32.650,3128425,104594136
2015-02-04,34.590,34.800,33.480,32.500,4077593,136537872
2015-02-03,34.000,35.070,34.500,33.350,1961179,67574992
2015-02-02,33.600,34.050,34.000,33.010,2763049,93089688
2015-01-30,34.100,34.800,33.920,32.850,4805221,161691664
2015-01-29,35.000,35.890,34.100,33.980,3734192,129290152
2015-01-28,35.100,36.150,35.620,34.170,8027031,284311840
2015-01-27,33.570,35.180,34.900,33.570,6880239,238201168
2015-01-26,32.810,34.250,33.500,32.810,5150186,172858656
2015-01-23,31.880,34.300,32.580,31.610,6294606,207915344
2015-01-22,31.200,31.750,31.530,30.700,3855351,119958552
2015-01-21,31.020,32.490,31.330,31.020,4441073,140990512
2015-01-20,29.680,31.500,31.340,29.220,5378178,165248304
2015-01-19,28.700,30.500,29.690,28.020,6342514,187887536
2015-01-16,29.440,29.800,29.010,28.320,4060561,117575984
2015-01-15,29.890,29.920,29.700,29.300,2978743,88206112
2015-01-14,29.680,30.080,29.580,29.180,3536259,104693504
2015-01-13,28.880,30.150,29.780,28.600,7769409,231018864
2015-01-12,28.310,29.080,28.600,27.990,6496028,186502224
2015-01-09,26.990,29.290,27.720,26.850,7645687,216577696
2015-01-08,25.300,27.890,27.180,25.140,8075340,217564128
2015-01-07,26.090,26.090,25.530,24.890,3454566,87508144
2015-01-06,24.800,26.010,25.900,24.340,4833270,121249928
2015-01-05,25.720,26.090,25.100,24.500,3584315,89698632
2015-06-30,22.100,24.220,24.220,21.000,44928920,1030964736
2015-06-29,21.220,22.020,22.020,18.910,44136400,930150464
2015-06-26,21.700,22.700,20.020,19.860,25743134,546657728
2015-06-25,22.910,23.700,21.980,21.160,18428664,418930176
2015-06-24,22.000,23.500,22.820,21.710,28073876,640169152
2015-06-23,20.600,21.800,21.700,18.810,30032204,614095168
2015-06-19,21.600,21.850,20.640,20.640,23298616,491034176
2015-06-18,24.510,24.520,22.930,22.930,27632300,654501184
2015-06-17,23.980,25.530,25.480,23.800,16646140,410064640
2015-06-16,25.000,25.000,23.780,23.100,18778716,451234336
2015-06-15,27.520,27.550,25.280,25.190,27857244,725955008
2015-06-12,27.410,27.850,27.520,26.800,17834236,486733472
2015-06-11,27.500,27.940,27.410,26.850,17869786,488398688
2015-06-10,26.990,28.360,27.830,26.600,19797940,545354240
2015-06-09,27.470,28.740,27.060,25.980,24184580,659473280
2015-06-08,29.700,29.800,27.880,27.600,27571352,783220736
2015-06-05,31.810,33.300,30.600,30.000,45471492,1448559488
2015-06-04,28.200,30.910,30.910,26.810,38185136,1107336704
2015-06-03,28.780,29.890,28.100,27.300,23267644,668630208
2015-06-02,27.500,29.000,28.590,27.360,25942212,734353920
2015-06-01,25.930,28.000,27.820,25.930,20221664,550866496
2015-05-29,24.840,26.500,25.910,24.550,21296216,549322688
2015-05-28,27.150,27.300,24.850,24.840,24867208,655877312
2015-05-27,28.500,28.600,27.480,27.280,24180050,670113856
2015-05-26,27.000,29.220,28.820,26.900,27492140,771153600
2015-05-25,27.180,27.580,27.050,26.300,24862080,670985920
2015-05-22,29.630,30.350,28.300,27.180,36137340,1018708224
2015-05-21,28.090,29.960,29.490,27.310,21868508,630833792
2015-05-20,26.900,30.000,28.100,26.750,25443024,720320832
2015-05-19,26.990,28.310,27.330,26.000,22439288,608773248
2015-05-18,25.870,27.700,26.990,25.560,22277742,599699648
2015-05-15,25.200,26.330,25.870,24.010,23590064,602124800
2015-05-14,26.490,27.100,25.510,25.500,25105200,658741888
2015-05-13,26.160,27.380,27.100,24.960,31369376,832647488
2015-05-12,26.620,27.820,27.380,25.120,46474108,1227738112
2015-05-11,23.840,26.080,25.530,23.840,27338030,693736256
2015-05-08,22.400,23.870,23.710,21.710,34763916,795170624
2015-05-07,19.880,21.700,21.700,19.850,29354980,619789760
2015-05-06,19.850,20.610,19.730,19.300,19766928,393848224
2015-05-05,19.980,20.280,19.320,19.080,11806101,230574592
2015-05-04,19.110,20.500,19.950,19.110,23985006,478965600
2015-04-30,19.100,19.530,18.820,18.630,12333770,234152816
2015-04-29,17.820,19.490,19.100,17.630,15959665,300130464
2015-04-28,19.190,19.530,17.850,17.800,16089414,296578016
2015-04-27,50.480,51.300,48.700,48.300,7106204,352543264
2015-04-24,48.850,49.380,49.000,46.510,6870109,331662144
2015-04-23,49.500,50.550,49.790,48.730,5195742,258292160
2015-04-22,48.890,50.490,49.110,48.400,6198121,306301088
2015-04-21,45.540,48.110,47.960,44.500,10403921,476985536
2015-04-20,48.500,49.480,44.720,44.300,8900163,414828128
2015-04-17,48.480,50.300,49.140,48.480,5912865,292776512
2015-04-16,47.000,50.620,48.480,45.060,6126077,297867488
2015-04-15,51.220,51.220,47.700,47.700,8644005,425090304
2015-04-14,54.880,55.350,52.380,52.010,6419481,345108896
2015-04-13,53.520,55.500,54.440,51.750,11147104,602920000
2015-04-10,49.650,52.490,52.110,49.590,8613698,442598240
2015-04-09,50.830,51.000,50.680,46.100,9899153,479440000
2015-04-08,52.910,53.670,51.160,50.480,8499678,440791936
2015-04-07,53.200,55.510,52.920,51.370,10618365,560651712
2015-04-03,49.650,53.000,52.870,48.740,9108733,467432448
2015-04-02,50.000,51.590,50.000,49.220,8878031,444402752
2015-04-01,47.400,50.670,50.500,46.510,10974283,539944384
2015-08-20,24.500,24.870,23.800,23.000,7395219,179773824
2015-08-19,23.000,25.000,24.650,22.860,16863840,403134464
2015-08-18,26.550,26.800,24.150,23.540,20947088,520673440
2015-08-17,26.190,26.600,26.150,25.480,12981553,338940160
2015-08-14,26.000,26.750,25.820,25.560,17279168,454342784
2015-08-13,25.260,25.980,25.530,24.400,14612819,369853312
2015-08-12,25.510,26.180,24.950,24.800,14552645,368727264
2015-08-11,26.520,27.690,26.090,25.980,17842428,476101088
2015-08-10,25.360,27.280,26.790,25.360,22053882,586055360
2015-08-07,26.000,26.380,25.870,25.000,27012236,691732608
2015-08-06,23.400,26.240,25.800,23.000,30252378,771702144
2015-08-05,23.000,25.000,23.850,23.000,19875936,478328480
2015-08-04,21.100,23.070,22.870,20.900,12914870,286397120
2015-08-03,22.020,22.250,21.200,20.400,14385840,305992288
2015-07-31,22.050,22.910,22.350,21.260,12354019,275038400
2015-07-30,23.300,24.650,22.350,22.180,21081040,502648032
2015-07-29,21.700,23.270,23.270,20.070,27165860,587786752
2015-07-28,21.990,23.230,21.150,21.150,27596534,596128640
2015-07-27,25.600,26.140,23.500,23.500,22990238,568756352
2015-07-24,27.580,28.100,26.110,25.500,25045940,681815232
2015-07-23,26.350,27.500,27.200,26.020,21431762,578217152
2015-07-22,27.310,28.380,26.330,25.500,36787112,985469120
2015-07-21,24.380,26.330,26.330,23.940,26387550,679632256
2015-07-20,23.940,23.940,23.940,22.700,22716552,542902848
2015-07-03,22.010,26.500,21.760,21.760,30240136,691351040
2015-07-02,25.200,25.950,24.180,22.990,35191872,865969152
2015-07-01,24.200,26.570,24.910,23.880,42413088,1084098432
2015-09-14,22.210,22.790,20.300,20.300,7908291,167012032
2015-09-11,22.200,22.830,22.560,21.600,9603044,214434640
2015-09-10,21.380,22.680,21.700,21.100,9786956,217020144
2015-09-09,20.500,22.200,22.000,20.500,11946075,258221008
2015-09-08,19.010,20.580,20.410,18.680,10483989,204993456
2015-09-07,18.990,19.800,19.000,18.500,7577501,145905808
2015-09-02,17.510,20.200,18.280,17.510,12920856,242314448
2015-09-01,21.170,21.170,19.160,19.160,9642003,189702832
2015-08-31,22.290,22.370,21.290,21.100,11185317,243906608
2015-08-28,21.000,22.300,22.250,21.000,14767137,320407136
2015-08-27,19.010,20.570,20.570,19.010,15407951,306892352
2015-08-26,18.300,19.470,18.700,17.500,24307928,458176896
2015-08-25,17.700,19.750,17.700,17.700,22046566,403007328
2015-08-24,19.800,21.130,19.670,19.670,11205199,223063712
2015-08-21,23.120,23.960,21.860,21.520,14430992,326021664
2015-09-30,25.350,25.790,24.980,24.360,7555712,188161360
2015-09-29,24.160,25.980,25.110,23.910,13535793,340135968
2015-09-28,22.340,24.520,24.520,21.960,12460214,295022944
2015-09-25,23.580,23.750,22.290,21.820,9074852,205078912
2015-09-24,24.490,24.990,23.590,23.410,8181958,196482144
2015-09-23,23.460,24.650,24.100,23.080,14388345,344842688
2015-09-22,24.000,24.800,23.690,23.360,11040454,266490992
2015-09-21,21.940,23.880,23.700,21.800,11052805,258444352
2015-09-18,21.700,22.420,22.190,21.330,7540032,165373328
2015-09-17,21.210,22.630,21.500,20.950,10351783,226856672
2015-09-16,19.350,21.010,21.010,19.200,6006646,120840024
2015-09-15,19.360,20.300,19.100,18.600,7426152,143610784
2015-10-12,27.730,28.030,27.030,26.150,20761528,567548480
2015-10-09,26.210,26.790,26.230,25.020,9321570,242059712
2015-10-08,25.750,27.000,26.200,25.200,9487977,249914800
2015-11-20,27.500,29.270,28.740,27.460,19693550,560533312
2015-11-19,26.390,27.500,27.450,26.200,15966256,428502816
2015-11-18,27.850,27.970,26.300,26.140,19893756,532309152
2015-11-17,28.870,28.980,27.720,27.600,17124600,487367008
2015-11-16,28.000,28.700,28.600,27.720,11727139,331572640
2015-11-13,29.000,29.750,28.670,28.000,15465252,446325248
2015-11-12,29.400,29.950,29.630,28.430,19217016,558182272
2015-11-11,30.000,30.300,29.610,29.190,12575084,372696480
2015-11-10,28.650,30.690,30.170,28.300,22195202,651805056
2015-11-09,28.950,29.280,28.960,28.010,16762981,480933952
2015-11-06,28.720,29.470,29.130,28.720,16015951,465114880
2015-11-05,29.800,30.200,29.000,28.450,22804492,665818816
2015-11-04,28.000,30.380,30.060,27.660,22933468,665999104
2015-11-03,28.500,29.600,28.210,27.180,15814337,453020800
2015-11-02,27.910,29.390,28.110,27.510,18182778,520971968
2015-10-30,26.450,29.600,28.500,26.000,29699350,836866688
2015-10-29,27.190,27.830,26.920,26.410,13923101,378581120
2015-10-28,25.990,27.000,26.620,25.510,13992609,370584896
2015-10-27,27.090,27.090,26.420,25.080,14756936,384387584
2015-10-26,27.010,27.490,27.150,26.000,16461754,441831392
2015-10-23,26.000,26.680,26.460,25.550,17714516,465352416
2015-10-22,24.650,25.480,25.250,24.500,11919345,298381024
2015-10-21,25.950,26.570,24.600,23.770,22032282,560468096
2015-10-20,26.270,26.280,25.850,25.110,18810246,481309056
2015-10-19,27.010,27.090,26.250,25.700,16793816,441012288
2015-10-16,27.080,27.790,27.170,26.250,14735371,398484320
2015-10-15,26.250,27.270,27.010,25.760,13023013,346798272
2015-10-14,26.600,26.780,25.950,25.650,12990066,339414848
2015-10-13,26.980,27.260,27.000,26.150,14926857,396779936
