#date, start price, highest price, close price, lowest price, deal number, deal amount
2015-03-31,15.400,15.860,15.590,15.240,10835051,169474352
2015-03-30,15.390,15.550,15.370,15.160,7824997,120005680
2015-03-27,15.290,15.530,15.390,15.150,6661581,102195816
2015-03-26,15.860,15.950,15.300,15.040,12125336,188000192
2015-03-25,15.280,16.490,16.080,15.280,15660241,245792768
2015-03-24,15.490,15.660,15.350,14.820,14471857,220642416
2015-03-23,15.690,15.860,15.510,15.200,13643989,210835008
2015-03-20,15.300,15.530,15.430,15.140,10985597,168261856
2015-03-19,14.880,15.350,15.310,14.610,11558624,172729600
2015-03-18,14.600,14.940,14.880,14.480,11942963,175991200
2015-03-17,14.480,14.950,14.470,14.310,15432509,225739936
2015-03-16,13.700,14.370,14.360,13.700,12841044,180902640
2015-03-13,13.690,13.780,13.660,13.430,6648373,90344168
2015-03-12,14.250,14.280,13.680,13.450,6348242,87366960
2015-03-11,13.990,14.190,14.100,13.700,4908126,68744512
2015-03-10,13.700,14.250,13.900,13.660,5033550,70617696
2015-03-09,13.600,13.960,13.800,13.390,4625417,63488168
2015-03-06,14.350,14.350,13.670,13.650,6170030,85433488
2015-03-05,14.120,14.440,14.210,14.050,4264535,60597324
2015-03-04,14.150,14.270,14.180,13.810,6471693,90901216
2015-03-03,14.560,14.690,14.170,14.130,15021109,217202256
2015-03-02,13.580,14.410,14.340,13.580,20181420,283542528
2015-02-27,13.250,13.370,13.280,13.000,4102425,54163368
2015-02-26,13.360,13.440,13.270,13.090,3488304,46185172
2015-02-25,12.960,13.370,13.320,12.820,6558254,86652016
2015-02-17,12.950,12.960,12.930,12.600,3750270,47940008
2015-02-16,12.410,12.950,12.860,12.410,5421613,69022016
2015-02-13,12.270,12.500,12.370,12.200,3482022,43139544
2015-02-12,11.900,12.240,12.210,11.850,3119050,37758604
2015-02-11,11.700,11.980,11.890,11.650,4217322,49809992
2015-02-10,11.760,11.810,11.660,11.580,4831160,56193188
2015-02-09,12.280,12.280,11.800,11.500,4915992,58028300
2015-02-06,12.680,12.820,12.150,12.100,4021244,49401696
2015-02-05,12.930,12.970,12.680,12.670,3367371,43151272
2015-02-04,12.810,13.080,12.840,12.800,2961030,38346928
2015-02-03,12.780,13.000,12.770,12.630,4291589,54900876
2015-02-02,13.180,13.180,12.780,12.780,3936329,50973296
2015-01-30,13.290,13.500,13.340,13.210,3614429,48439732
2015-01-29,13.250,13.460,13.290,13.170,2679486,35783200
2015-01-28,13.350,13.380,13.270,13.200,3156035,41943388
2015-01-27,13.450,13.500,13.350,13.160,4059483,54041964
2015-01-26,13.340,13.520,13.490,13.150,5641696,75419680
2015-01-23,13.510,13.670,13.330,13.150,6773604,90686304
2015-01-22,13.230,14.060,13.720,13.230,15654043,213214192
2015-01-21,13.230,13.230,13.230,13.230,713042,9433546
2015-01-12,12.250,12.250,12.030,11.910,2291390,27591040
2015-01-09,12.110,12.500,12.280,12.020,5028252,61648492
2015-01-08,12.080,12.440,12.150,11.920,5421062,66193268
2015-01-07,12.470,12.480,12.090,11.880,6323237,76416792
2015-01-06,12.210,12.480,12.470,11.510,6392496,77064440
2015-01-05,12.520,12.520,12.250,11.740,3891743,47130320
2015-06-30,15.320,17.180,17.040,14.580,9523468,149865536
2015-06-29,18.600,18.600,16.200,16.200,10259446,170826336
2015-06-26,19.210,19.700,18.000,18.000,7208146,135446096
2015-06-25,21.300,21.700,20.000,19.680,6568910,137087552
2015-06-24,21.150,21.900,21.500,20.950,7071405,151329856
2015-06-23,19.800,21.380,21.150,19.680,6487623,134191800
2015-06-19,22.400,22.500,20.620,20.500,5005657,107295976
2015-06-18,23.700,24.300,22.750,22.200,3757359,88944008
2015-06-17,24.200,24.490,24.020,22.000,6990862,162425424
2015-06-16,25.540,25.730,24.130,24.100,6040364,149308192
2015-06-15,25.810,27.390,26.320,24.560,11448645,297162176
2015-06-12,26.500,27.070,26.070,25.610,7390667,193079728
2015-06-11,24.850,26.370,26.290,24.800,7497578,193027552
2015-06-10,24.620,25.800,25.020,24.020,9170369,227031440
2015-06-09,24.950,25.090,24.380,23.650,5972121,146070864
2015-06-08,26.040,26.340,24.950,23.600,7795076,192193232
2015-06-05,26.260,27.700,26.030,25.210,7875739,207254416
2015-06-04,27.960,27.960,26.000,25.160,9076662,237374848
2015-06-03,28.300,29.000,27.960,26.660,9262334,259430528
2015-06-02,26.260,28.780,28.300,26.260,9093077,249610304
2015-06-01,25.980,26.680,26.400,25.500,9243296,241718960
2015-05-29,24.900,26.800,25.700,23.620,10005062,255851360
2015-05-28,25.010,27.290,24.850,24.800,13437973,348293408
2015-05-27,23.000,25.380,25.380,22.970,12157736,295920832
2015-05-26,22.100,23.150,23.070,22.100,10217906,233303472
2015-05-25,22.320,23.090,22.400,22.290,8986509,202833456
2015-05-22,22.650,22.650,21.890,21.650,10754495,237582832
2015-05-21,21.600,22.670,22.100,21.390,8626739,190798512
2015-05-20,21.200,22.400,21.580,20.800,12186687,264949280
2015-05-19,20.010,21.160,20.930,19.620,10008590,202382640
2015-05-18,19.500,20.290,20.070,19.380,11347447,225779376
2015-05-15,19.010,20.100,19.540,18.160,10884756,206404048
2015-05-14,19.580,19.690,19.230,18.770,7323348,140579888
2015-05-13,19.500,20.260,19.540,19.090,9614350,189941376
2015-05-12,19.800,20.430,20.110,19.380,12234205,242196800
2015-05-11,19.710,20.150,19.920,19.190,11867718,234201024
2015-05-08,18.400,20.000,19.660,18.300,13523290,259530960
2015-05-07,19.020,19.390,18.500,18.000,7203239,135075536
2015-05-06,18.630,19.880,18.990,18.500,12339254,238625104
2015-05-05,18.430,18.820,18.680,17.730,9360660,170191120
2015-05-04,17.350,19.070,18.640,17.200,15712866,287148064
2015-04-30,17.460,18.300,17.340,17.310,9995726,178074992
2015-04-29,17.140,17.700,17.450,16.950,9278617,161719408
2015-04-28,17.900,18.290,17.130,16.900,7519779,130196432
2015-04-27,17.860,18.630,17.900,17.580,13259498,240028576
2015-04-24,16.810,18.100,17.850,16.680,12704995,221475056
2015-04-23,17.120,17.380,17.030,16.910,7993076,136439024
2015-04-22,16.300,17.160,16.950,16.250,13365973,223440752
2015-04-21,15.650,16.300,16.300,15.520,7256475,116175600
2015-04-20,16.510,16.690,15.680,15.600,12760177,205204272
2015-04-17,17.070,17.270,16.690,16.510,9289587,155819568
2015-04-16,17.030,17.400,17.060,16.600,7907964,134408240
2015-04-15,17.950,17.970,17.050,16.800,7840634,136714928
2015-04-14,17.300,18.650,17.850,17.010,13225723,236308272
2015-04-13,17.220,17.580,17.300,17.000,9504973,164462864
2015-04-10,16.900,17.600,17.190,16.690,7367479,126860192
2015-04-09,17.880,17.880,17.120,16.580,10416333,178367216
2015-04-08,17.510,17.850,17.600,17.000,14283324,249601264
2015-04-07,16.990,17.990,17.610,16.710,17147800,297617600
2015-04-03,16.250,17.100,16.950,16.020,17400676,286108224
2015-04-02,16.000,16.660,16.450,15.810,16297774,264138048
2015-04-01,15.600,15.810,15.800,15.350,8591837,134898976
2015-08-20,15.470,15.790,14.870,14.850,6240923,95246352
2015-08-19,14.990,15.830,15.600,14.510,7087731,108353576
2015-08-18,16.900,16.970,15.210,15.210,7845480,125380544
2015-08-17,16.450,17.060,16.900,16.040,8013038,131568912
2015-08-14,16.790,16.900,16.460,16.400,6487183,107874248
2015-08-13,15.780,16.790,16.780,15.110,9426869,152263936
2015-08-12,16.150,16.290,15.900,15.750,8275055,132151688
2015-08-11,16.300,16.680,16.250,15.980,7040244,115008480
2015-08-10,15.700,16.780,16.350,15.700,7840601,127913176
2015-08-07,14.990,15.780,15.780,14.630,8836329,134915696
2015-08-06,13.950,14.860,14.800,13.950,6918356,100689168
2015-08-05,14.020,14.720,14.300,14.000,7674761,110280056
2015-08-04,13.350,14.360,14.360,12.900,7456570,101375248
2015-08-03,13.600,13.930,13.150,12.910,7771495,105004528
2015-07-31,13.800,14.300,13.620,13.260,3705691,51383404
2015-07-30,14.440,15.130,14.080,14.000,6431243,95010704
2015-07-29,13.900,14.720,14.660,13.020,6969553,95804896
2015-07-28,13.310,14.880,13.590,12.840,10192065,138853536
2015-07-27,15.400,16.150,14.270,14.270,9886749,150782368
2015-07-24,16.400,16.840,15.850,15.610,15781658,258336080
2015-07-23,15.470,16.380,16.290,15.360,10774840,171442432
2015-07-22,15.380,15.800,15.470,15.000,8427379,130094928
2015-07-21,15.010,15.680,15.290,14.680,7152943,109131136
2015-07-20,15.010,15.950,15.250,14.810,10903036,167407136
2015-07-17,14.160,15.300,15.140,13.930,11570393,171166736
2015-07-16,13.500,14.550,13.930,12.330,12222984,166740704
2015-07-15,14.400,14.720,13.500,13.500,13982990,193458320
2015-07-14,16.300,16.800,15.000,14.750,25358250,400061568
2015-07-13,15.110,15.510,15.510,14.200,20547120,307280256
2015-07-10,13.480,14.100,14.100,13.100,6888892,96357560
2015-07-09,11.020,12.820,12.820,10.990,12312787,150648400
2015-07-08,9.700,11.860,11.650,9.700,27822384,289129440
2015-07-07,11.450,11.450,10.780,10.780,8009300,86639424
2015-07-06,14.630,14.630,11.980,11.970,9450650,122408448
2015-07-03,14.010,15.100,13.300,13.200,7303288,100143664
2015-07-02,16.550,16.600,14.670,14.670,6498228,99702784
2015-07-01,16.800,17.980,16.300,16.180,9302624,160699184
2015-09-14,11.700,11.790,10.490,10.490,6640276,72792256
2015-09-11,11.560,11.740,11.650,11.450,5472431,63525980
2015-09-10,11.420,11.820,11.560,11.410,4050665,47086408
2015-09-09,11.600,12.170,11.710,11.410,10085068,118505376
2015-09-08,10.500,11.330,11.310,10.250,5458986,58711676
2015-09-07,10.700,11.200,10.650,10.400,6789586,73344096
2015-09-02,10.100,11.480,10.480,10.100,9224078,97735192
2015-09-01,12.010,12.240,11.220,11.220,5764974,65786360
2015-08-31,11.880,12.550,12.470,11.610,10700222,129849672
2015-08-28,11.100,11.840,11.840,10.820,8306948,93676864
2015-08-27,10.640,10.830,10.760,9.830,6731509,69755344
2015-08-26,11.300,11.750,10.100,10.060,8298599,91575000
2015-08-25,11.180,13.650,11.180,11.180,8617192,98813928
2015-08-24,13.020,13.390,12.420,12.420,11272707,143437936
2015-08-21,14.520,15.190,13.800,13.700,7085725,103735400
2015-09-30,11.300,11.460,11.190,10.920,5109060,57070076
2015-09-29,11.200,11.540,11.190,10.900,4835519,54311544
2015-09-28,11.060,11.500,11.410,10.820,4313476,48503980
2015-09-25,11.370,11.720,10.950,10.690,6880870,77534288
2015-09-24,11.300,11.800,11.450,11.070,11325959,129653592
2015-09-23,10.930,11.060,10.980,10.690,6147451,66747644
2015-09-22,11.110,11.330,11.070,10.800,6038278,66960368
2015-09-21,10.290,11.050,11.030,10.200,6178024,66208604
2015-09-18,10.330,10.580,10.470,10.160,4422438,45852508
2015-09-17,10.490,11.060,10.300,10.000,7785224,82395608
2015-09-16,9.830,10.730,10.640,9.690,7785265,79166296
2015-09-15,10.090,11.090,9.750,9.610,5457757,55858340
2015-10-12,12.560,13.850,13.340,12.560,7715946,103128680
2015-10-09,12.050,12.960,12.650,12.000,6953385,86877616
2015-10-08,11.650,12.310,12.100,11.550,8168429,97573928
2015-11-20,16.300,17.300,16.930,16.150,13944964,233105888
2015-11-19,15.790,16.450,16.300,15.790,10043156,162363184
2015-11-18,16.420,16.740,15.820,15.700,13112835,211252368
2015-11-17,16.830,17.250,16.450,16.060,30074544,502557088
2015-11-16,14.700,16.500,16.500,14.510,31109596,504186336
2015-11-13,15.980,16.450,15.000,15.000,16859482,264468528
2015-11-12,15.530,16.540,16.250,15.190,17265984,274026688
2015-11-11,14.950,15.650,15.590,14.860,10331307,157968432
2015-11-10,14.850,15.500,15.160,14.750,9807653,148963536
2015-11-09,14.790,15.030,14.900,14.460,9587608,141762400
2015-11-06,14.340,15.020,14.830,14.340,9035311,133247768
2015-11-05,14.500,15.280,14.480,14.300,12861840,190044464
2015-11-04,13.850,14.470,14.400,13.850,9363501,133257128
2015-11-03,13.950,14.080,13.720,13.600,4811545,66485644
2015-11-02,13.510,14.250,14.000,13.500,6259397,86842800
2015-10-30,14.200,14.400,14.050,13.710,7477199,105469392
2015-10-29,14.200,14.690,14.360,13.920,9061802,129028912
2015-10-28,14.500,14.700,14.170,13.930,10789354,154498912
2015-10-27,14.240,14.800,14.650,13.890,14484966,208427968
2015-10-26,14.520,14.950,14.430,14.060,21415656,308261664
2015-10-23,13.260,13.890,13.890,13.000,11693307,156573664
2015-10-22,12.530,13.170,13.150,12.400,8303334,106875472
2015-10-21,13.850,14.150,12.630,12.410,12284119,165609168
2015-10-20,13.290,13.840,13.750,13.130,9568492,130319392
2015-10-19,13.360,13.750,13.250,12.970,9899680,132483560
2015-10-16,13.400,13.490,13.220,12.980,9872321,130110480
2015-10-15,12.760,13.480,13.280,12.680,6988404,91500832
2015-10-14,13.300,13.560,12.940,12.810,5815569,76911008
2015-10-13,13.300,13.460,13.420,13.080,4846390,64413784
