#date, start price, highest price, close price, lowest price, deal number, deal amount
2015-03-31,25.850,26.500,25.860,25.050,1972258,50528712
2015-03-30,26.500,27.450,25.860,25.550,3035734,79245952
2015-03-27,25.700,27.980,26.730,25.400,3121951,81943752
2015-03-26,24.060,26.790,25.880,24.060,5444356,137860736
2015-03-25,24.110,24.450,24.350,23.500,3997738,95976832
2015-03-24,24.480,24.920,24.460,23.710,2648686,64633692
2015-03-23,24.580,24.930,24.490,23.960,2685319,65307868
2015-03-20,24.700,24.800,24.550,24.340,1575118,38564500
2015-03-19,24.050,24.920,24.570,24.050,2995447,73687304
2015-03-18,23.510,24.750,24.350,23.420,2918285,70306432
2015-03-17,24.000,24.270,23.650,23.530,3667526,87589224
2015-03-16,23.700,24.390,24.300,23.230,4749694,112975392
2015-03-13,24.260,24.770,24.350,24.020,1353432,32875448
2015-03-12,23.700,24.270,24.160,23.220,2368725,56403928
2015-03-11,23.000,23.850,23.840,22.800,2050990,47773432
2015-03-10,22.300,23.190,23.020,22.300,1627862,37364084
2015-03-09,22.480,22.480,22.270,21.800,1060887,23510366
2015-03-06,22.470,22.700,22.480,21.930,1436130,31950638
2015-03-05,22.300,22.650,22.470,21.980,1272435,28258538
2015-03-04,20.910,22.360,22.360,20.910,1849223,40563732
2015-03-03,21.160,21.520,21.250,21.050,1318260,28078802
2015-03-02,20.710,21.470,21.230,20.680,2031601,42994048
2015-02-27,20.030,20.800,20.680,19.900,1465347,30001426
2015-02-26,20.150,20.240,20.030,19.780,892518,17806028
2015-02-25,20.190,20.250,20.150,20.020,550800,11090034
2015-02-17,20.400,20.470,20.150,20.110,598766,12100470
2015-02-16,20.080,20.550,20.400,20.000,1264489,25635418
2015-02-13,19.350,20.390,20.160,19.350,1487908,29683952
2015-02-12,19.030,19.330,19.200,18.960,828782,15860253
2015-02-11,18.850,19.090,19.040,18.670,702077,13225948
2015-02-10,18.590,18.830,18.800,18.380,563968,10457728
2015-02-09,18.800,18.950,18.460,18.380,661796,12367571
2015-02-06,19.610,19.790,18.800,18.660,1114270,21220680
2015-02-05,19.800,20.050,19.730,19.580,808063,16053915
2015-02-04,20.090,20.160,19.700,19.500,735406,14600445
2015-02-03,19.720,20.160,20.090,19.720,1011326,20183730
2015-02-02,19.520,20.260,19.770,19.450,682828,13533300
2015-01-30,20.010,20.330,19.690,19.690,754233,15107152
2015-01-29,20.350,20.380,20.070,19.930,974337,19561194
2015-01-28,20.060,20.630,20.390,20.000,1543113,31302676
2015-01-27,19.810,20.270,20.130,19.730,1364859,27317590
2015-01-26,19.910,20.150,19.920,19.550,1478733,29314392
2015-01-23,19.950,20.840,20.160,19.800,1482535,29998916
2015-01-22,20.030,20.380,20.010,19.710,945198,18877436
2015-01-21,19.600,20.150,20.030,19.450,2353836,46885428
2015-01-20,18.800,19.550,19.500,18.590,1985852,38121416
2015-01-19,18.380,19.100,18.670,18.200,1998481,37395044
2015-01-16,18.260,18.620,18.490,18.260,1454901,26824870
2015-01-15,18.180,18.470,18.250,18.110,971833,17783016
2015-01-14,18.520,18.550,18.200,18.110,1283917,23560136
2015-01-13,18.660,18.770,18.500,18.320,1549275,28671664
2015-01-12,18.810,18.980,18.480,18.390,750275,13948697
2015-01-09,19.250,19.580,19.100,19.100,503125,9726209
2015-01-08,19.310,19.600,19.400,19.130,798025,15478790
2015-01-07,19.050,19.680,19.590,18.760,2134674,40801264
2015-01-06,18.790,19.600,19.480,18.000,2983181,55582176
2015-01-05,19.430,19.430,18.930,18.350,1183394,22130134
2015-06-30,22.650,25.150,25.000,20.710,5996760,134915824
2015-06-29,25.730,26.660,23.010,23.010,4854410,116778176
2015-06-26,28.380,28.380,25.570,25.570,4540191,120318056
2015-06-25,30.200,30.470,28.410,28.300,3831968,114097376
2015-06-24,30.300,30.920,30.120,28.520,4948870,148389296
2015-06-23,30.060,30.940,30.170,27.310,3738080,109794184
2015-06-19,30.720,34.200,29.920,29.870,3554258,112868056
2015-06-18,35.200,36.300,33.190,32.030,3430131,120848752
2015-06-17,34.700,35.780,35.590,33.300,2733343,95071528
2015-06-16,36.010,36.020,34.630,34.000,3497928,122735728
2015-06-15,39.510,39.700,36.860,36.860,4792296,181332096
2015-06-12,38.000,39.930,39.210,38.000,6625293,258653664
2015-06-11,37.330,38.290,38.170,36.880,5060599,190579152
2015-06-10,35.980,37.830,37.330,35.310,6010381,222820704
2015-06-09,35.580,36.880,35.980,35.010,4558242,164256944
2015-06-08,38.320,38.520,35.990,35.000,6501468,236518176
2015-06-05,38.930,39.480,38.490,37.250,5912446,227717696
2015-06-04,40.790,40.800,38.280,36.800,5778748,221199088
2015-06-03,41.830,43.510,40.700,39.000,5770940,239480880
2015-06-02,39.690,42.000,41.830,39.300,6719717,273135552
2015-06-01,38.400,41.420,40.690,38.400,11789422,472638944
2015-05-29,35.230,38.490,38.390,32.210,7257221,260570080
2015-05-28,39.300,40.700,35.770,35.500,7475433,291449888
2015-05-27,38.590,39.810,39.260,37.410,7202553,277759328
2015-05-26,36.500,38.470,38.400,36.500,6188857,232928560
2015-05-25,35.000,37.300,36.500,34.700,5111304,183304560
2015-05-22,37.800,37.800,35.920,35.000,5335465,193750960
2015-05-21,35.980,37.380,37.100,35.700,4481386,164717648
2015-05-20,34.750,36.460,35.950,34.500,5029066,179453472
2015-05-19,34.850,35.480,34.630,33.960,4311860,148317072
2015-05-18,34.990,36.000,35.000,34.500,4227931,148326352
2015-05-15,35.300,36.490,35.120,33.380,3901943,135267712
2015-05-14,32.850,35.500,35.400,32.310,6430427,217123072
2015-05-13,33.410,33.590,33.200,32.230,3438799,112958680
2015-05-12,34.250,34.670,33.760,33.030,4002059,134975376
2015-05-11,33.600,34.600,34.050,33.100,4764911,160830144
2015-05-08,32.510,33.990,33.510,32.260,3734851,122247168
2015-05-07,32.350,33.000,32.430,30.890,4271808,136479552
2015-05-06,34.290,34.830,32.100,31.500,5023386,168131456
2015-05-05,36.320,37.900,34.350,34.350,6351726,223160768
2015-05-04,39.400,39.500,38.170,38.010,2504144,97192160
2015-04-30,38.020,39.550,39.400,38.000,3306864,128473352
2015-04-29,37.100,40.000,38.500,37.000,4749618,184029200
2015-04-28,37.600,39.520,37.700,36.720,4274186,160864432
2015-04-27,37.570,39.000,37.980,35.800,6800182,254073824
2015-04-24,33.160,36.500,36.500,31.870,9333369,324762080
2015-04-23,33.710,35.190,33.180,32.130,6560041,219616528
2015-04-22,32.780,35.000,33.690,32.780,7256154,247375440
2015-04-21,31.120,32.910,32.780,30.610,6661611,213613680
2015-04-20,30.800,32.230,31.530,29.380,11819770,365117856
2015-04-17,31.280,31.280,30.600,30.100,3755158,114500624
2015-04-16,29.550,31.730,30.810,28.500,7660812,233531616
2015-04-15,33.760,33.790,30.510,30.510,6595141,207163680
2015-04-14,35.150,36.060,33.900,33.000,7266928,251157184
2015-04-13,35.600,37.970,36.280,34.110,6426531,232824368
2015-04-10,33.400,36.320,35.340,33.250,6893968,243363376
2015-04-09,33.260,33.660,33.020,31.000,4779809,155528704
2015-04-08,32.320,34.690,33.700,30.030,9167229,304557184
2015-04-07,31.200,33.200,31.550,30.840,7876425,250528352
2015-04-03,27.700,30.240,30.240,27.700,6299149,184746848
2015-04-02,26.850,27.510,27.490,26.300,3536144,95427232
2015-04-01,25.550,26.590,26.390,25.450,2124063,55578216
2015-08-20,23.380,24.150,22.720,22.720,2510717,58736368
2015-08-19,22.700,24.190,23.780,21.630,4211540,96390880
2015-08-18,25.520,25.900,23.990,23.990,6047020,151481536
2015-08-17,25.130,27.170,26.650,24.820,4381577,112598072
2015-08-14,24.960,25.650,25.110,24.700,3783489,95374112
2015-08-13,23.910,24.750,24.730,23.560,3432648,82864616
2015-08-12,23.680,24.880,24.030,23.550,3936004,95520288
2015-08-11,24.140,24.480,23.890,23.720,3706438,89521184
2015-08-10,23.590,24.560,24.250,23.100,3522743,84167056
2015-08-07,22.160,23.440,23.090,22.160,2939948,67238280
2015-08-06,21.350,22.180,21.990,20.800,2890532,62616036
2015-08-05,21.940,22.350,21.820,21.450,3180127,69804008
2015-08-04,20.000,21.690,21.630,20.000,2616595,54615736
2015-08-03,21.050,21.600,19.870,19.400,2694237,54815452
2015-07-31,21.500,22.400,21.500,21.050,2007496,43531092
2015-07-30,22.820,23.680,22.150,22.120,2898610,67009868
2015-07-29,22.150,23.100,23.050,20.800,3642728,79820872
2015-07-28,20.660,22.800,21.760,19.910,6024030,127819872
2015-07-27,24.250,25.270,22.120,22.120,5049890,121072928
2015-07-24,25.500,26.260,24.580,24.320,5089445,130112464
2015-07-23,24.600,25.600,25.510,24.240,4950469,124353688
2015-07-22,23.800,24.990,24.470,23.520,4803152,116910408
2015-07-21,23.300,24.090,24.040,22.210,4226404,100284232
2015-07-20,23.300,24.350,23.530,22.880,4990015,117851208
2015-07-17,22.200,24.050,23.600,22.130,4341515,100461304
2015-07-16,21.350,22.500,22.130,19.500,4795453,103553080
2015-07-15,22.890,23.180,21.350,21.350,4471986,98784816
2015-07-14,23.350,25.730,23.720,22.870,10194452,247267536
2015-07-13,22.990,23.830,23.830,21.990,7009697,162938400
2015-07-10,20.700,21.660,21.660,20.010,3940775,84436160
2015-07-09,17.020,19.690,19.690,16.800,4952909,92977344
2015-07-08,15.800,18.250,17.900,15.800,9360366,155467840
2015-07-07,19.000,19.330,17.550,17.550,1960364,35346840
2015-07-06,22.830,22.830,19.500,18.680,5463393,113692056
2015-07-03,20.700,23.000,20.750,19.500,5677913,119658752
2015-07-02,22.900,23.650,21.060,20.680,3888038,86023288
2015-07-01,24.420,25.750,22.780,22.500,5253734,130130512
2015-09-14,18.060,18.200,16.250,16.250,2706574,45678256
2015-09-11,17.950,18.210,18.050,17.700,1939652,34868264
2015-09-10,17.850,18.430,17.940,17.680,2437902,43841932
2015-09-09,17.580,18.510,18.270,17.530,4631989,83461824
2015-09-08,16.400,17.650,17.640,16.210,3935770,65634320
2015-09-07,16.210,16.980,16.400,16.020,2564204,42422168
2015-09-02,15.800,17.300,15.830,15.310,2763736,45299516
2015-09-01,18.080,18.100,16.520,16.520,2695007,45799388
2015-08-31,19.150,19.420,18.350,18.350,2321689,43548288
2015-08-28,18.800,19.700,19.500,18.320,2465631,46694364
2015-08-27,17.820,18.400,18.300,17.390,2039369,36727552
2015-08-26,18.110,19.190,17.410,17.230,2675656,48848448
2015-08-25,17.930,18.980,17.900,17.900,1967549,35736356
2015-08-24,21.000,21.000,19.890,19.890,2964803,59522504
2015-08-21,22.130,23.690,22.100,21.500,4420670,99585576
2015-09-30,18.120,18.240,18.040,17.850,1584783,28623720
2015-09-29,18.170,18.400,17.980,17.680,1732746,31301828
2015-09-28,17.650,18.560,18.540,17.550,1952192,35584044
2015-09-25,18.410,18.600,17.650,16.890,2556009,45653584
2015-09-24,18.000,19.090,18.600,18.000,3416900,63774084
2015-09-23,17.900,18.320,17.960,17.700,2588963,46752548
2015-09-22,18.380,18.590,18.080,17.770,3254363,59119956
2015-09-21,17.310,18.460,18.300,17.120,2757520,49531664
2015-09-18,17.090,17.600,17.530,16.750,2106257,36177052
2015-09-17,16.950,17.700,17.160,16.710,3034835,52131064
2015-09-16,15.440,16.950,16.950,15.440,2800384,45772616
2015-09-15,15.730,16.300,15.410,15.250,1700322,26775862
2015-10-12,19.720,20.670,20.310,19.710,3512342,71174096
2015-10-09,18.910,19.840,19.600,18.830,2886926,55702800
2015-10-08,18.920,19.230,18.900,18.580,2698238,51045696
2015-11-20,26.680,27.500,27.440,26.550,5144740,139265520
2015-11-19,25.400,26.540,26.540,25.220,3390061,87914496
2015-11-18,25.800,26.170,25.180,25.020,3389805,87181120
2015-11-17,26.900,27.650,25.770,25.530,5443356,145318976
2015-11-16,24.900,26.570,26.570,24.880,3115291,80578672
2015-11-13,26.750,26.830,25.710,25.300,4342359,113740696
2015-11-12,27.000,27.470,27.200,26.200,5071312,135212672
2015-11-11,25.560,26.990,26.790,25.460,3683863,96700736
2015-11-10,25.430,26.090,25.550,25.290,3599742,92487016
2015-11-09,25.380,25.850,25.690,24.890,3449536,87775992
2015-11-06,24.750,25.560,25.400,24.750,3565075,90330136
2015-11-05,24.940,25.180,24.800,24.330,3963292,98244376
2015-11-04,23.740,24.960,24.940,23.660,4132661,101172304
2015-11-03,23.350,23.880,23.560,22.850,3008010,70433408
2015-11-02,23.070,23.980,23.380,22.680,3758899,88171848
2015-10-30,23.080,23.750,23.480,22.770,3205360,74837584
2015-10-29,22.970,23.230,23.030,22.530,2771410,63548912
2015-10-28,23.080,23.570,22.490,22.450,3599273,83006424
2015-10-27,23.130,23.520,23.170,22.300,4890475,112442464
2015-10-26,23.750,23.750,23.300,22.850,4161577,96485752
2015-10-23,22.480,23.790,23.520,22.070,6176810,141449744
2015-10-22,21.000,22.250,22.230,21.000,4421233,95818816
2015-10-21,22.270,22.490,20.980,20.520,5617378,121652560
2015-10-20,22.130,22.440,22.300,21.910,4033349,89617872
2015-10-19,22.360,22.550,22.000,21.560,3464477,76084048
2015-10-16,22.040,22.790,22.480,21.700,3615594,80566136
2015-10-15,21.050,21.990,21.910,21.030,2733410,59341208
2015-10-14,20.870,22.280,21.420,20.630,4811080,102809496
2015-10-13,20.600,21.400,20.800,20.400,3603409,74835784
