#date, start price, highest price, close price, lowest price, deal number, deal amount
2015-06-30,135.000,150.000,149.390,130.090,1136706,159899168
2015-06-29,160.000,160.860,140.090,140.080,1127764,166567296
2015-06-26,169.800,169.800,155.590,155.590,1208115,192450768
2015-06-25,176.000,179.000,172.880,171.150,923692,161336768
2015-06-24,175.910,177.780,176.760,170.000,982322,171640592
2015-06-23,166.000,174.280,173.600,164.000,1074114,183000688
2015-06-19,168.310,175.000,163.020,160.150,1084225,182269104
2015-06-18,188.880,188.880,172.390,170.000,1174721,210510704
2015-06-17,181.010,189.520,188.000,181.010,921210,171624592
2015-06-16,179.470,189.800,185.160,175.010,1361019,249914336
2015-06-15,198.880,199.010,182.720,182.700,1983351,377489216
2015-06-12,218.000,219.990,203.000,202.850,1793917,375205280
2015-06-11,213.000,223.000,218.000,212.250,1532072,333044832
2015-06-10,201.000,221.760,217.200,199.910,2175654,464416672
2015-06-09,200.000,209.000,203.920,198.490,1207787,246044960
2015-06-08,211.000,211.950,202.150,198.000,2030526,414394336
2015-06-05,213.970,216.990,215.080,206.010,2195088,467372640
2015-06-04,226.800,226.800,205.760,205.720,2432660,514358560
2015-06-03,239.600,243.000,228.580,225.000,2282355,533812768
2015-06-02,233.000,245.000,239.120,232.000,2766161,656212032
2015-06-01,258.000,259.800,241.170,241.170,4059426,992391040
2015-05-29,250.000,299.990,267.970,247.490,5706240,1514296448
2015-05-28,335.040,335.040,274.990,274.120,1347350,405191200
2015-05-27,304.580,304.580,304.580,304.000,754410,229774480
2015-05-26,275.980,276.890,276.890,269.000,1377570,380448864
2015-05-25,251.720,251.720,251.720,231.000,3659805,915843968
2015-05-22,228.840,228.840,228.840,228.840,204398,46774440
2015-05-21,208.040,208.040,208.040,208.040,1510989,314346144
2015-05-20,189.130,189.130,189.130,189.130,37561,7103912
2015-05-19,171.940,171.940,171.940,171.940,59163,10172486
2015-05-18,156.310,156.310,156.310,156.310,31817,4973316
2015-05-15,142.100,142.100,142.100,142.100,128216,18219494
2015-05-14,129.180,129.180,129.180,129.180,31030,4008456
2015-05-13,117.440,117.440,117.440,117.440,57350,6735184
2015-05-12,106.760,106.760,106.760,106.760,29850,3186786
2015-05-11,97.050,97.050,97.050,97.050,28250,2741663
2015-05-08,88.230,88.230,88.230,88.230,48000,4235040
2015-05-07,80.210,80.210,80.210,80.210,125350,10054324
2015-05-06,72.920,72.920,72.920,72.920,71950,5246594
2015-05-05,66.290,66.290,66.290,66.290,41550,2754350
2015-05-04,60.260,60.260,60.260,60.260,16000,964160
2015-04-30,54.780,54.780,54.780,54.780,6900,377982
2015-04-29,49.800,49.800,49.800,49.800,12300,612540
2015-04-28,45.270,45.270,45.270,45.270,12400,561348
2015-04-27,41.150,41.150,41.150,41.150,1900,78185
2015-04-24,37.410,37.410,37.410,37.410,4800,179568
2015-04-23,34.010,34.010,34.010,34.010,2100,71421
2015-04-22,25.760,30.920,30.920,25.760,9901,301753
2015-08-20,154.500,156.030,148.000,147.080,758554,115364248
2015-08-19,150.180,158.990,158.100,142.020,1182255,177523200
2015-08-18,173.000,173.910,156.560,156.560,1590015,259562784
2015-08-17,181.000,182.760,173.960,170.000,1166021,204644640
2015-08-14,170.100,185.000,180.800,170.100,1779413,317215872
2015-08-13,165.000,172.500,169.980,163.550,969385,163255232
2015-08-12,162.000,173.610,167.000,161.330,1278091,215806656
2015-08-11,170.000,173.880,166.500,163.310,1692051,284428704
2015-08-10,151.920,164.990,164.990,150.110,1602909,257573440
2015-08-07,141.010,152.000,149.990,139.000,1480974,215781984
2015-08-06,133.670,141.000,139.010,132.500,864684,118776216
2015-08-05,138.550,142.080,137.010,134.400,1106543,153411456
2015-08-04,131.420,139.990,139.990,127.000,1354387,182049872
2015-08-03,141.800,141.800,129.590,129.580,1522577,202599536
2015-07-31,145.000,158.000,143.980,141.410,1287524,190963632
2015-07-30,158.000,162.760,150.110,150.000,1484286,233744624
2015-07-29,160.000,163.700,162.610,142.000,1948193,301076224
2015-07-28,156.120,167.790,156.500,147.800,2146293,337624320
2015-07-27,162.000,182.660,162.000,160.000,2360136,403086432
2015-07-24,177.770,188.000,168.400,167.500,2876555,511433344
2015-07-23,160.450,174.920,174.920,160.100,2080552,351994112
2015-07-22,156.100,159.450,159.020,150.180,1515733,237463232
2015-07-21,144.000,154.510,153.000,143.100,1295089,196687664
2015-07-20,143.140,154.940,147.970,141.110,1534337,227665920
2015-07-17,132.950,145.000,143.140,132.010,1398442,194574320
2015-07-16,120.180,138.880,132.240,120.180,1357022,177800256
2015-07-15,134.830,134.830,132.000,131.000,2054137,275567616
2015-07-14,122.570,122.570,122.570,122.570,59501,7293038
2015-07-08,111.430,113.990,111.430,111.430,1381232,154166560
2015-07-07,129.880,129.880,123.810,123.810,808545,100606776
2015-07-06,164.440,164.440,137.570,134.540,1516338,224299648
2015-07-03,149.000,164.700,149.490,139.010,1628898,243086272
2015-07-02,143.000,151.800,151.800,141.000,995203,148902128
2015-07-01,145.000,154.400,138.000,136.090,1210310,179134000
2015-09-14,133.200,134.700,119.330,119.330,698226,87282584
2015-09-11,129.000,133.330,132.590,129.000,547430,71985816
2015-09-10,132.000,136.550,131.500,129.880,844275,112673072
2015-09-09,125.000,131.850,129.880,124.500,833690,107737856
2015-09-08,116.100,125.700,125.570,114.000,793496,95647776
2015-09-07,117.000,121.000,116.400,115.000,649916,76638272
2015-09-02,105.700,122.500,110.100,105.700,710644,80487480
2015-09-01,124.500,124.500,114.800,114.730,610355,72330992
2015-08-31,132.000,132.990,127.010,127.000,630439,81908896
2015-08-28,130.950,137.000,135.010,126.000,1021650,132784792
2015-08-27,128.000,131.860,128.010,120.600,934362,119026568
2015-08-26,115.000,125.630,125.610,113.000,1459345,175504752
2015-08-25,114.510,127.710,114.210,114.210,947585,112097680
2015-08-24,134.980,134.980,126.900,126.900,772575,99352976
2015-08-21,145.000,147.940,141.000,140.800,663980,95583672
2015-09-30,61.870,62.180,61.000,60.280,594968,36466256
2015-09-29,62.120,63.000,61.110,60.500,995944,61399896
2015-09-28,60.920,63.980,63.500,60.220,1229096,77176416
2015-09-25,66.000,66.700,60.340,59.700,1695113,105769304
2015-09-24,67.000,69.500,66.280,65.770,1323682,89121184
2015-09-23,65.600,68.050,66.500,64.950,1669707,110675136
2015-09-22,65.700,71.400,67.720,65.010,2625030,180559488
2015-09-21,58.800,65.950,65.780,58.010,1969566,123544968
2015-09-18,60.990,62.200,60.040,58.030,960426,57188980
2015-09-17,61.660,63.980,60.000,59.800,1432354,89535320
2015-09-16,57.000,62.650,62.650,57.000,1336343,79349576
2015-09-15,113.110,122.550,113.890,113.110,572445,66856292
2015-10-12,65.500,71.280,71.280,65.330,2130860,147083632
2015-10-09,64.030,65.370,64.800,63.830,1027372,66234308
2015-10-08,64.060,65.000,64.280,63.050,1192532,76636736
2015-11-20,96.010,97.990,95.760,94.680,1359185,130681896
2015-11-19,89.450,97.000,96.250,89.400,1747864,162208336
2015-11-18,93.800,94.270,89.450,89.310,1553850,142335264
2015-11-17,98.000,101.580,92.500,91.550,2168745,209330928
2015-11-16,94.900,98.200,96.990,93.010,1594307,152304640
2015-11-13,107.000,107.030,98.270,98.270,3301673,334020672
2015-11-12,110.000,114.630,109.190,107.020,3124699,345042240
2015-11-11,101.000,109.800,109.170,98.000,2882072,298510784
2015-11-10,91.020,100.490,100.000,90.360,3089727,302033056
2015-11-09,85.880,93.200,92.160,84.000,2629428,235020800
2015-11-06,83.000,87.120,86.260,83.000,1692570,144324640
2015-11-05,85.570,85.570,82.780,82.600,1609656,135044576
2015-11-04,83.000,84.680,84.400,82.080,2092727,175140784
2015-11-03,82.000,83.430,81.000,80.060,1421165,116119928
2015-11-02,79.000,87.180,82.400,78.560,2246651,186707920
2015-10-30,80.160,83.390,81.500,79.100,1910389,155982048
2015-10-29,76.030,82.870,81.800,74.510,2676098,209586816
2015-10-28,76.580,78.990,76.210,76.000,2278674,176411728
2015-10-27,76.110,78.700,78.400,71.500,2640279,199344368
2015-10-26,79.730,79.960,77.490,76.010,2485634,192147888
2015-10-23,77.700,80.260,79.100,76.680,3730325,292087200
2015-10-22,69.150,75.360,75.360,69.150,3293732,240723632
2015-10-21,73.900,75.890,68.510,67.800,2634217,190554624
2015-10-20,70.990,74.800,74.100,70.160,2091201,152031936
2015-10-19,72.330,72.700,70.700,69.220,1860715,132354808
2015-10-16,75.200,75.200,72.900,71.310,2373917,173175840
2015-10-15,70.000,74.500,73.860,70.000,2008716,146683104
2015-10-14,72.000,72.960,70.200,70.100,1785640,127346056
2015-10-13,70.980,72.670,72.000,70.080,1830283,131430616
