#date, start price, highest price, close price, lowest price, deal number, deal amount
2015-03-31,78.520,81.800,79.880,77.550,6055354,483238496
2015-03-30,78.990,79.750,76.750,75.510,6703295,516471328
2015-03-27,78.000,81.200,79.710,78.000,4880330,390348640
2015-03-26,83.050,83.360,78.830,78.600,10022506,811346112
2015-03-25,79.110,88.290,85.770,78.550,12822374,1089325824
2015-03-24,81.250,81.250,80.260,75.610,12031657,949717568
2015-03-23,80.580,82.960,81.250,79.880,7817976,632169728
2015-03-20,80.200,84.660,80.700,78.810,8710893,711515072
2015-03-19,76.500,80.660,79.870,76.270,8829493,694527680
2015-03-18,73.660,80.680,78.610,73.200,12229678,954706304
2015-03-17,76.500,76.500,73.420,72.410,11021991,815773568
2015-03-16,75.110,76.990,75.210,72.910,16241579,1217581568
2015-03-13,65.500,71.480,71.480,65.020,12075682,843840000
2015-03-12,66.700,68.940,64.980,64.200,6330651,418334784
2015-03-11,65.570,69.860,67.220,64.570,9263968,626320192
2015-03-10,63.430,67.500,66.080,63.180,8658937,572132352
2015-03-09,62.270,63.790,63.300,61.500,3882252,244125136
2015-03-06,66.200,66.330,62.990,62.950,7710118,493926336
2015-03-05,66.000,66.950,66.610,65.300,6095593,402952416
2015-03-04,65.030,66.400,65.980,65.000,4722745,311111712
2015-03-03,67.450,67.450,65.040,65.000,9181889,608173568
2015-03-02,68.000,69.860,68.620,67.130,7585957,519937088
2015-02-27,65.500,68.700,68.040,64.250,8365934,559593024
2015-02-26,64.200,66.660,65.450,64.080,6099793,398514464
2015-02-25,69.200,69.260,63.880,63.420,10952578,724026624
2015-02-17,73.660,73.660,70.170,70.030,9472826,675224640
2015-02-16,68.010,73.870,72.200,66.230,13471954,942269824
2015-02-13,67.630,69.480,67.450,66.820,13331472,904752960
2015-02-12,63.200,68.990,66.220,62.060,16013152,1050099968
2015-02-11,61.890,64.940,63.300,61.510,16026486,1010640640
2015-02-10,62.270,64.000,62.740,60.800,24462608,1514010496
2015-02-09,67.560,68.860,67.560,67.560,5691329,384702976
2015-02-06,84.020,85.000,75.070,75.070,15934309,1261636864
2015-02-05,83.410,83.410,83.410,83.410,918239,76590312
2015-02-04,75.830,75.830,75.830,75.830,581995,44132680
2015-02-03,68.940,68.940,68.940,68.940,1109749,76506096
2015-02-02,62.670,62.670,62.670,62.670,756580,47414868
2015-01-30,56.970,56.970,56.970,56.970,214560,12223483
2015-01-29,51.790,51.790,51.790,51.790,180094,9327068
2015-01-28,47.080,47.080,47.080,47.080,139550,6570014
2015-01-27,42.800,42.800,42.800,42.800,108390,4639092
2015-01-26,38.910,38.910,38.910,38.910,26500,1031115
2015-01-23,35.370,35.370,35.370,35.370,21550,762224
2015-01-22,32.150,32.150,32.150,32.150,18700,601205
2015-01-21,24.360,29.230,29.230,24.360,71100,2071681
2015-05-04,160.000,160.000,155.910,148.000,8043115,1245131392
2015-04-30,146.000,151.680,151.680,146.000,3950075,593970880
2015-04-29,123.980,137.890,137.890,123.980,3803961,507985312
2015-04-28,122.000,128.000,125.350,118.500,5144254,631628032
2015-04-27,130.550,134.980,125.280,124.000,5175488,662178752
2015-04-24,135.000,136.010,130.100,124.240,6404561,839017536
2015-04-23,136.010,139.490,137.880,133.800,6457709,879268416
2015-04-22,136.000,144.780,140.100,133.530,7107464,987945152
2015-04-21,121.250,131.620,131.620,119.500,5100104,646360832
2015-04-20,125.180,130.990,119.650,116.650,6602480,821027776
2015-04-17,130.520,135.200,125.980,123.600,8092552,1039059840
2015-04-16,130.990,148.680,132.010,129.000,6954006,959250880
2015-04-15,133.110,143.880,139.000,128.850,8506069,1177352704
2015-04-14,141.980,149.500,131.500,127.510,10694086,1482355584
2015-04-13,129.000,136.130,136.130,129.000,4817881,640707456
2015-04-10,111.000,123.750,123.750,110.530,8132600,973910400
2015-04-09,103.700,116.800,112.500,101.000,9965245,1080947968
2015-04-08,102.000,107.070,107.070,99.000,16358379,1712020096
2015-04-07,93.100,97.340,97.340,93.100,8239456,794199552
2015-04-03,84.650,90.000,88.490,84.000,7577592,668830080
2015-04-02,80.900,86.500,84.650,80.900,8121649,686287232
2015-04-01,79.510,81.380,80.110,78.880,4197507,335570624
2015-08-20,102.660,117.100,109.980,100.000,15649788,1744610560
2015-08-19,100.790,108.000,106.450,95.780,13529485,1372602880
2015-08-18,116.110,123.920,106.250,106.250,12052391,1404230400
2015-08-17,126.000,127.000,118.050,116.020,12475447,1509189248
2015-08-14,134.850,140.000,128.500,128.000,11266153,1503308544
2015-08-13,128.330,132.970,132.410,126.110,12954430,1678859392
2015-08-12,146.850,149.200,134.000,133.880,19287248,2715220480
2015-08-11,128.310,140.690,140.690,128.310,16854284,2335742976
2015-08-10,124.980,131.300,127.900,117.580,21185920,2637302272
2015-08-07,126.080,139.900,129.470,126.080,31685564,4055337472
2015-08-06,140.090,140.090,140.090,140.090,423400,59314104
2015-09-14,82.910,84.270,74.070,74.070,7855107,616063168
2015-09-11,80.010,83.000,82.300,79.610,6320646,515293184
2015-09-10,79.860,81.700,79.500,78.880,6477341,519631520
2015-09-09,77.010,83.980,82.000,76.030,11123494,896765696
2015-09-08,69.720,77.600,76.570,69.010,8969549,655134848
2015-09-07,69.910,73.590,70.660,68.900,8546458,611267328
2015-09-02,66.990,76.980,66.900,65.810,8628783,602689856
2015-09-01,76.980,77.000,72.820,72.820,7602281,561292736
2015-08-31,87.000,88.240,80.910,80.910,8644631,727858496
2015-08-28,84.000,91.000,89.900,81.980,13037693,1122740992
2015-08-27,85.000,88.290,85.550,78.000,12993701,1091721344
2015-08-26,84.880,93.550,80.260,80.260,13052772,1116583424
2015-08-25,89.190,92.990,89.180,89.180,7265991,652937984
2015-08-24,101.710,104.950,99.090,99.090,8303912,829843840
2015-08-21,109.000,116.100,110.100,105.010,13204515,1476886912
2015-09-30,103.400,104.660,99.900,97.010,7019657,703842368
2015-09-29,100.000,105.850,104.050,98.580,9439182,958232576
2015-09-28,93.850,101.950,101.950,91.800,9307546,908955264
2015-09-25,101.800,103.980,92.680,92.660,10098153,977211392
2015-09-24,98.550,107.580,102.960,98.150,10911323,1121782784
2015-09-23,94.110,101.970,98.000,93.550,9534215,920406208
2015-09-22,91.700,98.960,97.500,91.000,10884713,1025081600
2015-09-21,83.500,93.660,92.290,83.010,9326688,832028352
2015-09-18,83.010,86.390,85.600,80.150,7847846,657651328
2015-09-17,81.000,88.000,81.500,79.800,10013068,835785152
2015-09-16,73.860,81.950,81.950,73.800,8525260,662305600
2015-09-15,70.700,77.900,74.500,68.860,9103067,665881408
2015-10-12,106.660,115.920,114.500,105.490,8904364,1002392064
2015-10-09,103.100,106.660,105.380,102.780,5851763,614405952
2015-10-08,103.500,107.500,104.500,101.600,6931300,725693120
2015-11-20,51.880,52.910,52.910,50.880,58808304,3067180288
2015-11-19,44.880,48.100,48.100,44.100,72347000,3398051840
2015-11-18,39.760,43.730,43.730,39.760,70360040,2986408704
2015-11-17,41.000,42.090,39.750,39.000,40836080,1652257536
2015-11-16,35.610,39.900,39.380,35.610,37200772,1441840384
2015-11-13,39.710,40.750,37.520,37.490,57901004,2247182080
2015-11-12,41.990,45.300,41.500,39.770,85763680,3607913472
2015-11-11,37.430,41.340,41.340,36.180,87946784,3497987328
2015-11-10,150.000,159.660,147.490,145.630,15375101,2341860864
2015-11-09,135.190,150.650,150.650,128.880,13720201,1949171840
2015-11-06,134.530,137.800,136.950,131.510,10475877,1416946816
2015-11-05,148.000,149.850,134.100,134.100,18322464,2539765248
2015-11-04,144.360,150.370,149.000,142.980,6925695,1017474240
2015-11-03,140.000,147.770,143.970,137.310,7023391,1000604160
2015-11-02,137.000,149.880,139.530,136.000,8609549,1228731648
2015-10-30,133.950,145.580,141.650,130.980,7315772,1013385088
2015-10-29,132.000,136.380,135.920,129.020,8252023,1096900992
2015-10-28,122.900,136.200,128.930,122.380,9224541,1217907456
2015-10-27,118.000,125.300,124.000,114.180,7218936,858216896
2015-10-26,123.800,124.880,122.500,119.990,5616309,688097728
2015-10-23,122.800,126.500,125.000,118.020,7270599,886660608
2015-10-22,116.210,121.760,121.000,115.000,7865336,934935744
2015-10-21,126.030,127.520,115.200,115.200,9226265,1119263872
2015-10-20,116.610,128.900,128.000,116.030,8769384,1092693120
2015-10-19,122.000,122.000,117.230,114.510,8214010,965696576
2015-10-16,121.180,124.700,122.000,118.500,7347667,891004480
2015-10-15,116.000,123.000,121.000,115.000,6597974,785732544
2015-10-14,113.010,118.770,117.760,111.510,7168822,828278016
2015-10-13,112.550,114.680,114.680,111.000,7145588,808002560
