#date, start price, highest price, close price, lowest price, deal number, deal amount
2015-03-31,19.660,19.850,19.640,19.520,3252582,63990656
2015-03-30,19.950,20.080,19.680,19.500,3921865,77304776
2015-03-27,19.900,20.370,20.030,19.590,5789296,115215144
2015-03-26,19.500,19.950,19.950,19.200,7351528,144846336
2015-03-25,19.050,19.970,19.550,18.780,6271610,122278848
2015-03-24,19.370,19.380,19.020,18.550,5043930,95777104
2015-03-23,19.210,19.470,19.380,19.210,4237782,81966376
2015-03-20,19.300,19.550,19.200,19.000,4081927,78638488
2015-03-19,19.050,19.400,19.180,18.770,5946732,113472904
2015-03-18,18.500,19.100,19.040,18.350,5754060,108192512
2015-03-17,18.570,18.630,18.530,18.310,4471398,82614680
2015-03-16,17.710,18.640,18.560,17.710,5651212,103765728
2015-03-13,17.290,17.650,17.590,17.280,1303041,22822496
2015-03-12,17.470,17.540,17.250,17.220,1680515,29186022
2015-03-11,17.760,17.790,17.440,17.400,1603957,28200702
2015-03-10,17.520,17.890,17.680,17.520,1243577,22041782
2015-03-09,17.480,17.630,17.560,17.210,1354776,23648002
2015-03-06,17.960,18.040,17.720,17.670,1517678,27037808
2015-03-05,18.180,18.180,17.960,17.800,1950330,35039840
2015-03-04,17.680,18.160,18.130,17.620,2404011,43276444
2015-03-03,18.030,18.120,17.700,17.660,2436498,43632816
2015-03-02,17.800,18.220,18.140,17.610,2370501,42536556
2015-02-27,17.560,17.780,17.750,17.430,1719500,30373316
2015-02-26,17.560,17.570,17.570,17.310,1067912,18634592
2015-02-25,17.540,17.680,17.460,17.410,967161,16934618
2015-02-17,17.680,17.790,17.500,17.350,1104640,19326064
2015-02-16,17.480,17.640,17.620,17.300,1470995,25730398
2015-02-13,17.250,17.600,17.420,17.170,1306136,22785314
2015-02-12,16.950,17.280,17.140,16.940,1188809,20425330
2015-02-11,16.860,17.040,16.970,16.750,1089424,18426334
2015-02-10,16.650,16.850,16.850,16.610,1119061,18749862
2015-02-09,16.830,16.870,16.600,16.520,1012900,16945836
2015-02-06,17.490,17.590,16.780,16.630,2080182,35260152
2015-02-05,17.980,18.000,17.510,17.500,1858420,33043448
2015-02-04,17.930,18.180,17.760,17.730,1545860,27680338
2015-02-03,17.670,18.140,17.910,17.670,1858129,33394512
2015-02-02,17.550,17.790,17.600,17.350,1524494,26852996
2015-01-30,18.520,18.760,17.860,17.850,3121163,56688872
2015-01-29,18.700,19.080,18.730,18.580,2036649,38276788
2015-01-28,18.860,19.210,18.880,18.610,2596394,49185184
2015-01-27,19.120,19.400,18.900,18.500,3715061,70401512
2015-01-26,18.770,19.390,19.120,18.690,4427143,84262624
2015-01-23,19.880,20.780,19.360,19.200,8089548,160657728
2015-01-22,18.500,19.900,19.350,18.350,8669419,167381168
2015-01-21,18.520,18.700,18.600,18.280,6285712,116079816
2015-01-20,17.310,18.690,18.590,17.310,7716523,140659472
2015-01-19,17.130,18.360,17.480,16.700,5543022,98503304
2015-01-16,17.350,17.940,17.590,17.300,3255899,57446356
2015-01-15,17.100,17.820,17.340,17.100,3388810,59397784
2015-01-14,16.790,18.150,17.440,16.360,4848504,83997024
2015-01-13,16.300,17.120,16.810,16.300,2303491,38556980
2015-01-12,17.000,17.200,16.320,16.300,2652138,44132908
2015-01-09,17.200,17.900,17.260,17.100,4094279,71259840
2015-01-08,17.080,18.580,17.600,16.900,6769932,120958624
2015-01-07,16.980,17.430,17.150,16.900,3415312,58483872
2015-01-06,16.370,17.970,17.430,16.370,6005849,103810472
2015-01-05,17.000,17.000,16.630,16.000,5003267,82870560
2015-06-30,19.920,22.430,21.750,19.230,6866777,144223552
2015-06-29,20.990,21.260,20.650,18.260,7201029,145538320
2015-06-26,21.280,21.970,20.180,20.000,6281664,130981136
2015-06-25,24.240,24.240,22.260,22.000,5637494,131307648
2015-06-24,23.700,24.350,24.110,22.860,7424436,175462800
2015-06-23,23.040,23.900,23.400,21.190,6042583,137012672
2015-06-19,25.000,25.390,23.540,23.540,6627488,160542768
2015-06-18,28.500,28.910,26.150,26.150,7962505,219438400
2015-06-17,29.000,29.900,29.060,27.500,12615508,359362176
2015-06-16,27.010,30.140,30.140,27.000,16427294,475953152
2015-06-15,28.070,28.070,27.400,24.900,5784500,158390880
2015-06-12,25.520,25.520,25.520,25.520,376093,9597893
2015-05-12,21.280,23.200,23.200,21.280,6435419,147029952
2015-05-11,19.860,21.600,21.090,19.860,6669282,138739840
2015-05-08,19.180,19.750,19.700,19.110,2800762,54259768
2015-05-07,20.440,20.440,18.800,18.800,3346538,65952616
2015-05-06,20.360,20.980,20.400,20.300,4673576,96550976
2015-05-05,20.100,20.800,20.220,20.000,3515516,71711272
2015-05-04,20.080,20.260,20.250,19.600,2232201,44614400
2015-04-30,20.440,20.580,20.160,20.090,2777046,56553976
2015-04-29,19.550,20.290,20.180,19.520,2375447,47756232
2015-04-28,20.800,21.050,19.740,19.690,4390850,88675240
2015-04-27,21.050,21.660,21.000,20.780,5157148,109342888
2015-04-24,20.920,21.190,21.050,20.480,5359248,112005488
2015-04-23,21.390,21.680,21.460,20.630,8141186,172290368
2015-04-22,20.330,21.310,21.250,20.260,5395477,113571600
2015-04-21,19.510,20.420,20.410,19.500,2772927,55843604
2015-04-20,20.900,21.000,19.720,19.660,4664752,94198568
2015-04-17,21.110,22.130,20.690,20.600,6830257,143973952
2015-04-16,19.390,20.740,20.150,18.850,4303592,86246656
2015-04-15,21.270,21.270,19.610,19.610,4491700,91395304
2015-04-14,21.190,21.780,21.410,20.860,5627840,120039960
2015-04-13,20.580,21.300,21.150,20.480,5051475,105810544
2015-04-10,20.120,20.800,20.580,19.740,4269917,87611096
2015-04-09,21.120,21.120,20.590,19.580,4281508,86923920
2015-04-08,22.200,22.200,21.120,20.500,6337222,135420736
2015-04-07,21.210,22.480,22.240,21.010,7113201,152820176
2015-04-03,20.190,21.350,21.210,19.950,7145432,149283024
2015-04-02,19.830,20.500,20.330,19.830,4722024,95523840
2015-04-01,19.700,19.860,19.820,19.640,3310808,65493772
2015-08-20,18.660,18.820,17.490,17.490,1953011,35553300
2015-08-19,17.600,19.110,18.660,16.800,3331257,59711360
2015-08-18,20.740,21.370,18.670,18.670,4582282,91235416
2015-08-17,19.880,20.980,20.740,19.100,4051715,81767888
2015-08-14,19.370,20.000,19.970,19.280,4185143,82426704
2015-08-13,19.040,19.490,19.290,18.300,3008095,56905608
2015-08-12,19.160,19.740,19.140,18.810,3245000,63110780
2015-08-11,18.800,19.480,19.170,18.800,3431022,65785028
2015-08-10,18.440,19.290,19.100,18.440,3163645,59831228
2015-08-07,18.090,18.610,18.380,18.000,2484994,45627744
2015-08-06,17.590,18.450,18.030,17.310,2609551,46646728
2015-08-05,18.380,18.480,17.920,17.780,3392230,61577748
2015-08-04,17.380,18.440,18.440,17.350,3792334,68306408
2015-08-03,18.880,18.880,17.350,17.020,2862129,51502092
2015-07-31,17.000,17.880,17.800,16.800,2834949,48894936
2015-07-30,17.590,18.380,17.490,17.490,3683039,66289768
2015-07-29,16.380,17.930,17.830,15.820,3075322,51570560
2015-07-28,15.150,17.530,16.380,14.570,4512309,72349544
2015-07-27,17.300,18.160,16.080,16.070,3987144,67997584
2015-07-24,18.200,18.800,17.850,17.700,5208453,95513912
2015-07-23,17.350,18.990,18.380,17.080,5876310,106751936
2015-07-22,17.580,17.790,17.300,16.810,2980271,51552876
2015-07-21,17.330,17.840,17.510,16.900,3391192,58804668
2015-07-20,17.020,17.800,17.450,16.980,4105982,71416312
2015-07-17,16.200,17.540,17.170,16.200,3350535,56789392
2015-07-16,15.220,16.620,16.190,14.140,5260904,83208064
2015-07-15,16.000,16.450,15.220,15.220,6119204,95849688
2015-07-14,17.000,18.190,16.910,16.400,9516560,164375456
2015-07-13,16.490,16.790,16.790,15.370,5437839,89293376
2015-07-10,14.000,15.260,15.260,13.900,2011180,30106382
2015-07-09,11.430,13.870,13.870,11.430,4881778,65001956
2015-07-08,11.810,13.290,12.610,11.810,8870147,107877280
2015-07-07,13.780,13.780,13.120,13.120,1830014,24280694
2015-07-06,17.580,17.660,14.580,14.580,5869389,92712944
2015-07-03,17.200,17.990,16.200,16.200,4938500,81764184
2015-07-02,19.160,19.960,18.000,18.000,5633298,105459560
2015-07-01,21.300,22.420,20.000,20.000,6008672,129589392
2015-09-14,14.300,14.390,12.820,12.820,1464409,19794318
2015-09-11,14.000,14.270,14.240,13.800,1045325,14807622
2015-09-10,14.210,14.700,14.100,13.870,1906814,27065694
2015-09-09,13.900,14.600,14.390,13.700,2100301,29930704
2015-09-08,12.600,13.900,13.860,12.600,1336172,17794524
2015-09-07,12.550,13.150,12.830,12.200,1299510,16686466
2015-09-02,12.000,13.150,12.180,11.710,1099961,13753037
2015-09-01,13.990,14.050,12.680,12.650,1533010,20057238
2015-08-31,14.480,14.680,14.050,13.600,1512179,21215452
2015-08-28,13.850,14.860,14.700,13.590,1717757,24469628
2015-08-27,13.400,14.000,13.850,12.890,2074767,27888024
2015-08-26,13.230,14.180,13.030,12.320,2192962,29479724
2015-08-25,13.370,14.500,13.370,13.370,1548013,20800610
2015-08-24,15.500,15.800,14.860,14.860,1443000,21671172
2015-08-21,17.550,17.830,16.510,16.360,1726435,29536310
2015-09-14,14.300,14.390,12.820,12.820,1464409,19794318
2015-09-11,14.000,14.270,14.240,13.800,1045325,14807622
2015-09-10,14.210,14.700,14.100,13.870,1906814,27065694
2015-09-09,13.900,14.600,14.390,13.700,2100301,29930704
2015-09-08,12.600,13.900,13.860,12.600,1336172,17794524
2015-09-07,12.550,13.150,12.830,12.200,1299510,16686466
2015-09-02,12.000,13.150,12.180,11.710,1099961,13753037
2015-09-01,13.990,14.050,12.680,12.650,1533010,20057238
2015-08-31,14.480,14.680,14.050,13.600,1512179,21215452
2015-08-28,13.850,14.860,14.700,13.590,1717757,24469628
2015-08-27,13.400,14.000,13.850,12.890,2074767,27888024
2015-08-26,13.230,14.180,13.030,12.320,2192962,29479724
2015-08-25,13.370,14.500,13.370,13.370,1548013,20800610
2015-08-24,15.500,15.800,14.860,14.860,1443000,21671172
2015-08-21,17.550,17.830,16.510,16.360,1726435,29536310
2015-09-14,14.300,14.390,12.820,12.820,1464409,19794318
2015-09-11,14.000,14.270,14.240,13.800,1045325,14807622
2015-09-10,14.210,14.700,14.100,13.870,1906814,27065694
2015-09-09,13.900,14.600,14.390,13.700,2100301,29930704
2015-09-08,12.600,13.900,13.860,12.600,1336172,17794524
2015-09-07,12.550,13.150,12.830,12.200,1299510,16686466
2015-09-02,12.000,13.150,12.180,11.710,1099961,13753037
2015-09-01,13.990,14.050,12.680,12.650,1533010,20057238
2015-08-31,14.480,14.680,14.050,13.600,1512179,21215452
2015-08-28,13.850,14.860,14.700,13.590,1717757,24469628
2015-08-27,13.400,14.000,13.850,12.890,2074767,27888024
2015-08-26,13.230,14.180,13.030,12.320,2192962,29479724
2015-08-25,13.370,14.500,13.370,13.370,1548013,20800610
2015-08-24,15.500,15.800,14.860,14.860,1443000,21671172
2015-08-21,17.550,17.830,16.510,16.360,1726435,29536310
2015-09-30,14.050,14.130,13.950,13.810,1367312,19109398
2015-09-29,13.740,14.220,13.940,13.700,1034381,14421813
2015-09-28,13.750,14.060,14.060,13.400,973500,13442511
2015-09-25,14.300,14.440,13.550,13.360,1451100,20186548
2015-09-24,13.950,14.810,14.530,13.740,2366074,34001028
2015-09-23,13.800,14.100,13.800,13.310,1618090,22316710
2015-09-22,13.750,14.280,14.100,13.580,2718121,37882004
2015-09-21,12.900,13.690,13.590,12.680,1587700,21198240
2015-09-18,12.900,13.350,13.100,12.800,1163929,15218044
2015-09-17,12.880,14.000,12.850,12.820,1631042,21580934
2015-09-16,12.000,13.070,12.920,12.000,1277200,16114058
2015-09-15,12.200,12.850,11.880,11.660,1581959,19405630
2015-10-12,14.680,15.440,15.270,14.560,3193789,48230604
2015-10-09,14.460,14.880,14.650,14.350,2291750,33550020
2015-10-08,14.400,14.650,14.460,14.180,2211450,31948716
2015-09-30,14.050,14.130,13.950,13.810,1367312,19109398
2015-09-29,13.740,14.220,13.940,13.700,1034381,14421813
2015-09-28,13.750,14.060,14.060,13.400,973500,13442511
2015-09-25,14.300,14.440,13.550,13.360,1451100,20186548
2015-09-24,13.950,14.810,14.530,13.740,2366074,34001028
2015-09-23,13.800,14.100,13.800,13.310,1618090,22316710
2015-09-22,13.750,14.280,14.100,13.580,2718121,37882004
2015-09-21,12.900,13.690,13.590,12.680,1587700,21198240
2015-09-18,12.900,13.350,13.100,12.800,1163929,15218044
2015-09-17,12.880,14.000,12.850,12.820,1631042,21580934
2015-09-16,12.000,13.070,12.920,12.000,1277200,16114058
2015-09-15,12.200,12.850,11.880,11.660,1581959,19405630
2015-10-12,14.680,15.440,15.270,14.560,3193789,48230604
2015-10-09,14.460,14.880,14.650,14.350,2291750,33550020
2015-10-08,14.400,14.650,14.460,14.180,2211450,31948716
2015-09-30,14.050,14.130,13.950,13.810,1367312,19109398
2015-09-29,13.740,14.220,13.940,13.700,1034381,14421813
2015-09-28,13.750,14.060,14.060,13.400,973500,13442511
2015-09-25,14.300,14.440,13.550,13.360,1451100,20186548
2015-09-24,13.950,14.810,14.530,13.740,2366074,34001028
2015-09-23,13.800,14.100,13.800,13.310,1618090,22316710
2015-09-22,13.750,14.280,14.100,13.580,2718121,37882004
2015-09-21,12.900,13.690,13.590,12.680,1587700,21198240
2015-09-18,12.900,13.350,13.100,12.800,1163929,15218044
2015-09-17,12.880,14.000,12.850,12.820,1631042,21580934
2015-09-16,12.000,13.070,12.920,12.000,1277200,16114058
2015-09-15,12.200,12.850,11.880,11.660,1581959,19405630
2015-10-12,14.680,15.440,15.270,14.560,3193789,48230604
2015-10-09,14.460,14.880,14.650,14.350,2291750,33550020
2015-10-08,14.400,14.650,14.460,14.180,2211450,31948716
2015-11-20,19.410,19.580,19.250,18.790,3549675,68177200
2015-11-19,18.990,19.450,19.400,18.830,2603701,49857000
2015-11-18,19.180,19.500,18.940,18.600,3669921,69956184
2015-11-17,20.240,21.080,19.550,19.150,5942868,118337648
2015-11-16,19.010,20.450,20.190,18.580,2801033,54911684
2015-11-13,20.370,20.370,19.650,19.110,4976352,98366816
2015-11-12,19.580,20.960,20.800,19.120,7702993,153931264
2015-11-11,18.990,19.850,19.680,18.840,5524340,107218648
2015-11-10,19.380,19.550,19.300,18.670,6725029,128701864
2015-11-09,20.800,21.850,19.580,19.230,10437087,208915024
2015-11-06,17.900,19.910,19.910,17.900,5641491,109615768
2015-11-05,17.200,18.700,18.100,17.200,6800564,122736016
2015-11-04,16.610,17.700,17.550,16.600,3507213,60574928
2015-11-03,16.200,17.000,16.650,16.020,3049395,50740200
2015-11-02,15.760,16.570,16.090,15.410,2721361,44130324
2015-10-30,16.380,16.590,16.030,15.780,2463228,39764344
2015-10-29,16.260,16.880,16.500,15.770,3722249,60833728
2015-10-28,15.800,16.300,15.740,15.720,2669769,42770656
2015-10-27,16.000,16.080,15.950,15.180,3380581,52952824
2015-10-26,15.990,16.250,16.150,15.500,4301930,68205808
2015-10-23,15.150,15.800,15.700,15.150,2417938,37510400
2015-10-22,14.610,15.280,15.220,14.610,2170222,32384294
2015-10-21,16.180,16.250,14.640,14.520,3239559,50277904
2015-10-20,15.410,16.200,16.120,15.410,2807224,44511608
2015-10-19,15.670,16.020,15.490,15.350,2236900,35046312
2015-10-16,15.800,16.080,15.680,15.340,2711358,42448900
2015-10-15,15.210,15.830,15.820,15.200,2898679,45156660
2015-10-14,15.500,15.980,15.360,15.190,3306045,51366308
2015-10-13,15.000,15.990,15.660,14.840,4313415,65816408
2015-11-20,19.410,19.580,19.250,18.790,3549675,68177200
2015-11-19,18.990,19.450,19.400,18.830,2603701,49857000
2015-11-18,19.180,19.500,18.940,18.600,3669921,69956184
2015-11-17,20.240,21.080,19.550,19.150,5942868,118337648
2015-11-16,19.010,20.450,20.190,18.580,2801033,54911684
2015-11-13,20.370,20.370,19.650,19.110,4976352,98366816
2015-11-12,19.580,20.960,20.800,19.120,7702993,153931264
2015-11-11,18.990,19.850,19.680,18.840,5524340,107218648
2015-11-10,19.380,19.550,19.300,18.670,6725029,128701864
2015-11-09,20.800,21.850,19.580,19.230,10437087,208915024
2015-11-06,17.900,19.910,19.910,17.900,5641491,109615768
2015-11-05,17.200,18.700,18.100,17.200,6800564,122736016
2015-11-04,16.610,17.700,17.550,16.600,3507213,60574928
2015-11-03,16.200,17.000,16.650,16.020,3049395,50740200
2015-11-02,15.760,16.570,16.090,15.410,2721361,44130324
2015-10-30,16.380,16.590,16.030,15.780,2463228,39764344
2015-10-29,16.260,16.880,16.500,15.770,3722249,60833728
2015-10-28,15.800,16.300,15.740,15.720,2669769,42770656
2015-10-27,16.000,16.080,15.950,15.180,3380581,52952824
2015-10-26,15.990,16.250,16.150,15.500,4301930,68205808
2015-10-23,15.150,15.800,15.700,15.150,2417938,37510400
2015-10-22,14.610,15.280,15.220,14.610,2170222,32384294
2015-10-21,16.180,16.250,14.640,14.520,3239559,50277904
2015-10-20,15.410,16.200,16.120,15.410,2807224,44511608
2015-10-19,15.670,16.020,15.490,15.350,2236900,35046312
2015-10-16,15.800,16.080,15.680,15.340,2711358,42448900
2015-10-15,15.210,15.830,15.820,15.200,2898679,45156660
2015-10-14,15.500,15.980,15.360,15.190,3306045,51366308
2015-10-13,15.000,15.990,15.660,14.840,4313415,65816408
2015-11-20,19.410,19.580,19.250,18.790,3549675,68177200
2015-11-19,18.990,19.450,19.400,18.830,2603701,49857000
2015-11-18,19.180,19.500,18.940,18.600,3669921,69956184
2015-11-17,20.240,21.080,19.550,19.150,5942868,118337648
2015-11-16,19.010,20.450,20.190,18.580,2801033,54911684
2015-11-13,20.370,20.370,19.650,19.110,4976352,98366816
2015-11-12,19.580,20.960,20.800,19.120,7702993,153931264
2015-11-11,18.990,19.850,19.680,18.840,5524340,107218648
2015-11-10,19.380,19.550,19.300,18.670,6725029,128701864
2015-11-09,20.800,21.850,19.580,19.230,10437087,208915024
2015-11-06,17.900,19.910,19.910,17.900,5641491,109615768
2015-11-05,17.200,18.700,18.100,17.200,6800564,122736016
2015-11-04,16.610,17.700,17.550,16.600,3507213,60574928
2015-11-03,16.200,17.000,16.650,16.020,3049395,50740200
2015-11-02,15.760,16.570,16.090,15.410,2721361,44130324
2015-10-30,16.380,16.590,16.030,15.780,2463228,39764344
2015-10-29,16.260,16.880,16.500,15.770,3722249,60833728
2015-10-28,15.800,16.300,15.740,15.720,2669769,42770656
2015-10-27,16.000,16.080,15.950,15.180,3380581,52952824
2015-10-26,15.990,16.250,16.150,15.500,4301930,68205808
2015-10-23,15.150,15.800,15.700,15.150,2417938,37510400
2015-10-22,14.610,15.280,15.220,14.610,2170222,32384294
2015-10-21,16.180,16.250,14.640,14.520,3239559,50277904
2015-10-20,15.410,16.200,16.120,15.410,2807224,44511608
2015-10-19,15.670,16.020,15.490,15.350,2236900,35046312
2015-10-16,15.800,16.080,15.680,15.340,2711358,42448900
2015-10-15,15.210,15.830,15.820,15.200,2898679,45156660
2015-10-14,15.500,15.980,15.360,15.190,3306045,51366308
2015-10-13,15.000,15.990,15.660,14.840,4313415,65816408
