#date, start price, highest price, close price, lowest price, deal number, deal amount
2015-03-31,1.418,1.435,1.410,1.410,1002702,1426034
2015-03-30,1.388,1.420,1.418,1.388,1319900,1847076
2015-03-27,1.380,1.385,1.383,1.361,1077173,1480455
2015-03-26,1.387,1.399,1.381,1.351,1227784,1689416
2015-03-25,1.374,1.391,1.367,1.349,13904874,19246808
2015-03-24,1.388,1.388,1.365,1.339,4681077,6367068
2015-03-23,1.328,1.360,1.356,1.328,4201175,5663124
2015-03-20,1.329,1.349,1.330,1.318,1889101,2516992
2015-03-19,1.300,1.330,1.328,1.288,16337510,21428384
2015-03-18,1.261,1.308,1.308,1.261,1352593,1748058
2015-03-17,1.260,1.280,1.273,1.252,16992510,21652684
2015-03-16,1.218,1.264,1.263,1.218,1219044,1526763
2015-03-13,1.219,1.239,1.230,1.219,789393,967321
2015-03-12,1.218,1.233,1.222,1.218,348501,426003
2015-03-11,1.230,1.230,1.218,1.213,196183,239598
2015-03-10,1.219,1.234,1.233,1.201,1115083,1360336
2015-03-09,1.189,1.220,1.200,1.189,510800,615912
2015-03-06,1.200,1.225,1.203,1.200,2731681,3342177
2015-03-05,1.209,1.221,1.202,1.199,753523,911148
2015-03-04,1.203,1.220,1.220,1.195,10585200,12857530
2015-03-03,1.200,1.221,1.203,1.190,15815800,19277300
2015-03-02,1.200,1.215,1.215,1.182,1453200,1752138
2015-02-27,1.190,1.203,1.201,1.172,12484400,14940698
2015-02-26,1.164,1.185,1.182,1.164,1669800,1958274
2015-02-25,1.199,1.200,1.168,1.168,5927000,7044935
2015-02-17,1.185,1.186,1.184,1.175,335700,396372
2015-02-16,1.155,1.182,1.180,1.155,527301,619227
2015-02-13,1.135,1.167,1.155,1.135,8407200,9762268
2015-02-12,1.134,1.145,1.136,1.129,10479500,11911135
2015-02-11,1.138,1.138,1.129,1.125,404600,457320
2015-02-10,1.101,1.135,1.130,1.101,1152200,1282582
2015-02-09,1.110,1.114,1.101,1.088,647800,708970
2015-02-06,1.135,1.135,1.110,1.102,969200,1074003
2015-02-05,1.139,1.152,1.130,1.127,751500,860264
2015-02-04,1.131,1.150,1.136,1.047,9251300,10538348
2015-02-03,1.142,1.146,1.142,1.125,31753700,35975504
2015-02-02,1.130,1.148,1.126,1.121,31644540,35717124
2015-01-30,1.160,1.197,1.143,1.138,19524800,22737174
2015-01-29,1.163,1.177,1.160,1.160,8542000,9959359
2015-01-28,1.197,1.197,1.178,1.150,20714500,24622160
2015-01-27,1.195,1.205,1.199,1.171,45518740,54368740
2015-01-26,1.190,1.200,1.194,1.175,86758744,102255176
2015-01-23,1.196,1.196,1.170,1.166,15171900,17816762
2015-01-22,1.157,1.192,1.191,1.155,59510940,69607800
2015-01-21,1.126,1.166,1.166,1.126,13442373,15447885
2015-01-20,1.090,1.129,1.129,1.086,17146776,19154332
2015-01-19,1.100,1.131,1.084,1.060,138335376,152143824
2015-01-16,1.119,1.149,1.132,1.106,14819000,16777090
2015-01-15,1.107,1.110,1.110,1.056,2660501,2922238
2015-01-14,1.089,1.107,1.091,1.089,14764861,16298929
2015-01-13,1.070,1.107,1.106,1.070,29215700,32164544
2015-01-12,1.099,1.099,1.084,1.070,688500,742719
2015-01-09,1.083,1.120,1.103,1.083,1584541,1760082
2015-01-08,1.100,1.110,1.100,1.084,15771101,17389340
2015-01-07,1.090,1.110,1.099,1.078,9816601,10751501
2015-01-06,1.049,1.100,1.090,1.043,17770876,19296066
2015-01-05,1.026,1.065,1.059,1.020,12166142,12634129
2015-06-30,1.540,1.663,1.663,1.415,1399848192,2185626880
2015-06-29,1.621,1.691,1.512,1.504,1040869632,1674630656
2015-06-26,1.798,1.800,1.626,1.626,952217152,1637839488
2015-06-25,1.891,1.897,1.807,1.760,552500,1021863
2015-06-24,1.861,1.908,1.891,1.833,1456686208,2743158016
2015-06-23,1.800,1.852,1.852,1.750,1036481,1869114
2015-06-19,1.922,1.922,1.816,1.815,513642688,969820160
2015-06-18,1.972,2.055,1.941,1.920,1077179904,2139302784
2015-06-17,1.991,2.019,1.983,1.903,1073518848,2111651200
2015-06-16,2.080,2.080,1.981,1.960,641632000,1290732672
2015-06-15,2.129,2.138,2.080,2.080,1063901,2244317
2015-06-12,2.100,2.146,2.118,2.013,175059184,370376512
2015-06-11,2.090,2.146,2.105,2.012,418204576,882210944
2015-06-10,2.121,2.143,2.093,2.070,304648576,638649152
2015-06-09,2.081,2.148,2.131,2.077,529035744,1120399744
2015-06-08,2.145,2.150,2.080,2.049,2796360,5843390
2015-06-05,2.096,2.150,2.124,2.060,1094278528,2308793344
2015-06-04,2.099,2.180,2.096,1.965,782159680,1588386304
2015-06-03,2.116,2.190,2.178,2.031,529845984,1102196480
2015-06-02,2.090,2.146,2.116,2.060,479469280,1005036736
2015-06-01,1.989,2.100,2.100,1.950,338697632,694061888
2015-05-29,1.917,2.157,1.986,1.874,385402080,756637312
2015-05-28,2.060,2.099,1.961,1.946,2090500,4241386
2015-05-27,2.095,2.158,2.075,2.038,197707696,409478688
2015-05-26,2.002,2.100,2.092,2.001,12314773,25008392
2015-05-25,1.906,2.010,2.002,1.887,1902273,3721069
2015-05-22,1.905,1.947,1.937,1.887,7484001,14355917
2015-05-21,1.906,1.928,1.887,1.860,7388600,13917003
2015-05-20,1.840,1.894,1.865,1.840,40299760,75305576
2015-05-19,1.798,1.838,1.836,1.782,3154010,5715174
2015-05-18,1.760,1.817,1.798,1.760,1293100,2325990
2015-05-15,1.786,1.800,1.776,1.752,1826728,3243238
2015-05-14,1.790,1.849,1.783,1.772,272575936,487748736
2015-05-13,1.775,1.820,1.792,1.769,190724032,341342400
2015-05-12,1.740,1.777,1.770,1.733,2310883,4079413
2015-05-11,1.682,1.737,1.732,1.672,31346600,53488444
2015-05-08,1.631,1.680,1.680,1.561,66807500,109938040
2015-05-07,1.680,1.699,1.630,1.620,43364536,71474112
2015-05-06,1.680,1.722,1.677,1.661,1730912,2951751
2015-05-05,1.722,1.731,1.686,1.680,1627000,2782483
2015-05-04,1.728,1.735,1.722,1.680,1231538,2101319
2015-04-30,1.734,1.747,1.728,1.720,2200310,3813026
2015-04-29,1.685,1.735,1.728,1.682,43173828,73925368
2015-04-28,1.766,1.899,1.692,1.685,98057824,166964368
2015-04-27,1.752,1.790,1.765,1.751,3374028,5955101
2015-04-24,1.707,1.756,1.746,1.678,62527460,106911664
2015-04-23,1.722,1.740,1.718,1.696,4241078,7265118
2015-04-22,1.748,1.758,1.721,1.640,10228800,17406322
2015-04-21,1.960,2.000,1.764,1.764,3344100,5924971
2015-04-20,1.875,1.960,1.960,1.780,9281500,17657352
2015-04-17,1.655,1.782,1.782,1.655,2622560,4607392
2015-04-16,1.520,1.620,1.620,1.518,1880250,2947299
2015-04-15,1.539,1.552,1.523,1.502,1130250,1724466
2015-04-14,1.522,1.576,1.550,1.522,779950,1210849
2015-04-13,1.500,1.541,1.540,1.496,3059309,4645339
2015-04-10,1.458,1.505,1.500,1.400,1958488,2891242
2015-04-09,1.478,1.495,1.459,1.400,1415437,2045754
2015-04-08,1.500,1.507,1.478,1.466,1420900,2107756
2015-04-07,1.479,1.493,1.489,1.477,1159100,1718741
2015-04-03,1.470,1.500,1.479,1.446,1051475,1550818
2015-04-02,1.486,1.498,1.476,1.455,1391400,2062252
2015-04-01,1.399,1.499,1.485,1.399,1222400,1764801
2015-08-20,1.466,1.475,1.448,1.448,270500,392985
2015-08-19,1.449,1.477,1.477,1.408,327700,470663
2015-08-18,1.569,1.569,1.448,1.448,547300,812752
2015-08-17,1.542,1.570,1.569,1.523,651300,1012187
2015-08-14,1.541,1.559,1.549,1.521,803200,1246292
2015-08-13,1.509,1.540,1.540,1.503,401800,613381
2015-08-12,1.521,1.559,1.529,1.512,546800,839917
2015-08-11,1.660,1.660,1.540,1.535,614200,963884
2015-08-10,1.455,1.582,1.580,1.455,1705000,2589808
2015-08-07,1.430,1.455,1.453,1.422,227400,328256
2015-08-06,1.420,1.459,1.418,1.418,105400,150297
2015-08-05,1.454,1.472,1.460,1.430,323500,471658
2015-08-04,1.389,1.460,1.460,1.362,861300,1212122
2015-08-03,1.403,1.416,1.360,1.346,571300,791412
2015-07-31,1.468,1.468,1.425,1.417,155800,223008
2015-07-30,1.456,1.563,1.468,1.444,717300,1075754
2015-07-29,1.388,1.467,1.467,1.381,1036800,1457441
2015-07-28,1.380,1.435,1.420,1.308,1357000,1831904
2015-07-27,1.523,1.539,1.410,1.410,801800,1190585
2015-07-24,1.528,1.598,1.538,1.528,1165500,1823736
2015-07-23,1.516,1.559,1.538,1.500,1184701,1814995
2015-07-22,1.485,1.518,1.517,1.468,1391500,2079488
2015-07-21,1.453,1.503,1.483,1.453,1613502,2386748
2015-07-20,1.549,1.551,1.502,1.483,2255700,3442914
2015-07-17,1.482,1.524,1.520,1.450,1245300,1850105
2015-07-16,1.290,1.457,1.438,1.251,2189700,2962491
2015-07-15,1.498,1.498,1.325,1.325,2915100,4008778
2015-07-14,1.573,1.650,1.472,1.450,6113158,9526881
2015-07-13,1.486,1.505,1.505,1.420,1368798,2037588
2015-07-10,1.280,1.368,1.368,1.280,1306611,1775107
2015-07-09,1.116,1.244,1.244,1.018,2606610,3055637
2015-07-08,1.244,1.244,1.131,1.131,4444500,5034377
2015-07-07,1.370,1.370,1.257,1.257,1336100,1727990
2015-07-06,1.466,1.466,1.397,1.353,1722300,2485619
2015-07-03,1.470,1.470,1.333,1.329,1410289,1938602
2015-07-02,1.551,1.570,1.477,1.420,1615830,2443536
2015-07-01,1.657,1.757,1.556,1.548,2352964352,3876593920
