#date, start price, highest price, close price, lowest price, deal number, deal amount
2015-03-31,6.800,6.840,6.560,6.520,168127072,1115842048
2015-03-30,6.400,6.830,6.730,6.400,243124544,1619255040
2015-03-27,6.430,6.460,6.390,6.350,92894896,594712448
2015-03-26,6.310,6.470,6.420,6.220,135414720,863787712
2015-03-25,6.380,6.400,6.320,6.220,139388944,877576384
2015-03-24,6.620,6.640,6.410,6.130,247599344,1584970112
2015-03-23,6.540,6.660,6.610,6.530,179293104,1181220736
2015-03-20,6.600,6.690,6.570,6.500,165264560,1086215552
2015-03-19,6.460,6.770,6.600,6.370,232084448,1527585408
2015-03-18,6.400,6.520,6.460,6.310,178543552,1147964544
2015-03-17,6.230,6.440,6.390,6.200,213717552,1351467008
2015-03-16,6.150,6.250,6.220,6.100,152779216,944512000
2015-03-13,6.120,6.190,6.130,6.010,135962608,826049664
2015-03-12,6.070,6.370,6.100,6.040,234179248,1450313472
2015-03-11,5.830,6.240,6.130,5.760,219624688,1312792320
2015-03-10,5.880,5.960,5.830,5.820,135890784,796780608
2015-03-09,5.700,6.000,5.890,5.630,237793008,1396743808
2015-03-06,5.550,5.900,5.730,5.500,268961440,1543943936
2015-03-05,5.570,5.570,5.540,5.430,98775712,541982720
2015-03-04,5.620,5.660,5.580,5.500,94512456,525968000
2015-03-03,5.550,5.770,5.620,5.500,185265296,1046136256
2015-03-02,5.550,5.580,5.550,5.490,98206144,542595200
2015-02-27,5.540,5.580,5.510,5.450,99645832,548303296
2015-02-26,5.420,5.580,5.550,5.380,96157152,530609376
2015-02-25,5.360,5.450,5.420,5.320,60704280,326900416
2015-02-17,5.300,5.350,5.340,5.290,49353904,263051984
2015-02-16,5.270,5.320,5.290,5.230,37345376,197107920
2015-02-13,5.220,5.300,5.250,5.200,46566340,244861056
2015-02-12,5.170,5.240,5.190,5.160,36498160,189782736
2015-02-11,5.210,5.230,5.160,5.140,33007676,170674848
2015-02-10,5.120,5.200,5.200,5.080,34738432,178537216
2015-02-09,5.060,5.140,5.120,5.030,28900296,147492032
2015-02-06,5.150,5.190,5.070,5.000,70580048,357876768
2015-02-05,5.330,5.360,5.190,5.190,72238840,381244704
2015-02-04,5.340,5.460,5.320,5.250,85444496,456297344
2015-02-03,5.280,5.350,5.330,5.210,66050800,348929600
2015-02-02,5.340,5.360,5.280,5.240,70074512,371532000
2015-01-30,5.550,5.640,5.400,5.390,97509392,534717568
2015-01-29,5.640,5.740,5.550,5.500,185149152,1041006016
2015-01-28,5.400,5.980,5.830,5.360,331944352,1917289984
2015-01-27,5.360,5.450,5.440,5.260,95085824,509215936
2015-01-26,5.220,5.360,5.340,5.220,57935736,307250016
2015-01-23,5.310,5.340,5.250,5.230,45734444,241106192
2015-01-22,5.210,5.370,5.340,5.170,82513680,435501504
2015-01-21,5.070,5.230,5.210,5.050,64415088,331093536
2015-01-20,4.950,5.080,5.070,4.950,51043388,256937888
2015-01-19,5.200,5.210,4.930,4.800,92408056,467578432
2015-01-16,5.360,5.360,5.320,5.260,57060768,302261952
2015-01-15,5.300,5.370,5.360,5.260,49959240,265994624
2015-01-14,5.210,5.350,5.320,5.210,52156980,275891808
2015-01-13,5.180,5.250,5.200,5.180,31150454,162292592
2015-01-12,5.300,5.310,5.170,5.120,56779732,294625856
2015-01-09,5.320,5.470,5.350,5.310,75099416,406283936
2015-01-08,5.430,5.430,5.280,5.250,77857624,414427264
2015-01-07,5.500,5.540,5.450,5.400,75618344,412534816
2015-01-06,5.470,5.590,5.520,5.380,95807152,526867264
2015-01-05,5.460,5.540,5.500,5.350,111908344,610483136
2015-06-30,6.020,6.540,6.530,5.520,148269344,899836800
2015-06-29,6.880,6.940,6.070,5.990,149842880,952794880
2015-06-26,7.200,7.280,6.660,6.660,136029520,941429120
2015-06-25,7.910,7.910,7.400,7.300,157143392,1198156032
2015-06-24,7.720,7.960,7.910,7.580,160165888,1249117952
2015-06-23,7.820,7.950,7.690,7.050,151537008,1133768320
2015-06-19,8.410,8.590,7.830,7.830,159960064,1304619264
2015-06-18,8.750,9.110,8.700,8.580,230957104,2032823808
2015-06-17,8.940,9.090,8.740,8.120,224906592,1940899840
2015-06-16,8.680,9.150,8.900,8.500,289335456,2559576320
2015-06-15,8.430,8.970,8.730,8.420,316301504,2758955264
2015-06-12,8.170,8.480,8.420,8.080,274275360,2280517632
2015-06-11,8.140,8.250,8.140,8.030,162911344,1325025792
2015-06-10,7.900,8.290,8.170,7.830,205258144,1662590080
2015-06-09,8.200,8.200,8.000,7.850,229983840,1838679936
2015-06-08,7.870,8.350,8.220,7.780,350894496,2843917824
2015-06-05,7.670,7.870,7.790,7.560,221518000,1713559552
2015-06-04,7.630,7.650,7.620,7.110,147963632,1104578816
2015-06-03,7.850,7.880,7.690,7.520,161709776,1242332672
2015-06-02,7.670,7.850,7.840,7.570,172188112,1329384192
2015-06-01,7.320,7.680,7.670,7.300,133691392,1005747712
2015-05-29,7.560,7.700,7.340,7.000,176159392,1301220736
2015-05-28,8.050,8.240,7.600,7.570,318477568,2542343424
2015-05-27,7.750,8.190,8.050,7.600,334779744,2657383424
2015-05-26,7.730,7.780,7.750,7.450,260914112,1990792448
2015-05-25,7.560,7.790,7.710,7.560,259981168,1992558848
2015-05-22,7.220,7.500,7.500,7.130,235311344,1728917632
2015-05-21,7.030,7.140,7.120,6.960,109480160,772319744
2015-05-20,7.140,7.300,7.060,7.050,127880744,914508544
2015-05-19,6.800,7.110,7.100,6.790,102822272,718454848
2015-05-18,6.750,6.940,6.830,6.650,74548488,508063168
2015-05-15,6.990,6.990,6.800,6.730,86472752,588469056
2015-05-14,7.130,7.160,6.990,6.900,99781040,698615872
2015-05-13,7.200,7.300,7.120,7.000,139722944,999339456
2015-05-12,7.230,7.350,7.220,7.110,113869000,822736064
2015-05-11,7.080,7.370,7.270,7.000,133915720,966020736
2015-05-08,6.620,7.050,7.020,6.610,120323904,813663552
2015-05-07,6.870,6.910,6.560,6.550,104598128,699223936
2015-05-06,7.270,7.450,6.930,6.800,110775104,792927936
2015-05-05,7.900,7.900,7.330,7.180,149717200,1133443200
2015-05-04,7.830,7.940,7.900,7.820,87240048,687536384
2015-04-30,7.820,7.980,7.820,7.740,98210160,773484416
2015-04-29,7.750,7.960,7.820,7.710,87966144,689845952
2015-04-28,8.060,8.070,7.870,7.680,181396400,1423589120
2015-04-27,8.290,8.400,8.100,7.960,155481120,1264881280
2015-04-24,7.940,8.110,8.040,7.830,148290144,1179029376
2015-04-23,8.200,8.200,8.110,8.000,190786176,1543516544
2015-04-22,8.500,8.550,8.240,8.170,262328256,2182732032
2015-04-21,8.120,8.320,8.180,7.810,180892704,1454471424
2015-04-20,7.900,8.460,8.120,7.700,285093088,2305809920
2015-04-17,7.540,8.190,7.930,7.500,268860640,2102220672
2015-04-16,7.400,7.660,7.550,7.230,151321616,1134554240
2015-04-15,7.430,7.790,7.490,7.210,207588320,1553458304
2015-04-14,7.270,7.600,7.410,7.160,183120576,1360237056
2015-04-13,7.060,7.270,7.260,7.060,147716384,1063399040
2015-04-10,6.850,7.090,7.050,6.840,103750024,729263744
2015-04-09,7.150,7.180,6.910,6.760,146335632,1012534592
2015-04-08,7.300,7.300,7.140,7.010,170670512,1222820352
2015-04-07,7.160,7.350,7.310,7.100,188212704,1362436352
2015-04-03,6.850,7.360,7.130,6.850,253569712,1806736128
2015-04-02,6.650,6.800,6.740,6.580,169170064,1132154112
2015-04-01,6.570,6.640,6.630,6.540,120925856,798130560
2015-08-14,6.080,6.220,6.110,6.060,82406272,505285344
2015-08-13,5.940,6.080,6.070,5.860,58321264,349632992
2015-08-12,6.090,6.190,5.970,5.960,67900240,412786848
2015-08-11,6.240,6.240,6.170,6.100,93596608,578267712
2015-08-10,6.050,6.300,6.270,6.000,119598432,737516736
2015-08-07,5.980,6.100,6.040,5.980,83906032,506084192
2015-08-06,5.790,6.120,6.000,5.700,70762152,420469728
2015-08-05,5.960,6.120,5.910,5.810,93721584,560957312
2015-08-04,5.570,5.880,5.860,5.570,58445952,334856512
2015-08-03,5.470,5.630,5.610,5.240,57263928,307738432
2015-07-31,5.480,5.620,5.520,5.470,43135968,238195696
2015-07-30,5.700,5.870,5.590,5.510,62285344,357134272
2015-07-29,5.550,5.790,5.770,5.370,61909168,342581568
2015-07-28,5.470,5.660,5.430,5.050,99040320,529466624
2015-07-27,6.100,6.160,5.600,5.600,99654800,590161472
2015-07-24,6.400,6.500,6.220,6.160,128441208,813916928
2015-07-23,6.260,6.400,6.390,6.160,125744544,794104320
2015-07-22,6.320,6.460,6.300,6.110,121061728,763751552
2015-07-21,6.020,6.470,6.290,5.950,123108616,769178496
2015-07-20,6.190,6.330,6.130,6.000,119039360,737124928
2015-07-17,5.800,6.200,6.190,5.760,105403616,632241408
2015-07-16,5.470,5.840,5.740,5.470,85660592,484104896
2015-07-15,5.900,5.980,5.470,5.460,127475224,722374400
2015-07-14,6.210,6.460,6.070,5.910,181106064,1117037056
2015-07-13,5.970,6.190,6.190,5.700,159415472,963303360
2015-07-10,5.500,5.630,5.630,5.260,89929472,501295616
2015-07-09,4.700,5.170,5.170,4.630,107932800,542774592
2015-07-08,4.600,5.200,4.700,4.600,288510592,1420672768
2015-07-07,5.550,5.690,5.110,5.110,146375424,779516928
2015-07-06,5.710,5.710,5.680,4.730,270516128,1454400000
2015-07-03,5.520,5.900,5.190,5.190,139191792,752387968
2015-07-02,6.180,6.370,5.770,5.620,115870936,696972352
2015-07-01,6.520,6.790,6.160,6.090,135129808,883846720
2015-08-17,6.080,6.540,6.490,6.040,149131072,942900096
2015-08-18,6.420,6.430,5.840,5.840,132076560,815070656
2015-08-20,5.960,6.110,5.810,5.800,57704988,343326016
2015-08-19,5.600,6.150,6.100,5.500,83529320,488027968
2015-09-14,5.030,5.090,4.530,4.480,61470512,292449536
2015-09-11,4.910,5.050,4.980,4.870,46628288,231671568
2015-09-10,5.100,5.210,4.980,4.920,112014296,570977664
2015-09-09,4.760,5.240,5.240,4.710,121459800,611757248
2015-09-08,4.530,4.850,4.760,4.450,35082672,162122736
2015-09-07,4.510,4.660,4.510,4.470,34222324,156789504
2015-09-02,4.290,4.550,4.440,4.080,45712056,201708752
2015-09-01,4.710,4.720,4.430,4.330,46523328,208791376
2015-08-31,4.960,4.970,4.700,4.650,52333952,249387104
2015-08-28,4.630,4.990,4.970,4.600,62944664,298154176
2015-08-27,4.450,4.600,4.580,4.340,44249432,198281136
2015-08-26,4.500,4.640,4.350,4.210,64974860,291002496
2015-08-25,4.450,4.680,4.430,4.430,54213776,244050976
2015-08-24,5.080,5.350,4.920,4.920,61469632,308045216
2015-08-21,5.700,5.790,5.470,5.360,56603344,317113600
2015-09-30,4.430,4.590,4.460,4.410,17969044,80773456
2015-09-29,4.410,4.460,4.390,4.360,17285534,76154352
2015-09-28,4.450,4.530,4.490,4.400,13544814,60563252
2015-09-25,4.570,4.580,4.460,4.410,22916016,102877968
2015-09-24,4.530,4.620,4.600,4.530,22459006,102731696
2015-09-23,4.600,4.650,4.530,4.510,30378900,138876688
2015-09-22,4.680,4.800,4.700,4.620,43864688,206074128
2015-09-21,4.500,4.750,4.690,4.460,37765276,174540320
2015-09-18,4.530,4.650,4.550,4.450,28281512,128428544
2015-09-17,4.600,4.790,4.490,4.480,57012848,264376624
2015-09-16,4.380,4.730,4.660,4.320,46376860,209629984
2015-09-15,4.380,4.600,4.310,4.240,45902168,201844416
2015-10-12,4.650,4.870,4.820,4.650,58717048,280391328
2015-10-09,4.600,4.680,4.650,4.580,32170816,149076464
2015-10-08,4.580,4.680,4.620,4.550,36941628,170323200
2015-11-20,5.270,5.270,5.250,5.200,38348960,200621808
2015-11-19,5.200,5.280,5.270,5.150,32308900,168102528
2015-11-18,5.220,5.240,5.150,5.140,34361100,178422032
2015-11-17,5.260,5.300,5.230,5.200,51750856,272406208
2015-11-16,5.140,5.260,5.250,5.120,41149964,213428320
2015-11-13,5.170,5.340,5.230,5.150,58978888,310462240
2015-11-12,5.280,5.300,5.230,5.170,48365096,252732496
2015-11-11,5.270,5.310,5.280,5.220,44264636,232791712
2015-11-10,5.330,5.340,5.270,5.210,63676496,336479968
2015-11-09,5.300,5.400,5.350,5.260,84277800,450191840
2015-11-06,5.260,5.370,5.340,5.240,97841416,518855648
2015-11-05,5.290,5.510,5.340,5.220,182094304,970849472
2015-11-04,4.940,5.340,5.300,4.940,121476840,624714048
2015-11-03,5.060,5.080,4.930,4.880,53426336,265653664
2015-11-02,4.840,5.170,5.050,4.810,111192672,561927488
2015-10-30,4.930,4.930,4.870,4.830,32033388,156428176
2015-10-29,4.950,4.990,4.930,4.880,38065776,187651520
2015-10-28,4.980,5.100,4.960,4.940,76947288,385877792
2015-10-27,4.870,5.100,4.980,4.650,66274712,323491872
2015-10-26,4.960,4.980,4.890,4.850,43706652,214683600
2015-10-23,4.860,4.910,4.890,4.790,40208376,194927616
2015-10-22,4.710,4.840,4.820,4.650,39881976,189712752
2015-10-21,5.010,5.070,4.710,4.640,75093712,367902016
2015-10-20,4.950,5.020,5.000,4.880,48813648,241654416
2015-10-19,4.990,5.120,4.970,4.920,69015064,345520416
2015-10-16,4.930,5.000,4.990,4.830,75927680,373419808
2015-10-15,4.760,4.930,4.910,4.700,58041824,281628224
2015-10-14,4.980,4.990,4.790,4.780,47778140,233727136
2015-10-13,4.900,5.000,4.890,4.820,64195760,314988448
