#date, start price, highest price, close price, lowest price, deal number, deal amount
2015-03-31,7.030,7.100,6.800,6.780,118993784,824935616
2015-03-30,6.700,7.000,6.930,6.680,113850656,778463168
2015-03-27,6.690,6.730,6.680,6.620,58885176,392824128
2015-03-26,6.650,6.750,6.690,6.550,82991208,553231744
2015-03-25,6.940,6.960,6.700,6.610,127755992,859454528
2015-03-24,6.820,7.080,6.930,6.620,184180976,1266459776
2015-03-23,6.580,6.790,6.780,6.540,164413856,1094921728
2015-03-20,6.500,6.610,6.480,6.390,105291288,682075520
2015-03-19,6.400,6.540,6.490,6.300,130934016,840570816
2015-03-18,6.300,6.470,6.410,6.240,106715344,677873728
2015-03-17,6.050,6.470,6.270,6.010,147639488,919026176
2015-03-16,5.980,6.060,6.030,5.950,84341936,507109792
2015-03-13,6.000,6.030,5.970,5.900,67823504,404210784
2015-03-12,5.830,6.000,6.000,5.810,72158736,426506784
2015-03-11,5.760,5.890,5.800,5.740,43620260,254067440
2015-03-10,5.730,5.810,5.760,5.700,36775424,212151056
2015-03-09,5.590,5.760,5.740,5.510,38643276,218155392
2015-03-06,5.630,5.690,5.650,5.590,32130450,181495584
2015-03-05,5.800,5.810,5.630,5.410,56956832,321254592
2015-03-04,5.790,5.840,5.810,5.760,36723016,213195456
2015-03-03,6.010,6.010,5.800,5.780,66389400,389729760
2015-03-02,5.890,6.020,6.010,5.850,68709664,407508896
2015-02-27,5.850,5.940,5.840,5.790,56925384,333904384
2015-02-26,5.660,5.840,5.840,5.630,62693108,360972256
2015-02-25,5.590,5.760,5.670,5.540,50740612,287335488
2015-02-17,5.550,5.610,5.580,5.530,30116524,167844144
2015-02-16,5.570,5.620,5.540,5.510,28768352,159353728
2015-02-13,5.550,5.640,5.570,5.500,41047820,229086352
2015-02-12,5.450,5.570,5.530,5.400,34406112,188800896
2015-02-11,5.450,5.490,5.440,5.410,31034156,168993376
2015-02-10,5.290,5.470,5.440,5.250,43489804,234501312
2015-02-09,5.190,5.340,5.310,5.140,48072912,252493104
2015-02-06,5.500,5.500,5.250,5.170,85107952,453162112
2015-02-05,5.930,5.930,5.580,5.500,110120672,625076416
2015-02-04,5.860,5.950,5.830,5.810,48418576,284630560
2015-02-03,5.840,5.920,5.860,5.690,73329144,424279904
2015-02-02,6.050,6.050,5.840,5.810,74273136,438470208
2015-01-30,6.150,6.310,6.170,6.110,119735432,745269568
2015-01-29,5.960,6.170,6.100,5.920,77205416,469820128
2015-01-28,6.080,6.130,6.020,6.010,56120132,340810976
2015-01-27,6.220,6.230,6.160,5.980,80464048,491911040
2015-01-26,6.100,6.170,6.160,6.020,57596008,351262688
2015-01-23,6.150,6.230,6.100,6.080,62970468,386728224
2015-01-22,6.150,6.230,6.140,6.050,63907764,391554784
2015-01-21,5.890,6.180,6.140,5.820,80214648,483876768
2015-01-20,5.800,6.010,5.880,5.760,76988264,452173536
2015-01-19,6.100,6.180,5.810,5.810,91006480,540909824
2015-01-16,6.600,6.640,6.450,6.410,68343616,444661760
2015-01-15,6.340,6.520,6.510,6.290,69175464,441753984
2015-01-14,6.240,6.330,6.320,6.170,56744884,355131712
2015-01-13,6.140,6.300,6.180,6.140,42040116,261557792
2015-01-12,6.380,6.380,6.210,6.100,72009824,448473792
2015-01-09,6.610,6.800,6.460,6.440,111498952,733208768
2015-01-08,7.050,7.050,6.670,6.660,95257120,648272064
2015-01-07,6.900,7.160,7.070,6.810,98828000,689079808
2015-01-06,7.130,7.130,6.950,6.850,138336896,964400448
2015-01-05,6.940,7.360,7.220,6.810,203586928,1453738240
2015-06-30,11.290,11.660,11.120,10.210,561596096,6067911168
2015-06-29,11.000,11.340,11.340,10.380,592984320,6577136640
2015-06-26,10.500,11.350,10.310,10.060,454586400,4871793664
2015-06-25,10.500,11.480,11.180,10.350,634699136,7056100864
2015-06-24,9.650,10.440,10.440,9.550,377739040,3877020160
2015-06-23,9.160,9.520,9.490,8.350,173477520,1570774656
2015-06-19,9.760,9.900,9.150,9.100,146261024,1398188032
2015-06-18,10.720,11.000,10.360,10.290,289673696,3095311616
2015-06-17,9.570,10.530,10.530,9.400,213125088,2138668288
2015-06-16,10.080,10.080,9.570,9.400,157411024,1532569344
2015-06-15,10.020,10.520,10.170,9.880,229204976,2348324352
2015-06-12,9.570,10.220,10.020,9.570,197561392,1945473280
2015-06-11,9.610,9.690,9.550,9.430,114142672,1087313280
2015-06-10,9.760,9.890,9.690,9.610,153163840,1496372736
2015-06-09,9.880,10.100,9.990,9.510,242354992,2388618752
2015-06-08,9.480,9.800,9.790,9.380,249281056,2392371456
2015-06-05,9.090,9.470,9.380,9.030,222666016,2063584384
2015-06-04,9.020,9.070,9.040,8.250,118589904,1044367040
2015-06-03,9.290,9.300,9.050,8.850,125326304,1134047872
2015-06-02,9.300,9.350,9.290,9.040,162072560,1493426304
2015-06-01,8.520,9.320,9.270,8.510,191404400,1727510144
2015-05-29,8.610,8.860,8.500,8.090,134841504,1149510144
2015-05-28,9.540,9.800,8.690,8.660,237049488,2217423616
2015-05-27,9.300,9.630,9.590,9.070,218520544,2038686464
2015-05-26,9.260,9.360,9.250,8.960,198471536,1819169152
2015-05-25,8.820,9.200,9.190,8.810,170186336,1540952448
2015-05-22,8.560,8.860,8.810,8.560,151021488,1318605184
2015-05-21,8.450,8.540,8.530,8.310,94234240,792932416
2015-05-20,8.480,8.620,8.480,8.410,111090376,946560640
2015-05-19,8.140,8.490,8.480,8.110,87979424,736818048
2015-05-18,8.480,8.480,8.210,8.200,84624224,705357760
2015-05-15,8.630,8.640,8.360,8.260,114716480,964629056
2015-05-14,8.550,8.980,8.730,8.510,130342680,1140843264
2015-05-13,8.960,8.960,8.680,8.600,144950224,1267463424
2015-05-12,8.590,9.050,8.990,8.500,213649760,1876023296
2015-05-11,8.360,8.560,8.500,8.200,125727344,1062148160
2015-05-08,8.020,8.280,8.270,7.930,114796000,933384576
2015-05-07,8.690,8.690,7.980,7.930,158191120,1300037376
2015-05-06,9.050,9.400,8.770,8.610,199669168,1784786176
2015-05-05,10.090,10.400,9.250,9.180,424242752,4146141952
2015-05-04,8.770,9.630,9.630,8.770,319069792,3021154304
2015-04-30,8.410,9.080,8.750,8.410,198610000,1748955136
2015-04-29,8.500,8.590,8.410,8.250,101159592,853276544
2015-04-28,8.800,8.830,8.410,8.350,185461664,1591616768
2015-04-27,8.710,9.100,8.890,8.500,220710624,1944202240
2015-04-24,8.590,8.910,8.690,8.530,157078272,1369870464
2015-04-23,8.940,8.950,8.780,8.620,263771472,2316376320
2015-04-22,8.220,8.940,8.940,8.160,358308512,3109037568
2015-04-21,8.100,8.230,8.130,7.870,173726640,1396530432
2015-04-20,7.900,8.600,8.190,7.780,243359328,1981093888
2015-04-17,7.740,8.240,8.030,7.660,211856480,1693174656
2015-04-16,7.450,7.700,7.670,7.310,121044040,918915392
2015-04-15,7.850,7.880,7.470,7.380,173343360,1322916096
2015-04-14,7.170,7.840,7.840,7.090,283829120,2159948800
2015-04-13,6.940,7.150,7.130,6.910,132451216,932055936
2015-04-10,6.770,6.950,6.900,6.770,70470360,485507488
2015-04-09,6.950,6.960,6.830,6.680,117668800,803711168
2015-04-08,7.150,7.150,7.040,6.930,120019400,845260480
2015-04-07,7.150,7.170,7.140,7.060,119073312,847048192
2015-04-03,6.830,7.090,7.080,6.800,134754176,936775232
2015-04-02,6.900,6.930,6.890,6.800,101632576,695672064
2015-04-01,6.800,6.970,6.900,6.760,91021200,626349376
2015-08-14,9.450,9.480,9.190,9.160,131485568,1222217344
2015-08-13,8.950,9.400,9.330,8.850,162245632,1479754496
2015-08-12,8.830,9.170,9.000,8.740,121874480,1097627776
2015-08-11,8.980,9.230,8.930,8.800,161736704,1459653632
2015-08-10,8.570,9.190,8.970,8.480,165297712,1466398976
2015-08-07,8.330,8.490,8.380,8.280,65576708,550074240
2015-08-06,8.190,8.390,8.180,8.080,46349588,381796576
2015-08-05,8.600,8.690,8.340,8.300,95420360,810965888
2015-08-04,8.370,8.800,8.700,8.210,131484272,1128171136
2015-08-03,7.920,8.480,8.460,7.900,110209472,895216960
2015-07-31,7.960,8.190,8.090,7.760,109049352,873471296
2015-07-30,8.600,8.680,8.130,8.030,155082448,1314672768
2015-07-29,8.170,8.700,8.650,7.930,172859600,1421854208
2015-07-28,7.400,8.190,8.100,7.080,188213696,1446655232
2015-07-27,8.400,8.860,7.810,7.810,178287376,1491585664
2015-07-24,8.950,9.330,8.680,8.500,233198368,2100926848
2015-07-23,8.600,9.050,8.890,8.510,244612272,2149184000
2015-07-22,8.200,8.980,8.670,7.920,223764192,1889853184
2015-07-21,8.000,8.460,8.260,7.900,131771856,1088172800
2015-07-20,8.180,8.500,8.200,7.930,136739408,1125408896
2015-07-17,7.800,8.290,8.180,7.750,129786672,1049351808
2015-07-16,7.410,7.960,7.750,7.080,123312568,944482816
2015-07-15,7.900,8.000,7.410,7.340,185725008,1408836992
2015-07-14,8.360,9.020,8.160,8.100,267521184,2265359872
2015-07-13,8.160,8.560,8.560,7.970,264085872,2199392256
2015-07-10,7.350,7.780,7.780,7.160,183889008,1411037568
2015-07-09,6.000,7.070,7.070,5.900,244574112,1639656832
2015-07-08,6.450,6.720,6.430,6.430,179323936,1160017280
2015-07-07,7.400,7.480,7.140,6.790,329622592,2318043392
2015-07-06,8.910,8.920,7.540,7.300,326044160,2579727360
2015-07-03,8.110,8.710,8.110,8.110,197998992,1631910784
2015-07-02,9.500,9.650,9.010,9.010,209112464,1916487808
2015-07-01,10.630,11.190,10.010,10.010,348525472,3714994688
2015-08-17,9.230,9.690,9.480,9.190,147813568,1395821440
2015-08-18,9.490,9.510,8.530,8.530,160017120,1436558592
2015-08-20,8.420,8.560,8.060,8.010,81046272,668979904
2015-08-19,8.050,8.670,8.560,7.810,121376552,1003826944
2015-09-14,7.480,7.500,7.290,6.860,57856024,416681440
2015-09-11,7.410,7.470,7.340,7.250,28214172,207733168
2015-09-10,7.800,7.800,7.410,7.370,73508232,557426496
2015-09-09,7.700,7.960,7.840,7.670,63614712,498942272
2015-09-08,7.210,7.970,7.830,7.120,44478076,330608672
2015-09-07,7.820,8.070,7.260,7.230,83452576,640550336
2015-09-02,7.250,8.050,7.830,7.110,147458560,1135774208
2015-09-01,7.200,7.780,7.580,6.930,130069704,966892736
2015-08-31,7.220,7.420,7.360,6.910,77334840,551495552
2015-08-28,6.900,7.310,7.220,6.840,96114536,683560192
2015-08-27,6.580,6.820,6.810,6.380,81641240,541091008
2015-08-26,6.430,6.880,6.340,6.110,97452752,633519936
2015-08-25,6.410,6.720,6.360,6.360,120040680,771275968
2015-08-24,7.500,7.680,7.070,7.070,101636592,726611264
2015-08-21,7.970,8.250,7.850,7.660,87738008,700365824
2015-09-30,6.920,6.990,6.890,6.850,10199488,70389896
2015-09-29,6.940,7.020,6.880,6.870,14224219,98791024
2015-09-28,7.040,7.060,7.010,6.910,13640543,95232704
2015-09-25,7.220,7.290,7.030,6.970,24164004,171436032
2015-09-24,7.190,7.350,7.240,7.160,22560936,163270896
2015-09-23,7.160,7.430,7.180,7.110,32033098,233200432
2015-09-22,7.300,7.310,7.250,7.200,26012376,188889280
2015-09-21,7.070,7.280,7.260,7.000,22794874,163868064
2015-09-18,7.220,7.290,7.140,7.050,27356044,195715072
2015-09-17,7.400,7.650,7.190,7.160,50031236,372917856
2015-09-16,7.030,7.580,7.480,6.800,49499960,358106208
2015-09-15,7.100,7.220,7.000,6.900,33541298,235595168
2015-10-12,7.150,7.450,7.390,7.140,41882652,306581632
2015-10-09,7.130,7.180,7.130,7.070,21391328,152379648
2015-10-08,7.100,7.150,7.110,7.030,21303640,151284608
2015-11-20,7.380,7.390,7.360,7.290,31675332,232397040
2015-11-19,7.330,7.390,7.380,7.310,20967300,154036528
2015-11-18,7.350,7.400,7.330,7.290,23363372,171776016
2015-11-17,7.380,7.500,7.330,7.310,36016068,267115904
2015-11-16,7.300,7.360,7.350,7.230,33514028,243977920
2015-11-13,7.380,7.600,7.410,7.380,63284476,474627360
2015-11-12,7.560,7.570,7.410,7.390,39393884,293232320
2015-11-11,7.540,7.600,7.560,7.460,35391540,266259648
2015-11-10,7.600,7.630,7.530,7.460,56463360,425757408
2015-11-09,7.410,7.820,7.670,7.360,98143384,745731200
2015-11-06,7.390,7.460,7.440,7.330,71789968,530956224
2015-11-05,7.280,7.650,7.420,7.220,109972728,818063808
2015-11-04,7.030,7.260,7.260,7.010,61226968,439037760
2015-11-03,6.930,7.070,7.020,6.920,27013004,188897920
2015-11-02,6.980,7.030,6.940,6.910,26381320,183842976
2015-10-30,7.050,7.070,7.030,6.960,30347864,212683744
2015-10-29,7.090,7.130,7.060,7.020,49693292,351292000
2015-10-28,7.190,7.190,7.100,7.070,37239660,265850768
2015-10-27,7.160,7.170,7.140,6.950,33885284,239605232
2015-10-26,7.250,7.360,7.230,7.110,47110668,340656832
2015-10-23,7.170,7.190,7.160,7.030,47846844,340276352
2015-10-22,7.060,7.160,7.140,6.960,43155196,305139808
2015-10-21,7.420,7.500,7.070,7.010,63540608,466514400
2015-10-20,7.310,7.400,7.400,7.300,42039264,308986080
2015-10-19,7.410,7.410,7.320,7.290,40819544,299479552
2015-10-16,7.360,7.400,7.380,7.260,44039688,323452960
2015-10-15,7.110,7.340,7.310,7.110,36032184,261808256
2015-10-14,7.310,7.340,7.150,7.110,28148910,203243952
2015-10-13,7.340,7.360,7.310,7.230,30862080,225182432
