#date, start price, highest price, close price, lowest price, deal number, deal amount
2015-03-31,20.890,20.990,20.360,18.810,5827159,116855280
2015-03-30,21.240,21.500,20.880,20.480,5750551,119918040
2015-03-27,21.110,21.450,21.270,20.460,7398721,154953408
2015-03-26,22.440,23.000,21.210,21.000,11180316,247636272
2015-03-25,19.300,21.410,21.410,19.300,11246531,234011632
2015-03-24,18.330,20.030,19.460,18.330,14361755,277308992
2015-03-23,17.890,18.540,18.250,17.500,10939551,197816192
2015-03-20,17.660,18.100,17.900,17.300,8379974,147489376
2015-03-19,17.480,17.890,17.850,17.250,5638124,98740024
2015-03-18,17.440,17.800,17.560,17.350,7221450,126551400
2015-03-17,17.240,17.970,17.660,17.000,13538960,236725280
2015-03-16,15.280,16.700,16.700,15.280,7878351,128228856
2015-03-13,15.200,15.330,15.180,15.080,3150206,47901212
2015-03-12,15.580,15.690,15.160,14.980,5179228,78701760
2015-03-11,15.940,16.030,15.570,15.540,2301642,36442296
2015-03-10,15.980,16.060,16.000,15.560,5378903,84901064
2015-03-09,15.670,16.000,15.880,15.480,2551294,40105956
2015-03-06,15.650,15.960,15.810,15.450,3445101,54174148
2015-03-05,15.700,16.130,15.770,15.500,4394650,69905680
2015-03-04,15.470,15.700,15.630,15.300,1704572,26543372
2015-03-03,15.620,15.750,15.470,15.350,2417193,37630368
2015-03-02,15.850,15.880,15.780,15.450,3828735,59720364
2015-02-27,15.230,15.870,15.680,15.000,4383200,68636208
2015-02-26,15.350,15.380,15.240,14.950,2132284,32285288
2015-02-25,15.420,15.550,15.390,14.950,2820224,43274944
2015-02-17,14.780,15.360,15.340,14.780,2943202,44431152
2015-02-16,14.530,14.910,14.810,14.510,1513355,22388068
2015-02-13,14.410,14.640,14.600,14.360,1415633,20613532
2015-02-12,14.230,14.370,14.370,14.080,1090285,15499880
2015-02-11,13.970,14.300,14.230,13.970,1347805,19129772
2015-02-10,14.060,14.130,13.970,13.900,1403920,19598250
2015-02-09,13.900,14.160,14.020,13.820,1733207,24270592
2015-02-06,14.810,14.810,14.010,13.990,1941013,27857632
2015-02-05,15.090,15.150,14.820,14.750,2019088,30196298
2015-02-04,14.950,15.180,15.070,14.800,2072404,31127630
2015-02-03,15.000,15.200,15.040,14.650,2960286,43969648
2015-02-02,15.330,15.330,15.020,14.860,1274754,19120736
2015-01-30,15.200,15.600,15.280,15.200,1467636,22611846
2015-01-29,15.510,15.670,15.390,15.260,2368320,36524568
2015-01-28,15.500,15.800,15.780,15.200,3371874,52333808
2015-01-27,15.770,16.300,15.610,15.500,5803857,92193824
2015-01-26,15.700,15.970,15.790,15.520,2932273,46287924
2015-01-23,15.630,15.820,15.780,15.190,3804379,58859408
2015-01-22,15.600,15.930,15.630,15.330,5320061,83372408
2015-01-21,14.180,15.600,15.600,14.160,7156294,108528632
2015-01-20,13.920,14.190,14.180,13.910,1498829,21078684
2015-01-19,14.050,14.050,13.900,13.520,2364729,32934888
2015-01-16,14.320,14.400,14.150,13.960,1339844,18893424
2015-01-15,14.210,14.380,14.200,14.130,824585,11719103
2015-01-14,14.200,14.360,14.200,14.030,1215238,17244934
2015-01-13,14.070,14.140,14.110,13.920,1318997,18557872
2015-01-12,14.330,14.330,14.070,13.900,1771206,24922320
2015-01-09,14.300,14.780,14.350,14.240,2240640,32647148
2015-01-08,14.240,14.680,14.440,13.900,2968321,42585636
2015-01-07,14.420,14.450,14.240,14.100,2346310,33393504
2015-01-06,13.530,14.300,14.290,13.420,4172388,58670128
2015-01-05,13.570,13.570,13.540,13.250,3300066,44388840
2015-06-30,19.600,21.600,21.210,18.020,8539815,168290048
2015-06-29,22.900,22.970,20.020,20.020,8659552,178867520
2015-06-26,23.700,24.100,22.240,22.240,5100531,116400752
2015-06-25,27.150,27.270,24.710,24.600,7631155,200641856
2015-06-24,26.000,27.500,27.120,25.080,10846657,284208640
2015-06-23,26.190,26.190,26.000,23.410,7840898,194612384
2015-06-19,27.500,27.650,26.000,25.570,9197083,240522896
2015-06-18,29.540,31.980,28.410,28.010,11081246,332256000
2015-06-17,29.720,30.480,30.040,27.800,10598443,309105024
2015-06-16,28.000,31.200,30.060,27.510,14997201,444979968
2015-06-15,27.850,29.500,28.590,27.650,12388723,356921024
2015-06-12,27.460,28.000,27.570,26.850,8908034,245110496
2015-06-11,27.900,28.100,27.400,27.000,8839302,242638544
2015-06-10,26.700,28.200,27.890,26.000,10949646,295395392
2015-06-09,27.600,27.600,26.660,26.300,8900573,238198896
2015-06-08,25.890,28.480,27.590,25.770,14837190,407185120
2015-06-05,25.550,26.000,25.890,24.900,9923431,252820912
2015-06-04,25.360,25.400,24.990,23.700,6684360,164918272
2015-06-03,26.420,27.300,25.700,25.520,8385861,219625376
2015-06-02,25.900,26.540,26.400,25.500,6932174,180557024
2015-06-01,24.130,25.880,25.670,24.130,5694020,142356672
2015-05-29,23.650,24.850,24.120,22.460,7662014,182734496
2015-05-28,26.390,26.960,23.860,23.830,7963363,205014032
2015-05-27,27.250,27.380,26.480,26.280,9099399,242530704
2015-05-26,26.800,27.880,27.240,26.220,12405948,336070016
2015-05-25,24.820,27.000,26.800,24.350,11981596,307685632
2015-05-22,25.240,25.250,24.790,24.310,8799753,217534080
2015-05-21,24.690,25.990,25.280,24.500,11129000,282195520
2015-05-20,24.050,25.000,24.800,23.610,10462823,255149136
2015-05-19,23.500,24.130,23.930,23.110,8568536,202718960
2015-05-18,23.310,24.300,23.330,23.020,9152611,214957840
2015-05-15,24.800,25.380,24.040,23.260,14540450,354355136
2015-05-14,24.000,25.280,25.220,23.220,11137852,266297008
2015-05-13,23.800,26.210,24.420,23.320,17780352,447231680
2015-05-12,22.670,24.300,24.300,22.110,25506836,594124096
2015-05-11,20.400,22.090,22.090,19.890,14117470,305427136
2015-05-08,19.640,20.420,20.080,19.350,7265071,144228240
2015-05-07,19.310,20.350,19.860,19.310,13207390,261972560
2015-05-04,21.000,21.460,21.460,20.610,20728836,442196960
2015-04-30,20.010,20.010,19.510,19.500,5139377,101280792
2015-04-29,19.500,20.090,19.960,18.820,5534127,108218448
2015-04-28,20.800,21.350,19.740,19.590,10856452,221778576
2015-04-27,19.900,21.200,20.950,19.890,11704728,241376576
2015-04-24,20.000,20.090,19.820,19.450,7564094,148767376
2015-04-23,20.340,20.590,20.160,20.050,7262451,147462800
2015-04-22,19.910,20.320,20.290,19.760,6937888,139305552
2015-04-21,19.340,19.900,19.780,19.110,6012133,117651976
2015-04-20,19.960,19.960,19.170,19.150,4876306,94548840
2015-04-17,19.960,20.170,19.970,19.800,4659596,93015032
2015-04-16,19.800,20.210,19.960,19.010,6016780,117699320
2015-04-15,21.000,21.700,19.880,19.880,7984354,166910592
2015-04-14,20.880,22.260,22.090,20.210,11535231,246805312
2015-04-13,20.450,20.900,20.880,19.780,7925160,160079888
2015-04-10,19.880,20.530,20.510,19.790,4065661,82281584
2015-04-09,20.800,20.800,19.890,19.200,5466179,109231312
2015-04-08,21.700,21.700,20.840,20.420,5044332,105715136
2015-04-07,21.760,22.150,21.670,21.200,5769219,125128160
2015-04-03,21.360,22.420,21.780,21.120,5891687,128430432
2015-04-02,20.640,21.680,21.410,20.360,7017697,146698560
2015-04-01,20.110,21.200,20.560,20.020,6935152,143506576
2015-08-14,24.200,25.320,25.320,23.600,20503066,509970496
2015-08-13,21.150,23.020,23.020,21.000,25581724,573093824
2015-08-12,18.900,20.930,20.930,18.020,38001272,775910272
2015-08-11,19.030,19.030,19.030,18.710,9994723,190090576
2015-08-10,17.300,17.300,17.300,17.250,3833758,66323868
2015-08-07,14.860,15.880,15.730,14.850,11354514,174668336
2015-08-06,14.000,15.030,14.750,13.890,9788841,144012256
2015-08-05,14.490,14.920,14.390,14.140,8399416,122113024
2015-08-04,13.450,14.560,14.500,13.450,9137629,128673096
2015-08-03,14.750,14.750,13.390,13.370,10251698,140820592
2015-07-31,15.020,15.560,14.860,14.600,8225296,124189344
2015-07-30,16.000,16.670,15.640,15.500,9712097,157808144
2015-07-29,15.830,16.340,16.270,14.710,7580588,118603904
2015-07-28,15.060,16.600,15.500,15.050,7707459,121159512
2015-07-27,17.600,18.240,16.250,16.250,8693581,150664352
2015-07-24,18.530,18.820,18.060,17.850,12413565,227891376
2015-07-23,17.460,19.110,18.530,17.170,12304476,226054816
2015-07-22,16.930,18.290,17.750,16.480,10427413,180004032
2015-07-21,16.950,17.320,16.960,16.500,8857957,150471632
2015-07-20,16.800,17.630,17.240,16.450,12244531,208270416
2015-07-17,15.260,16.620,16.620,15.010,12404202,199408096
2015-07-16,13.800,15.980,15.110,13.500,12559187,186937408
2015-07-15,16.000,16.550,15.000,15.000,9263158,144100816
2015-07-14,16.490,16.670,16.670,15.690,17853798,293044256
2015-07-13,15.150,15.150,15.150,14.890,9113694,137976592
2015-07-10,13.150,13.770,13.770,13.150,5260106,71966752
2015-07-09,10.650,12.520,12.520,10.650,17322408,211415168
2015-07-08,11.380,11.850,11.380,11.380,11087516,126480776
2015-07-07,13.100,13.100,12.640,12.640,5589500,71091648
2015-07-06,17.020,17.020,14.040,13.920,13885861,206876144
2015-07-03,16.170,17.080,15.470,15.470,6912065,108706096
2015-07-02,18.380,18.750,17.190,17.190,8070630,142489616
2015-07-01,20.830,21.660,19.100,19.090,7058767,146884064
2015-08-17,26.080,27.850,27.850,25.500,29355420,790132096
2015-08-18,29.000,29.190,25.070,25.070,32871500,860830336
2015-08-20,26.200,26.680,24.770,24.770,33682284,852351168
2015-08-19,23.110,27.580,27.520,22.560,48921712,1239940480
2015-09-14,19.200,20.130,17.760,17.010,28582496,545803904
2015-09-11,17.080,18.600,18.300,16.850,17423194,305474848
2015-09-10,17.640,18.650,17.430,17.050,22445448,402803296
2015-09-09,16.080,17.690,17.690,15.820,23890162,402706464
2015-09-08,14.950,16.400,16.080,14.110,18557650,279231776
2015-09-07,16.700,17.680,15.420,15.330,18571312,309255392
2015-09-02,16.550,19.080,16.550,16.550,17533692,300122048
2015-09-01,19.800,20.290,18.390,18.390,13656046,258197744
2015-08-31,20.390,22.220,20.430,20.000,27182138,574981504
2015-08-28,18.790,20.390,20.390,18.000,27432748,533318080
2015-08-27,18.700,19.210,18.540,16.450,25814704,467634240
2015-08-26,18.210,19.800,18.280,17.010,32550558,607884608
2015-08-25,18.340,20.700,18.050,18.050,26073848,497151808
2015-08-24,20.300,21.510,20.060,20.060,19033086,386943584
2015-08-21,22.620,24.000,22.290,22.290,21923824,498384512
2015-09-30,17.100,17.370,16.710,16.610,6606367,111484896
2015-09-29,17.280,17.280,16.690,16.650,9333110,157985728
2015-09-28,17.110,17.900,17.700,16.310,12450844,214768784
2015-09-25,18.450,19.330,17.370,17.010,21651980,395464928
2015-09-24,17.300,18.880,18.810,17.110,19197254,345375232
2015-09-23,17.600,17.880,17.250,17.170,13863946,241178736
2015-09-22,17.710,18.650,18.040,17.550,16670733,301786432
2015-09-21,16.860,17.820,17.660,16.700,15345104,268208288
2015-09-18,17.300,17.700,17.230,16.630,14138673,242485936
2015-09-17,17.550,19.180,16.970,16.600,23897512,425016864
2015-09-16,15.860,17.580,17.580,15.010,19272764,316041856
2015-09-15,16.380,17.150,15.980,15.980,15024790,245656160
2015-10-12,18.020,19.230,18.690,18.010,14932671,278879264
2015-10-09,17.800,18.360,17.970,17.630,13644396,246634624
2015-10-08,17.550,18.120,17.990,17.120,12336230,216825088
2015-11-20,20.070,20.200,19.900,19.670,7471263,148566096
2015-11-19,19.500,20.140,20.020,19.500,5832720,115239912
2015-11-18,19.930,20.250,19.860,19.710,7480584,149736000
2015-11-17,20.660,20.990,20.030,19.990,10829271,222037840
2015-11-16,20.110,20.480,20.460,19.810,10105819,204072672
2015-11-13,20.400,22.000,20.680,19.780,20214608,421416768
2015-11-12,20.180,21.240,20.720,20.000,18689480,384089696
2015-11-11,19.800,20.250,20.180,19.800,10356128,207322016
2015-11-10,20.010,20.290,19.860,19.550,12917212,257341856
2015-11-09,19.260,20.530,20.260,18.800,17066184,337160768
2015-11-06,19.370,19.560,19.520,19.230,11065598,214841760
2015-11-05,19.290,20.220,19.280,18.900,15792211,308449312
2015-11-04,17.940,19.360,19.300,17.940,11849051,220747312
2015-11-03,18.620,18.880,17.920,17.360,10461999,187758128
2015-11-02,19.100,19.600,18.610,18.500,7446008,142251008
2015-10-30,20.020,20.030,19.430,19.150,8444902,164931104
2015-10-29,19.840,20.480,20.040,19.610,11578064,233470496
2015-10-28,19.860,20.500,19.560,19.460,10277472,206119536
2015-10-27,20.150,20.380,20.000,18.890,11694137,230722288
2015-10-26,20.300,20.600,20.380,19.600,14776254,298312256
2015-10-23,20.600,20.600,20.090,19.510,17290204,346302272
2015-10-22,19.190,20.950,20.190,18.780,19112452,379544128
2015-10-21,22.300,22.310,19.630,19.630,16525118,345591904
2015-10-20,21.900,22.200,21.810,21.250,13456326,291717408
2015-10-19,21.890,23.000,22.430,21.200,22615460,497927840
2015-10-16,21.850,22.940,22.110,21.130,26013480,573509312
2015-10-15,19.770,21.700,21.190,19.770,19880124,414265248
2015-10-14,21.000,21.560,19.730,19.650,21035316,430488288
2015-10-13,18.450,20.560,20.560,18.300,19727432,386762144
