#date, start price, highest price, close price, lowest price, deal number, deal amount
2015-03-31,7.670,7.700,7.470,7.430,34338156,258645776
2015-03-30,7.450,7.650,7.620,7.450,44043336,334045344
2015-03-27,7.260,7.480,7.380,7.260,23799560,175924064
2015-03-26,7.280,7.410,7.310,7.180,29272416,213927792
2015-03-25,7.490,7.490,7.330,7.250,38905184,285185376
2015-03-24,7.680,7.720,7.490,7.120,48122552,359591296
2015-03-23,7.690,7.760,7.720,7.600,32232106,247605072
2015-03-20,7.660,7.700,7.670,7.500,22963688,174894512
2015-03-19,7.670,7.830,7.660,7.510,31261808,239182144
2015-03-18,7.520,7.700,7.670,7.470,43471736,329927360
2015-03-17,7.450,7.550,7.450,7.350,34923376,259677696
2015-03-16,7.180,7.430,7.420,7.120,31285540,227781232
2015-03-13,7.190,7.300,7.140,7.020,26429548,188216544
2015-03-12,7.360,7.490,7.230,7.140,34554940,251334160
2015-03-11,7.090,7.550,7.360,7.050,42429140,307839968
2015-03-10,6.940,7.210,7.120,6.900,26568276,189010336
2015-03-09,6.960,7.090,6.970,6.830,26815844,187281440
2015-03-06,6.800,7.250,6.970,6.750,52281180,369599520
2015-03-05,6.600,6.850,6.850,6.520,31594130,211877712
2015-03-04,6.540,6.750,6.640,6.540,26210518,174591248
2015-03-03,6.810,6.810,6.540,6.510,40135440,267761296
2015-03-02,6.800,6.880,6.800,6.670,34515832,232499360
2015-02-27,6.720,6.820,6.790,6.520,40122656,268378880
2015-02-26,6.410,6.890,6.750,6.400,65207056,439039776
2015-02-25,6.280,6.620,6.450,6.240,48962424,315547136
2015-02-17,6.150,6.350,6.310,6.130,42597872,266784960
2015-02-16,6.120,6.230,6.130,6.100,25670740,158255872
2015-02-13,6.160,6.240,6.110,6.090,29831488,183390192
2015-02-12,5.960,6.180,6.130,5.870,32286820,194700576
2015-02-11,6.060,6.070,5.960,5.910,16866900,100776528
2015-02-10,5.980,6.110,6.080,5.950,17528442,105866688
2015-02-09,5.910,6.040,5.980,5.880,14046324,83849984
2015-02-06,5.940,6.020,5.900,5.870,21031628,124505072
2015-02-05,6.130,6.230,6.030,6.030,44613944,273780448
2015-02-04,5.900,6.360,6.200,5.830,53986484,329130880
2015-02-03,5.880,5.930,5.900,5.810,19762260,115880880
2015-02-02,5.950,5.960,5.840,5.790,27228932,159757632
2015-01-30,6.040,6.200,6.060,6.020,35655872,217333360
2015-01-29,6.100,6.180,6.020,6.000,41404256,251674496
2015-01-28,6.000,6.580,6.240,5.940,79592048,495351648
2015-01-27,5.800,6.130,6.060,5.790,74388432,442817632
2015-01-26,5.670,5.840,5.800,5.630,23298846,133650968
2015-01-23,5.780,5.850,5.730,5.720,27478652,159035760
2015-01-22,5.760,5.830,5.770,5.710,25740108,148421888
2015-01-21,5.600,5.800,5.780,5.590,31696276,180977248
2015-01-20,5.600,5.750,5.660,5.510,27445648,154239776
2015-01-19,5.800,5.890,5.580,5.500,36936752,209768496
2015-01-16,5.770,5.920,5.860,5.640,28465872,164557120
2015-01-15,5.740,5.790,5.780,5.630,20944512,119936208
2015-01-14,5.600,5.880,5.710,5.600,32970634,189553440
2015-01-13,5.430,5.600,5.520,5.430,13690212,75700848
2015-01-12,5.570,5.620,5.430,5.400,19452092,106806496
2015-01-09,5.640,5.750,5.630,5.610,18398220,104525888
2015-01-08,5.840,5.850,5.680,5.650,27508596,157163712
2015-01-07,5.930,5.970,5.860,5.810,30370568,178485008
2015-01-06,5.880,6.220,6.000,5.780,50994720,305997792
2015-01-05,5.850,5.950,5.920,5.810,42687124,251835536
2015-06-30,10.900,11.670,11.620,9.780,36811912,392858944
2015-06-29,12.500,12.500,10.950,10.750,41748208,472815680
2015-06-26,12.780,12.780,11.940,11.940,27514384,335370944
2015-06-25,13.200,13.980,13.270,12.800,39325328,530036064
2015-06-24,13.170,13.400,13.180,12.510,26934662,352289408
2015-06-23,12.900,13.300,12.860,11.870,29573312,368566528
2015-06-19,14.340,14.340,13.190,13.190,33588080,458041664
2015-06-18,15.100,15.600,14.660,14.500,32175148,487103904
2015-06-17,15.200,15.600,15.060,14.000,38712764,569614976
2015-06-16,15.600,15.970,15.270,14.980,41900888,649078528
2015-06-15,14.810,16.100,15.600,14.810,55031800,851582208
2015-06-12,13.720,15.160,14.740,13.710,52418152,755424256
2015-06-11,14.000,14.100,13.790,13.710,31758858,440316352
2015-06-10,13.240,14.200,14.050,13.020,45741316,634422464
2015-06-09,13.210,13.700,13.390,13.090,35454996,474498400
2015-06-08,13.500,13.960,13.480,13.020,48640992,651618304
2015-06-05,13.670,14.250,13.500,13.180,51445656,707113152
2015-06-04,12.950,13.630,13.590,12.560,67742032,882777728
2015-06-03,13.050,13.780,13.140,12.300,69508992,885196672
2015-06-02,13.220,13.310,13.090,12.720,65044272,846656064
2015-06-01,12.450,13.500,13.200,12.130,71118016,916417088
2015-05-29,12.860,13.050,12.430,11.560,104592904,1294861184
2015-05-28,11.960,13.160,12.840,11.960,154725232,1997728128
2015-05-27,10.980,11.960,11.960,10.480,120515544,1387956608
2015-05-26,10.220,10.900,10.870,10.220,73728016,778977408
2015-05-25,9.720,10.460,10.220,9.620,72860144,736888000
2015-05-22,10.000,10.100,9.730,9.500,62059456,603523584
2015-05-21,9.410,9.900,9.800,9.390,53899444,519147104
2015-05-20,9.300,9.480,9.300,9.140,43904336,411616032
2015-05-19,8.770,9.200,9.120,8.770,31456372,285505568
2015-05-18,8.810,9.030,8.760,8.690,21762446,193263504
2015-05-15,9.120,9.160,8.850,8.760,22513766,200127136
2015-05-14,9.100,9.260,9.090,8.920,28871486,261938208
2015-05-13,9.150,9.270,9.090,9.000,22127520,201850336
2015-05-12,9.300,9.380,9.200,9.030,31808116,292085024
2015-05-11,8.740,9.400,9.260,8.730,35789024,326718816
2015-05-08,8.250,8.630,8.620,8.160,29785576,248821376
2015-05-07,8.400,8.580,8.030,8.000,27690444,226907408
2015-05-06,8.970,9.180,8.470,8.300,28454140,251177536
2015-05-05,9.310,9.460,8.990,8.950,28486616,263503312
2015-05-04,9.370,9.540,9.310,9.110,30728452,286024480
2015-04-30,9.480,9.590,9.370,9.350,21680228,204825024
2015-04-29,9.250,9.500,9.460,9.150,24725118,232521904
2015-04-28,9.850,9.850,9.340,9.170,61262156,576867264
2015-04-27,9.920,10.180,9.860,9.710,33673128,333362880
2015-04-24,9.850,9.950,9.790,9.520,35332096,344465440
2015-04-23,10.220,10.330,10.060,9.920,36980992,372192832
2015-04-22,9.850,10.300,10.220,9.850,55673712,560133120
2015-04-21,9.540,9.840,9.820,9.450,32869668,316066560
2015-04-20,9.760,10.040,9.540,9.350,58540288,568644608
2015-04-17,9.880,10.150,9.840,9.640,58994952,581220864
2015-04-16,9.760,10.230,9.860,9.300,45612732,448799424
2015-04-15,10.300,10.910,9.900,9.880,70148520,721228544
2015-04-14,9.550,10.380,10.370,9.530,71013832,714995008
2015-04-13,8.530,9.480,9.470,8.530,57749628,526753568
2015-04-10,8.340,8.750,8.630,8.200,40611348,348532832
2015-04-09,8.490,8.600,8.350,8.050,45660132,378278976
2015-04-08,8.550,8.860,8.470,8.300,67711496,580808384
2015-04-07,7.850,8.590,8.460,7.850,64410924,535403584
2015-04-03,7.600,7.950,7.830,7.490,58612232,457847232
2015-04-02,7.550,7.650,7.640,7.500,42088116,319406688
2015-04-01,7.470,7.550,7.530,7.430,25967942,194534256
2015-08-14,11.090,12.050,11.590,11.090,41244356,480408448
2015-08-13,10.500,11.060,11.040,10.400,31319622,340127392
2015-08-12,10.100,10.820,10.510,10.030,31315372,331134816
2015-08-11,10.010,10.590,10.300,10.010,32161458,331761056
2015-08-10,9.720,10.480,10.300,9.580,54501260,546038080
2015-08-07,9.210,9.920,9.680,9.210,46803476,451395456
2015-08-06,8.150,9.100,9.060,7.970,46201724,407188992
2015-08-05,8.380,8.640,8.310,8.270,26051160,219779648
2015-08-04,7.590,8.300,8.290,7.590,20135344,161096480
2015-08-03,8.000,8.120,7.610,7.430,16671459,129469280
2015-07-31,8.190,8.600,8.050,7.900,19023636,154784368
2015-07-30,8.500,8.710,8.270,8.150,23943396,204762240
2015-07-29,8.220,8.580,8.530,7.860,24010342,196371808
2015-07-28,7.880,8.700,8.030,7.700,31071340,251367872
2015-07-27,9.200,9.560,8.560,8.560,30009690,272030048
2015-07-24,9.710,9.950,9.510,9.310,39719312,386569280
2015-07-23,9.500,9.800,9.690,9.330,34387108,330637280
2015-07-22,9.650,9.770,9.530,8.990,51200468,483398592
2015-07-21,8.860,9.830,9.610,8.550,49320928,463873824
2015-07-20,8.710,9.600,8.950,8.600,38022480,341807936
2015-07-17,8.210,8.790,8.730,8.100,47427740,407775040
2015-07-16,7.180,8.250,7.990,7.180,31222904,244551152
2015-07-15,8.350,8.630,7.890,7.890,41049728,333797760
2015-07-14,8.500,9.230,8.770,8.280,68295976,600100736
2015-07-13,8.500,8.540,8.540,7.960,66563088,557551296
2015-07-10,7.270,7.760,7.760,7.270,34461904,264645120
2015-07-09,5.770,7.050,7.050,5.770,65334968,422070336
2015-07-08,6.410,6.410,6.410,6.410,1899600,12176436
2015-07-07,7.400,7.400,7.120,7.120,17981960,128661136
2015-07-06,9.670,9.670,7.910,7.910,49112680,413856896
2015-07-03,9.000,9.890,8.790,8.790,29976248,270261664
2015-07-02,10.860,11.200,9.770,9.770,40090068,407285312
2015-07-01,11.690,12.230,10.850,10.570,36986384,435711168
2015-08-17,11.660,11.990,11.790,11.200,35645144,414455584
2015-08-18,11.690,11.820,10.650,10.610,49145136,546312576
2015-08-20,11.010,12.330,11.890,11.010,51462480,605411072
2015-08-19,10.240,11.650,11.300,10.060,40670028,440349728
2015-08-31,10.010,10.650,10.540,9.820,22290888,230082224
2015-08-28,9.390,10.190,10.150,9.270,43386424,419615168
2015-08-27,8.500,9.310,9.270,8.310,50097592,447015456
2015-08-26,8.810,10.000,8.810,8.810,74141808,671038592
2015-08-25,9.790,9.790,9.790,9.790,3711000,36330688
2015-08-24,11.100,11.480,10.880,10.880,17012156,186861104
2015-08-21,11.530,12.460,12.090,11.320,58705048,703205824
