#date, start price, highest price, close price, lowest price, deal number, deal amount
2015-03-31,11.940,11.980,11.660,11.610,26657964,315068352
2015-03-30,11.830,11.940,11.900,11.780,23325688,276675232
2015-03-27,11.900,11.960,11.820,11.720,22748140,269517280
2015-03-26,11.570,12.200,11.950,11.450,42795324,504830272
2015-03-25,11.410,11.680,11.620,11.380,38598024,447749920
2015-03-24,11.680,11.680,11.430,11.110,40496928,464195040
2015-03-23,11.790,11.830,11.700,11.500,36597232,426326976
2015-03-20,11.240,11.700,11.630,11.170,38687320,442660128
2015-03-19,11.350,11.360,11.240,11.110,25291804,283760992
2015-03-18,11.100,11.370,11.340,10.990,29792848,335130464
2015-03-17,10.910,11.270,11.080,10.830,34777260,385729568
2015-03-16,10.810,10.920,10.880,10.720,24087272,260962688
2015-03-13,10.650,10.750,10.710,10.550,16200284,172750000
2015-03-12,10.540,10.730,10.640,10.430,18221932,193099600
2015-03-11,10.530,10.750,10.540,10.490,12987568,137627664
2015-03-10,10.610,10.680,10.530,10.510,11835943,125428416
2015-03-09,10.520,10.640,10.600,10.360,10381407,108805592
2015-03-06,10.690,10.770,10.560,10.520,12121384,128484424
2015-03-05,10.530,10.740,10.700,10.470,20789116,220366016
2015-03-04,10.280,10.680,10.620,10.250,25673316,269793120
2015-03-03,10.450,10.450,10.260,10.240,16037418,166004432
2015-03-02,10.390,10.490,10.480,10.270,18286814,189930416
2015-02-27,10.250,10.430,10.350,10.230,19333852,199779040
2015-02-26,10.000,10.240,10.230,9.990,11956191,121117456
2015-02-25,10.130,10.150,10.000,9.950,11816628,118243792
2015-02-17,10.350,10.370,10.130,10.010,21513064,218329616
2015-02-16,10.200,10.320,10.320,10.130,14127941,144481264
2015-02-13,10.140,10.390,10.180,10.100,16061358,164841120
2015-02-12,10.200,10.210,10.110,9.930,10589798,106572120
2015-02-11,10.190,10.260,10.210,10.030,8585123,87273632
2015-02-10,10.110,10.310,10.230,10.110,6713582,68646600
2015-02-09,9.910,10.170,10.090,9.910,7415365,74559240
2015-02-06,10.250,10.320,9.890,9.810,12201848,122759392
2015-02-05,10.650,10.700,10.260,10.250,11196331,117056480
2015-02-04,10.650,10.780,10.530,10.510,9206930,98037904
2015-02-03,10.650,10.790,10.700,10.420,13144796,138912496
2015-02-02,10.870,11.020,10.650,10.610,11954709,129058152
2015-01-30,10.980,11.150,11.050,10.930,16540872,182780112
2015-01-29,10.800,11.170,10.960,10.750,14091369,154934592
2015-01-28,10.960,11.050,10.880,10.820,9708042,106122192
2015-01-27,11.000,11.100,10.990,10.820,13986464,153416208
2015-01-26,10.820,11.030,11.010,10.680,13179236,143673568
2015-01-23,11.050,11.120,10.840,10.800,13700791,150032336
2015-01-22,11.090,11.090,11.060,10.930,12413817,136684880
2015-01-21,10.870,11.080,11.060,10.770,16679057,182280960
2015-01-20,10.350,10.880,10.860,10.320,19895992,211279552
2015-01-19,10.500,11.060,10.350,10.060,17849314,190262288
2015-01-16,11.080,11.150,11.110,10.910,14946199,164855056
2015-01-15,10.850,11.090,11.080,10.830,15966595,174197312
2015-01-14,11.180,11.260,10.870,10.750,20810264,227038528
2015-01-13,11.530,11.760,11.180,11.100,18653360,212509936
2015-01-12,11.700,11.990,11.510,11.400,18487460,215957824
2015-01-09,11.900,12.320,11.870,11.800,28438432,343571552
2015-01-08,11.900,12.400,12.020,11.620,24937976,298394720
2015-01-07,12.100,12.480,11.980,11.850,24351392,295954112
2015-01-06,12.110,12.250,12.120,11.900,24903800,300760224
2015-01-05,11.670,12.320,12.250,11.450,37408356,450832128
2015-06-30,12.760,14.030,14.000,12.100,32286248,425499232
2015-06-29,13.270,13.500,12.920,11.980,33435000,430324736
2015-06-26,13.700,14.000,12.770,12.740,27279560,363532544
2015-06-25,14.840,14.990,14.160,13.820,30776180,451250336
2015-06-24,14.130,14.730,14.700,14.060,29861896,429634208
2015-06-23,13.590,14.090,14.060,12.620,24018160,324852000
2015-06-19,14.270,14.780,13.570,13.540,23129544,327059584
2015-06-18,15.250,15.640,14.820,14.800,23504268,359745152
2015-06-17,14.810,15.380,15.340,14.300,25370196,376952096
2015-06-16,15.910,15.920,14.910,14.800,32605656,499695712
2015-06-15,16.050,16.880,16.140,15.880,37910044,619968000
2015-06-12,15.720,16.660,16.110,15.710,48231116,779892800
2015-06-11,15.350,15.750,15.720,15.170,33180908,510770592
2015-06-10,14.900,15.620,15.330,14.700,37237824,570546624
2015-06-09,15.210,15.380,15.050,14.750,34708468,522524608
2015-06-08,14.760,15.660,15.370,14.650,57278020,862280832
2015-06-05,14.180,14.800,14.680,14.110,43345668,626293760
2015-06-04,14.330,14.370,14.050,13.200,31802616,440300480
2015-06-03,14.760,14.800,14.240,14.050,35676724,514033664
2015-06-02,14.550,14.940,14.710,14.270,47321024,691260352
2015-06-01,14.120,14.700,14.630,13.720,55380592,790247488
2015-05-29,14.020,14.580,14.000,13.560,53869752,762951936
2015-05-28,14.120,14.670,13.880,13.800,61325664,873788480
2015-05-27,13.300,14.700,14.140,13.080,62160960,864561856
2015-05-26,13.180,13.450,13.370,12.910,40937284,540889344
2015-05-25,12.800,13.230,13.140,12.710,36296300,472212320
2015-05-22,12.650,12.820,12.800,12.460,31482292,398112544
2015-05-21,12.200,12.560,12.540,12.190,23722432,293486112
2015-05-20,12.200,12.430,12.230,12.150,24880004,305665184
2015-05-19,11.810,12.280,12.200,11.810,20759352,250568080
2015-05-18,11.750,11.930,11.870,11.750,14777306,175425008
2015-05-15,11.950,12.170,11.850,11.710,19257292,230587024
2015-05-14,12.010,12.130,11.930,11.850,14079090,168408288
2015-05-13,12.150,12.160,12.050,11.850,15720234,189729520
2015-05-12,12.140,12.280,12.200,12.010,18608380,226217648
2015-05-11,12.000,12.200,12.150,11.900,18723138,225857520
2015-05-08,11.830,12.000,11.990,11.750,14243911,169126272
2015-05-07,11.670,11.780,11.740,11.560,15371054,179732848
2015-05-06,11.930,12.130,11.680,11.510,18246792,216760512
2015-05-05,12.610,12.670,11.930,11.830,20947742,256158032
2015-05-04,12.440,12.640,12.590,12.360,17826044,223248528
2015-04-30,12.780,12.860,12.470,12.430,23790676,300053184
2015-04-29,12.760,12.920,12.790,12.650,19605248,251024448
2015-04-28,13.000,13.030,12.690,12.480,30201884,383413696
2015-04-27,13.040,13.300,13.110,12.850,30224408,394835744
2015-04-24,12.880,13.330,13.030,12.750,35874104,469864960
2015-04-23,13.150,13.280,13.090,12.740,43770648,569378112
2015-04-22,12.860,13.130,13.120,12.830,39168096,508849568
2015-04-21,12.350,12.930,12.820,12.350,33948428,431144864
2015-04-20,12.710,12.950,12.330,12.280,35375844,446357728
2015-04-17,13.000,13.080,12.870,12.740,36512064,470623360
2015-04-16,12.260,13.400,13.060,12.100,49360516,637316736
2015-04-15,12.850,12.930,12.390,12.370,31179412,393245088
2015-04-14,12.530,13.020,12.940,12.410,43318652,553400768
2015-04-13,12.410,12.740,12.540,12.260,35726572,446664480
2015-04-10,11.890,12.380,12.370,11.820,31766386,385836544
2015-04-09,12.360,12.450,11.950,11.700,32514196,390432512
2015-04-08,12.310,12.590,12.300,12.120,41697204,516028960
2015-04-07,12.060,12.330,12.300,12.020,40081012,488498784
2015-04-03,12.030,12.050,12.020,11.780,31708212,377702528
2015-04-02,11.960,12.200,12.050,11.900,31214458,376503040
2015-04-01,11.610,11.970,11.930,11.600,25518498,300871680
2015-08-14,11.230,11.500,11.350,11.230,12090975,137497440
2015-08-13,10.950,11.400,11.240,10.880,9994761,111274456
2015-08-12,11.040,11.300,10.900,10.850,10729257,118972280
2015-08-11,11.100,11.420,11.140,10.500,18814682,209698592
2015-08-10,10.510,11.380,11.160,10.510,20188672,220178080
2015-08-07,10.150,10.550,10.460,10.150,11227692,117073672
2015-08-06,10.050,10.280,10.110,10.020,7390049,75144328
2015-08-05,10.600,10.600,10.250,10.210,12176176,126681432
2015-08-04,10.330,10.610,10.590,10.120,18129330,188309760
2015-08-03,9.650,10.300,10.290,9.610,20311882,202007664
2015-07-31,9.500,9.880,9.810,9.460,14737145,143128816
2015-07-30,9.700,10.240,9.660,9.500,18922580,187170704
2015-07-29,9.340,9.730,9.680,9.070,12195713,114379064
2015-07-28,8.940,9.420,9.260,8.510,23316744,209624624
2015-07-27,9.970,10.280,9.260,9.260,19352032,191624896
2015-07-24,10.610,10.850,10.290,10.170,26076122,276767136
2015-07-23,10.380,10.710,10.700,10.180,22619612,237593120
2015-07-22,10.150,10.530,10.360,10.080,20129196,207886848
2015-07-21,9.900,10.280,10.220,9.790,18280380,184639136
2015-07-20,10.140,10.430,10.100,9.840,19729442,200154384
2015-07-17,9.750,10.380,10.200,9.680,16011705,160852160
2015-07-16,9.370,9.930,9.670,8.600,21288814,202953584
2015-07-15,10.130,10.280,9.370,9.370,23748184,231261664
2015-07-14,10.730,11.420,10.410,10.300,36546060,391357120
2015-07-13,10.150,10.930,10.930,10.150,36751732,388745088
2015-07-10,9.150,9.940,9.940,9.040,29751120,290848736
2015-07-09,7.400,9.040,9.040,7.400,29931436,257961472
2015-07-08,8.220,8.630,8.220,8.220,68537464,566515264
2015-07-07,9.700,9.700,9.130,9.130,12955338,118691584
2015-07-06,12.340,12.340,10.140,10.140,34872176,376026080
2015-07-03,12.000,12.310,11.270,11.270,21974768,253074688
2015-07-02,14.180,14.190,12.570,12.560,31490600,418011744
2015-07-01,14.060,14.750,13.960,13.720,39878804,570463680
2015-08-17,11.300,11.920,11.790,11.050,18606204,214921440
2015-08-18,11.880,11.890,10.610,10.610,21459032,242763312
2015-08-20,11.000,11.200,10.540,10.460,13938788,151262976
2015-08-19,10.260,11.150,11.110,10.200,16216074,173687504
2015-09-14,8.640,8.750,7.780,7.780,10606272,86399080
2015-09-11,8.580,8.730,8.640,8.430,5370088,46165000
2015-09-10,8.700,8.870,8.590,8.550,9235575,80539352
2015-09-09,8.570,8.990,8.860,8.460,15786390,137624064
2015-09-08,7.990,8.550,8.520,7.700,10235544,83719744
2015-09-07,8.200,8.690,8.040,7.890,10799120,89674216
2015-09-02,7.580,8.400,8.290,7.400,11140813,89840928
2015-09-01,8.410,8.420,7.980,7.820,9377349,75592624
2015-08-31,9.030,9.030,8.550,8.450,11054768,95869008
2015-08-28,8.680,9.240,9.100,8.580,13567771,120177976
2015-08-27,8.050,8.690,8.670,8.050,14678519,121726200
2015-08-26,7.940,8.340,7.910,7.610,14638844,117723616
2015-08-25,7.900,8.500,7.830,7.800,18166720,144634800
2015-08-24,9.140,9.350,8.670,8.670,10390408,91609904
2015-08-21,10.330,10.500,9.630,9.570,16703364,165952304
2015-09-30,7.940,8.050,7.940,7.920,3825702,30531880
2015-09-29,7.900,8.180,7.930,7.830,4443668,35587396
2015-09-28,7.910,8.040,8.010,7.820,3762446,29951544
2015-09-25,8.200,8.300,7.910,7.860,7350887,59031688
2015-09-24,8.090,8.270,8.260,8.030,7357964,59948032
2015-09-23,8.050,8.370,8.090,8.000,9635983,78662440
2015-09-22,8.200,8.330,8.230,8.090,8364904,68723576
2015-09-21,7.900,8.260,8.200,7.850,8640683,69977712
2015-09-18,8.040,8.150,7.960,7.800,5824514,46384220
2015-09-17,8.050,8.290,7.980,7.890,9520900,77582368
2015-09-16,7.580,8.270,8.160,7.530,7832785,61842032
2015-09-15,7.700,8.030,7.520,7.400,8224137,63658708
2015-10-12,8.460,8.850,8.740,8.380,11190918,97302480
2015-10-09,8.300,8.490,8.430,8.220,8212340,68761928
2015-10-08,8.200,8.420,8.340,8.080,8381092,69145976
2015-11-20,9.680,9.810,9.770,9.670,10363736,101002088
2015-11-19,9.580,9.740,9.730,9.560,7213361,69484848
2015-11-18,9.730,9.760,9.540,9.500,7688975,74133264
2015-11-17,9.730,9.830,9.720,9.680,14153879,138151712
2015-11-16,9.430,9.720,9.710,9.350,9591028,91932584
2015-11-13,9.700,9.780,9.500,9.460,13395277,128316992
2015-11-12,9.990,9.990,9.820,9.700,12506602,122799192
2015-11-11,9.780,10.090,9.990,9.650,18547186,183300896
2015-11-10,9.580,9.850,9.830,9.520,17976272,174966400
2015-11-09,9.730,9.820,9.640,9.500,25147200,243346016
2015-11-06,9.750,9.910,9.830,9.700,16293476,160224832
2015-11-05,9.650,9.860,9.850,9.550,21313082,207057072
2015-11-04,9.280,9.790,9.680,9.260,22414444,214674080
2015-11-03,9.340,9.430,9.300,9.170,15645525,145513488
2015-11-02,8.940,9.500,9.440,8.810,26712558,247646640
2015-10-30,9.070,9.160,8.990,8.830,8357941,75294960
2015-10-29,9.060,9.230,9.090,9.000,10737529,97824400
2015-10-28,9.170,9.190,9.080,8.930,13079754,118764864
2015-10-27,8.940,9.310,9.260,8.660,14629651,130501408
2015-10-26,9.000,9.030,9.020,8.800,11073455,98949264
2015-10-23,8.690,8.990,8.900,8.630,11857003,105064056
2015-10-22,8.420,8.690,8.640,8.400,7110159,60750440
2015-10-21,8.970,9.030,8.450,8.310,13933888,122108768
2015-10-20,8.860,9.030,9.010,8.780,9630916,85983296
2015-10-19,9.040,9.060,8.820,8.730,10411087,92558016
2015-10-16,9.060,9.100,9.060,8.810,12675580,113668240
2015-10-15,8.670,9.120,9.060,8.670,11966387,106257376
2015-10-14,8.780,8.950,8.730,8.690,9913313,87124976
2015-10-13,8.630,8.920,8.890,8.590,12642424,110494928
