#date, start price, highest price, close price, lowest price, deal number, deal amount
2015-03-31,14.080,14.350,14.200,13.860,8997849,127270576
2015-03-30,13.610,14.700,14.130,13.550,11817279,166639200
2015-03-27,13.560,13.760,13.650,13.450,4756195,64823272
2015-03-26,13.460,13.800,13.600,13.280,6381179,86284224
2015-03-25,13.800,13.800,13.550,13.280,8791855,118662304
2015-03-24,13.720,13.850,13.830,13.000,9284736,125754992
2015-03-23,13.750,13.870,13.710,13.600,10037839,137978416
2015-03-20,13.520,13.880,13.740,13.420,7839368,106819312
2015-03-19,14.000,14.000,13.530,13.390,15893387,216393920
2015-03-18,14.030,14.380,14.130,13.800,9037993,127260032
2015-03-17,14.100,14.450,14.140,13.960,12554879,177572208
2015-03-16,14.730,14.730,14.400,13.870,25433202,362285312
2015-03-13,12.310,13.390,13.390,12.310,10501935,138986016
2015-03-12,12.940,12.940,12.170,11.760,14213009,175264112
2015-03-10,11.410,11.870,11.760,11.300,3841479,44615696
2015-03-09,11.680,11.680,11.390,11.200,4335464,49154640
2015-03-06,11.680,11.830,11.690,11.610,2165647,25373648
2015-03-05,11.800,11.860,11.670,11.200,2997665,34913396
2015-03-04,11.610,11.960,11.780,11.610,4379306,51972880
2015-03-03,11.700,11.780,11.660,11.550,3587254,41828008
2015-03-02,11.780,11.950,11.850,11.370,5051466,58940380
2015-02-27,11.780,11.970,11.770,11.620,3032013,35637304
2015-02-26,11.990,12.240,11.780,11.720,3895612,46518856
2015-02-25,11.990,12.150,11.990,11.890,2730170,32746932
2015-02-17,11.870,12.090,11.950,11.720,4457666,53177688
2015-02-16,11.450,11.850,11.750,11.430,4491037,52618372
2015-02-13,11.650,11.780,11.490,11.340,5080772,58846936
2015-02-12,11.300,11.790,11.590,11.160,4874955,56122912
2015-02-11,10.850,11.730,11.430,10.760,4478220,50486184
2015-02-10,10.880,11.120,10.860,10.690,2990337,32561134
2015-02-09,11.180,11.300,10.950,10.850,3666741,40513888
2015-02-06,11.420,11.750,11.130,10.970,5968704,67750936
2015-02-05,11.400,12.040,11.540,11.280,10418617,122041320
2015-02-04,11.280,11.750,11.460,11.110,6866677,78740944
2015-02-03,11.390,11.540,11.280,11.060,8288703,93849024
2015-02-02,10.150,11.330,11.330,10.150,11403936,126666512
2015-01-30,10.090,10.460,10.300,9.920,4637272,47069704
2015-01-29,10.410,10.680,10.440,10.320,1679332,17613738
2015-01-28,10.680,10.680,10.440,10.340,2649720,27899300
2015-01-27,10.580,11.000,10.710,10.500,5068760,54657032
2015-01-26,10.470,10.550,10.490,10.360,3533521,36885796
2015-01-23,10.400,10.620,10.470,10.360,4282057,44943872
2015-01-22,10.110,10.580,10.480,10.000,5956650,61809728
2015-01-21,9.820,10.400,10.160,9.820,5526257,55606432
2015-01-20,9.640,9.780,9.780,9.510,2125613,20528276
2015-01-19,9.570,9.710,9.510,9.360,2925211,27862448
2015-01-16,9.680,9.730,9.660,9.550,1995604,19203872
2015-01-15,9.620,9.740,9.680,9.510,2711932,26136266
2015-01-14,9.820,9.830,9.670,9.650,1994130,19374936
2015-01-13,9.640,9.790,9.780,9.570,3099178,30050468
2015-01-12,9.450,9.650,9.640,9.300,3829706,36433304
2015-01-09,9.450,9.510,9.450,9.380,1394893,13177709
2015-01-08,9.360,9.580,9.420,9.320,829870,7831585
2015-01-07,9.590,9.620,9.500,9.450,1173674,11179041
2015-01-06,9.540,9.800,9.590,9.500,3304702,31931270
2015-01-05,9.510,9.590,9.540,9.300,2546616,24005754
2015-06-30,22.450,24.000,23.510,20.900,11249856,250012480
2015-06-29,26.300,26.800,23.220,23.220,9969440,238964720
2015-06-26,27.620,27.860,25.800,25.800,8879705,237197472
2015-06-25,28.000,30.000,28.670,27.700,14669880,423495136
2015-06-24,27.000,27.990,27.820,26.850,10122599,277758720
2015-06-23,26.620,27.000,26.790,23.700,11201133,284605408
2015-06-19,27.500,28.990,26.150,26.000,8998804,250492144
2015-06-18,28.300,29.320,28.410,28.000,7813582,224336448
2015-06-17,28.860,29.130,28.440,27.100,6482663,182887872
2015-06-16,28.200,29.460,28.750,27.650,7415327,211932336
2015-06-15,29.600,29.760,29.090,28.300,10470068,303722848
2015-06-12,28.690,31.500,29.490,28.300,12497816,370392896
2015-06-11,28.000,29.100,28.690,27.000,11019748,312359968
2015-06-10,28.100,28.740,28.370,26.860,10870861,300331072
2015-06-09,27.790,28.950,28.030,26.880,8097068,226001552
2015-06-08,29.500,29.500,27.820,27.500,11998496,338174976
2015-06-05,30.820,31.800,29.960,29.350,12946725,388544224
2015-06-04,31.900,31.900,30.530,28.750,11851914,357948480
2015-06-03,29.750,32.550,31.880,28.000,19952484,623473536
2015-06-02,27.000,29.590,29.590,26.800,14519287,407752992
2015-06-01,27.360,27.700,26.900,25.290,20048060,535413024
2015-05-29,22.810,25.230,25.230,22.500,22744096,548996544
2015-05-28,22.830,23.790,22.940,22.300,16475943,377282112
2015-05-27,23.400,23.550,22.830,22.670,11271673,259352048
2015-05-26,22.440,23.400,23.370,22.400,13963028,321658496
2015-05-25,22.800,22.800,22.440,22.150,14889016,333974048
2015-05-22,23.450,24.280,23.100,22.780,14779368,345794016
2015-05-21,22.530,23.600,23.130,22.360,10880801,249956176
2015-05-20,22.000,23.300,22.500,21.550,13797351,311387712
2015-05-19,20.120,21.730,21.540,19.800,13165937,275787520
2015-05-18,20.600,20.600,20.040,19.750,7985895,160443296
2015-05-15,20.900,20.960,20.540,20.360,7728643,159595312
2015-05-14,21.000,21.400,20.450,20.010,8328165,172540368
2015-05-13,20.600,21.480,21.000,20.450,11425235,241069760
2015-05-12,20.500,21.300,20.590,20.160,8080497,166422320
2015-05-11,19.430,20.880,20.570,19.290,9112894,184332304
2015-05-08,18.710,19.530,19.340,18.710,5289659,101803032
2015-05-07,19.980,19.980,18.780,18.650,5043728,96191104
2015-05-06,20.140,20.590,19.530,19.290,6894614,136000656
2015-05-05,20.840,21.470,20.260,19.500,12733414,262182912
2015-05-04,19.510,20.850,20.840,18.950,16094529,322659104
2015-04-30,18.400,19.980,19.320,18.390,10739342,206477296
2015-04-29,18.060,18.750,18.420,18.000,7887104,144942048
2015-04-28,19.400,19.490,18.060,17.960,11542699,216241024
2015-04-27,19.380,19.770,19.380,19.220,9516032,185157824
2015-04-24,19.490,19.700,19.380,18.800,11549729,221738304
2015-04-23,20.000,20.340,19.710,19.150,12772260,249743808
2015-04-22,19.360,19.970,19.580,18.900,13743263,267822464
2015-04-21,18.160,19.680,19.480,18.150,16261914,311778752
2015-04-20,19.800,19.900,18.950,18.950,21533980,414453088
2015-04-17,21.030,22.700,21.060,21.030,30378692,650371584
2015-04-16,24.000,25.000,23.370,21.640,19197034,459596576
2015-04-15,20.780,24.040,24.040,20.010,22118940,483654016
2015-04-14,23.010,24.020,21.850,21.200,23570958,532172416
2015-04-13,20.030,21.840,21.840,20.030,11407908,244404096
2015-04-10,20.000,20.000,19.850,19.300,14609914,288745728
2015-04-09,18.190,19.950,19.730,18.190,22250202,436860864
2015-04-08,16.400,18.140,18.140,16.180,14448634,247799584
2015-04-07,16.670,16.680,16.490,16.070,11890002,194541904
2015-04-03,15.650,17.000,16.700,15.510,12440998,206447456
2015-04-02,15.690,16.080,15.660,15.330,13584940,213019408
2015-04-01,14.220,15.620,15.620,14.210,16141577,244917488
2015-08-14,29.560,31.400,29.990,29.210,8570517,257916496
2015-08-13,29.910,32.500,29.420,28.850,10920300,330863104
2015-08-12,27.240,30.500,30.180,27.010,9925707,291006304
2015-08-11,25.740,28.310,27.820,25.700,10259154,284205984
2015-08-10,23.450,25.740,25.740,23.450,7382361,185462112
2015-08-07,22.700,23.440,23.400,22.500,7808793,179712800
2015-08-06,21.200,23.000,22.230,20.520,9605288,211909344
2015-08-05,20.740,22.150,21.240,20.360,16422680,351764352
2015-08-04,18.300,20.140,20.140,18.300,5552131,108402512
2015-08-03,19.000,19.180,18.310,17.900,6241396,117726040
2015-07-31,19.000,19.990,19.100,18.660,7964565,154629616
2015-07-30,19.790,20.370,19.800,19.500,11577074,229095136
2015-07-29,19.140,20.500,20.150,18.870,16691673,329947616
2015-07-28,16.290,19.840,19.150,16.250,17688222,304112416
2015-07-27,18.500,19.790,18.050,18.050,21203326,401383456
2015-07-24,20.060,20.060,20.060,20.060,17601358,353083232
2015-07-23,18.240,18.240,18.240,18.240,173102,3157380
2015-07-22,16.580,16.580,16.580,16.580,77252,1280838
2015-07-08,12.500,15.280,15.070,12.500,30390174,421935776
2015-07-07,13.890,13.890,13.890,13.890,1754000,24363060
2015-07-06,18.600,18.600,15.430,15.430,8152206,135248448
2015-07-03,17.190,18.400,17.140,17.140,8222068,142348480
2015-07-02,20.060,21.010,19.040,19.040,8808267,174507104
2015-07-01,23.530,24.290,21.160,21.160,7988484,184564880
2015-08-17,30.300,32.990,30.020,29.450,15575452,480816256
2015-08-18,29.200,30.760,28.350,27.510,12758259,376252960
2015-08-20,30.260,33.090,30.270,28.550,22063366,682014336
2015-08-19,27.510,31.190,31.190,27.510,9576048,285533888
2015-08-25,25.100,28.940,28.200,25.100,10980994,307205248
2015-08-24,28.000,30.830,27.810,27.600,15668749,457130208
2015-08-21,29.200,31.500,30.070,28.880,16911272,509421024
2015-11-20,13.650,13.650,13.650,13.650,43408,592519
2015-11-19,12.410,12.410,12.410,12.410,130052,1613945
