#date, start price, highest price, close price, lowest price, deal number, deal amount
2015-03-31,26.500,27.360,25.540,25.490,216563328,5715430912
2015-03-30,25.650,26.450,26.120,25.400,133487432,3464016384
2015-03-27,25.590,26.080,25.650,25.460,93552160,2410115840
2015-03-26,25.650,26.630,25.600,25.010,135094336,3485176064
2015-03-25,26.200,27.150,25.820,25.680,161760896,4250282496
2015-03-24,27.270,27.370,26.350,25.650,192558432,5113102336
2015-03-23,25.880,27.400,27.050,25.580,224681360,5991773184
2015-03-20,24.720,26.820,25.790,23.850,285205312,7185566208
2015-03-19,23.220,24.680,24.410,23.110,263029712,6302736896
2015-03-18,23.400,24.000,23.320,22.860,218040160,5093715456
2015-03-17,23.690,24.200,23.470,23.100,233460528,5516499456
2015-03-16,22.680,23.500,23.150,22.100,203615664,4640498176
2015-03-13,23.300,23.800,22.680,22.220,192361696,4418202624
2015-03-12,22.600,23.260,22.910,22.170,218966272,4975982592
2015-03-11,21.220,22.890,22.660,21.200,281353504,6296543232
2015-03-10,20.140,22.060,21.080,20.010,174627296,3672221952
2015-03-09,19.800,20.400,20.160,19.200,172604768,3414070528
2015-03-06,21.510,21.860,20.930,20.810,147369552,3145250816
2015-03-05,20.750,22.280,21.800,20.500,264823152,5721472512
2015-03-04,21.230,21.370,20.610,20.120,167254128,3448302336
2015-03-03,20.990,21.650,21.130,20.820,207115056,4391636992
2015-03-02,21.660,22.520,21.020,20.910,316494912,6845766656
2015-02-27,20.400,21.710,21.000,20.200,349893472,7321480192
2015-02-26,17.830,19.790,19.790,17.780,187160368,3572279296
2015-02-25,17.690,18.600,17.990,17.470,115933928,2103986432
2015-02-17,17.420,17.900,17.590,17.420,64430872,1139744768
2015-02-16,17.410,17.490,17.390,17.180,54195328,940677376
2015-02-13,17.520,17.700,17.410,17.380,66582576,1167298304
2015-02-12,17.450,17.570,17.400,17.120,56778332,986435904
2015-02-11,17.550,17.630,17.540,17.330,50798104,888029696
2015-02-10,17.380,17.750,17.500,17.250,82126656,1436277376
2015-02-09,16.720,17.800,17.430,16.670,126050016,2179427328
2015-02-06,16.570,16.990,16.730,16.410,55315728,925312768
2015-02-05,17.190,17.300,16.670,16.500,83294424,1409910144
2015-02-04,16.770,17.090,16.600,16.500,65409652,1100099712
2015-02-03,16.490,16.780,16.720,16.230,71310352,1175615872
2015-02-02,16.090,16.600,16.190,15.810,52570452,848828032
2015-01-30,16.720,16.940,16.560,16.500,47606492,794442112
2015-01-29,16.800,16.980,16.620,16.500,63337404,1060100992
2015-01-28,17.040,17.450,17.150,16.930,81029576,1396933632
2015-01-27,17.200,17.350,17.050,16.700,71936808,1225825280
2015-01-26,17.400,17.500,17.230,17.040,68092712,1172650112
2015-01-23,17.210,18.000,17.370,17.210,114445456,2014243200
2015-01-22,17.200,17.270,17.130,16.720,96911392,1650416256
2015-01-21,16.270,17.340,17.100,16.270,155657696,2607417088
2015-01-20,16.020,16.660,16.060,15.650,180070672,2900218624
2015-01-19,17.070,17.270,17.070,17.070,78350600,1338383616
2015-01-16,19.180,19.290,18.970,18.770,87503808,1661289984
2015-01-15,18.690,19.250,19.190,18.460,111622936,2114277888
2015-01-14,18.800,19.090,18.780,18.550,71173872,1339751296
2015-01-13,18.800,19.100,18.830,18.450,81036400,1525541888
2015-01-12,18.750,19.080,18.620,18.340,97005440,1816460672
2015-01-09,18.670,19.320,18.680,18.550,122551600,2321194496
2015-01-08,19.470,19.550,18.800,18.570,117024992,2208987904
2015-01-07,18.980,20.150,19.450,18.900,149377312,2925390080
2015-01-06,19.000,19.470,19.050,18.580,137361312,2611415808
2015-01-05,20.000,20.010,19.450,18.800,158434976,3068777472
2015-06-30,21.950,24.780,24.400,20.670,211012608,4753743872
2015-06-29,25.570,25.570,22.970,22.970,176959312,4174520832
2015-06-26,26.990,26.990,25.520,25.520,126319968,3296052992
2015-06-25,28.990,30.990,28.360,28.360,177078656,5156533248
2015-06-12,31.800,32.220,31.510,31.220,92336144,2924712192
2015-06-11,31.470,32.330,31.830,30.720,111914528,3532530176
2015-06-10,31.550,32.080,31.550,30.510,117671000,3675408128
2015-06-09,33.580,33.800,31.950,31.570,117971928,3842319360
2015-06-08,31.800,33.500,33.230,31.100,178121520,5767720448
2015-06-05,33.200,33.980,31.700,30.900,196595264,6322865664
2015-06-04,30.030,32.500,32.410,28.610,239087504,7364163584
2015-06-03,28.600,30.490,29.680,28.600,194750320,5755701248
2015-06-02,28.250,28.350,28.250,27.550,106534280,2978929664
2015-06-01,27.000,28.600,28.250,26.300,137478416,3772857600
2015-05-29,28.010,28.300,26.800,26.300,136066960,3712093952
2015-05-28,30.490,30.770,27.350,27.220,176057920,5130603520
2015-05-27,30.750,30.950,30.240,30.200,120182792,3666432256
2015-05-26,30.390,31.160,30.670,29.500,164687008,4969392640
2015-05-25,30.100,31.820,30.410,29.910,191450720,5908122112
2015-05-22,28.830,30.650,29.900,28.310,207165920,6154716672
2015-05-21,27.480,28.820,28.200,27.470,123434520,3460153344
2015-05-20,28.290,28.320,27.800,27.480,164049296,4565026816
2015-05-19,26.530,29.370,28.370,26.450,278600448,7927045632
2015-05-18,27.000,27.740,26.700,26.660,118070432,3198623488
2015-05-15,28.370,29.060,27.790,27.700,185207520,5251929088
2015-05-14,27.800,29.120,28.430,27.020,249295920,7044887040
2015-05-13,27.650,27.880,27.610,26.950,216370592,5916453376
2015-05-12,26.000,28.590,28.110,25.800,357197248,9963446272
2015-05-11,25.650,26.000,25.990,25.010,137952960,3534223872
2015-05-08,25.420,25.750,25.320,24.500,94867488,2378371840
2015-05-07,24.500,25.490,25.080,24.400,106695672,2684153600
2015-05-06,24.520,26.200,24.990,24.150,166600000,4202267648
2015-05-05,24.400,25.200,24.010,23.600,88021400,2166434816
2015-05-04,24.900,24.990,24.540,24.400,64776084,1590903040
2015-04-30,25.080,25.230,24.900,24.800,74012952,1849401984
2015-04-29,24.910,25.270,24.990,24.800,68348680,1710769536
2015-04-28,25.490,25.670,24.880,24.810,106149744,2675241984
2015-04-27,25.310,25.800,25.480,25.150,105695920,2694089472
2015-04-24,25.820,25.990,25.310,24.740,124740544,3167821824
2015-04-23,27.180,27.180,26.220,26.000,161254960,4275775744
2015-04-22,25.550,27.180,26.900,25.510,216467760,5680408064
2015-04-21,24.530,25.850,25.590,24.400,127521768,3229974272
2015-04-20,26.070,26.100,24.630,24.580,156601632,3965305856
2015-04-17,26.300,26.700,26.070,25.630,138573648,3632456192
2015-04-16,25.690,26.660,26.140,25.310,130391088,3377253632
2015-04-15,27.970,27.970,26.170,26.100,135560864,3693891584
2015-04-14,27.290,28.080,27.970,26.800,208528064,5721231360
2015-04-13,27.700,27.950,27.340,26.470,204256208,5561766912
2015-04-10,26.160,26.500,26.360,25.560,157365376,4098512128
2015-04-09,27.600,29.060,26.610,26.500,252438000,6993406464
2015-04-08,26.020,27.760,27.160,25.830,279255680,7501471232
2015-04-07,25.950,26.100,25.990,25.380,168739264,4358467584
2015-04-03,25.060,25.780,25.500,24.800,146881776,3736098816
2015-04-02,25.800,25.880,25.200,24.910,148343744,3751511552
2015-04-01,25.250,26.000,25.720,25.100,156981104,4003468544
2015-08-14,17.980,18.230,18.040,17.680,116567304,2090673024
2015-08-13,17.490,17.840,17.680,17.070,71688096,1254604672
2015-08-12,17.300,18.100,17.430,17.200,90675704,1600721408
2015-08-11,17.680,17.930,17.570,17.390,101933760,1798287104
2015-08-10,16.800,17.970,17.800,16.560,135769472,2357035264
2015-08-07,16.380,16.800,16.560,16.280,61823240,1021770432
2015-08-06,16.260,16.570,16.210,16.150,59716608,974208576
2015-08-05,16.870,17.300,16.680,16.620,75893800,1288759680
2015-08-04,16.320,17.040,17.000,16.210,78903696,1315039488
2015-08-03,16.200,16.630,16.200,15.910,81125816,1309644928
2015-07-31,16.530,17.280,16.670,16.280,85153056,1426055808
2015-07-30,17.650,18.290,16.860,16.750,100411080,1771896064
2015-07-29,17.500,17.970,17.880,16.980,106267328,1850306176
2015-07-28,16.280,19.200,17.690,15.710,212935392,3653792512
2015-07-27,19.000,19.190,17.450,17.450,141406112,2600445184
2015-07-24,20.300,20.450,19.390,19.300,156881504,3125964032
2015-07-23,19.870,20.700,20.340,19.860,177587792,3605450240
2015-07-22,19.990,20.300,19.920,19.400,165386464,3285379328
2015-07-21,18.750,20.990,20.370,18.580,222207136,4441067520
2015-07-20,19.000,19.680,19.110,18.560,152244096,2908092160
2015-07-17,17.850,19.100,19.000,17.520,151022464,2773291776
2015-07-16,17.410,18.140,17.520,16.500,120907656,2110268160
2015-07-15,18.690,19.140,17.410,17.250,190999408,3411611904
2015-07-14,19.400,19.970,19.170,18.700,292475744,5649552896
2015-07-13,18.240,18.240,18.240,18.240,25452556,464254656
2015-07-07,17.900,18.050,16.580,16.580,194277152,3273859584
2015-07-06,19.570,19.570,18.420,16.960,230687168,4284162816
2015-07-03,18.550,20.490,17.790,17.780,199627488,3716722688
2015-07-02,22.600,22.990,19.760,19.760,212033024,4442869248
2015-07-01,23.800,24.290,21.960,21.960,136059472,3177796864
2015-08-17,18.130,18.450,18.360,17.960,108629144,1977051520
2015-08-18,19.000,20.200,18.070,17.950,291300384,5660772864
2015-08-20,17.580,17.880,16.860,16.810,100375656,1739069568
2015-08-19,17.300,18.270,18.050,16.310,184496048,3220725504
2015-09-14,12.670,12.740,12.200,11.390,135703024,1617470336
2015-09-11,12.760,12.990,12.660,12.430,47489024,604816256
2015-09-10,12.970,13.070,12.760,12.670,70096592,905159296
2015-09-09,12.780,13.480,13.250,12.650,127203160,1664232320
2015-09-08,12.010,12.760,12.700,11.680,80097800,980390208
2015-09-07,12.250,12.750,12.090,12.010,67838736,842178048
2015-09-02,12.100,12.780,12.090,11.760,124747216,1529882752
2015-09-01,12.560,13.090,12.760,11.700,172062416,2164138240
2015-08-31,12.780,12.780,12.630,11.800,136857712,1683761664
2015-08-28,12.130,12.780,12.760,11.890,149336640,1833030400
2015-08-27,11.650,12.040,11.930,10.900,139134096,1614825600
2015-08-26,12.010,13.080,11.300,11.300,148194016,1794345728
2015-08-25,12.600,13.060,12.560,12.560,103370312,1311050496
2015-08-24,14.520,14.870,13.960,13.960,101388128,1426892800
2015-08-21,16.500,16.990,15.510,15.340,94309352,1535473408
2015-09-30,11.950,12.420,12.100,11.950,48314620,591050688
2015-09-29,11.900,12.440,11.970,11.670,42349596,508778784
2015-09-28,11.900,12.220,12.150,11.630,30649598,366794112
2015-09-25,12.260,12.330,11.900,11.680,39537912,473331040
2015-09-24,12.260,12.480,12.330,12.100,44450176,546135488
2015-09-23,12.390,12.580,12.180,12.100,54371476,670542976
2015-09-22,12.230,13.150,12.680,12.160,88543848,1128897792
2015-09-21,11.700,12.240,12.170,11.580,41850064,500736288
2015-09-18,12.000,12.090,11.890,11.760,32613580,389241984
2015-09-17,12.010,12.610,11.830,11.810,67922600,832125248
2015-09-16,11.300,12.440,12.250,11.120,63442616,748033472
2015-09-15,11.660,12.020,11.330,11.010,66614804,765717504
2015-10-12,12.840,14.000,13.810,12.660,132072408,1786289920
2015-10-09,12.420,12.880,12.730,12.400,70289936,891490176
2015-10-08,12.850,12.950,12.440,12.330,88973240,1120444544
2015-11-20,17.370,17.460,17.190,16.960,84405384,1448621568
2015-11-19,17.040,17.470,17.440,16.820,82665816,1422418304
2015-11-18,17.690,18.250,16.990,16.770,152228304,2670831360
2015-11-17,18.650,19.910,18.020,17.920,272104896,5149931520
2015-11-16,17.210,18.350,18.290,17.120,143998416,2567698432
2015-11-13,17.160,18.170,17.660,17.140,136442480,2411903488
2015-11-12,18.000,18.190,17.490,17.200,149521008,2644971008
2015-11-11,17.500,18.200,17.850,17.060,139131648,2436079360
2015-11-10,17.150,18.740,17.620,17.100,181221216,3241636608
2015-11-09,18.160,18.920,17.500,17.400,272397152,4899933696
2015-11-06,16.840,18.610,18.160,16.600,215876496,3810260992
2015-11-05,16.400,17.470,16.940,16.250,287892928,4921576960
2015-11-04,14.620,15.880,15.880,14.520,153575376,2370139392
2015-11-03,14.400,14.650,14.440,14.180,45068800,648824832
2015-11-02,14.550,14.960,14.320,14.220,56560664,822511232
2015-10-30,14.500,15.340,14.910,14.360,96989736,1449334528
2015-10-29,14.800,14.960,14.630,14.400,66449364,970643904
2015-10-28,14.910,15.300,14.630,14.590,57569000,855249216
2015-10-27,15.250,15.260,15.100,14.350,76636640,1137456256
2015-10-26,15.650,16.160,15.450,15.180,105200280,1648254336
2015-10-23,15.040,15.350,15.170,14.610,69005512,1035969472
2015-10-22,14.690,15.150,15.020,14.060,83245384,1220947968
2015-10-21,15.530,15.860,14.740,14.030,124643800,1881468800
2015-10-20,15.000,15.350,15.330,14.600,76938416,1154268800
2015-10-19,14.500,15.800,15.020,14.500,127322152,1929007744
2015-10-16,14.360,14.740,14.470,14.090,117914728,1700261888
2015-10-15,13.520,14.200,14.180,13.510,79318232,1104290816
2015-10-14,13.880,14.150,13.650,13.550,77210584,1069560768
2015-10-13,13.600,14.150,13.910,13.510,76270816,1060255808
