#date, start price, highest price, close price, lowest price, deal number, deal amount
2015-03-31,8.200,8.320,7.840,7.780,26232268,210848832
2015-03-30,8.030,8.320,8.100,7.600,35845856,286621376
2015-03-27,7.880,8.200,8.030,7.880,22625432,182144768
2015-03-26,7.780,7.910,7.850,7.610,16699170,129795152
2015-03-25,7.800,7.840,7.770,7.660,16272080,126158352
2015-03-24,7.940,7.960,7.810,7.500,31083962,241441296
2015-03-23,7.330,7.930,7.930,7.330,38008152,292085696
2015-03-20,7.170,7.250,7.210,7.100,16442618,117898352
2015-03-19,7.080,7.350,7.190,7.000,20594660,148014496
2015-03-18,6.980,7.070,7.040,6.880,19031724,132712832
2015-03-17,6.920,7.000,6.970,6.860,15704766,109057248
2015-03-16,6.770,6.970,6.930,6.720,14284061,98304920
2015-03-13,6.790,6.840,6.770,6.660,11558574,78027584
2015-03-12,6.640,6.800,6.760,6.570,13340135,89363976
2015-03-11,6.560,6.690,6.620,6.540,8257599,54478624
2015-03-10,6.630,6.640,6.560,6.560,7553970,49743804
2015-03-09,6.690,6.720,6.630,6.500,7198380,47355872
2015-03-06,6.640,6.890,6.670,6.600,11862453,79675840
2015-03-05,6.820,6.820,6.650,6.580,12580537,83928256
2015-03-04,6.500,6.840,6.820,6.500,18393196,122896920
2015-03-03,6.390,6.680,6.480,6.390,20477092,133711528
2015-03-02,6.400,6.460,6.320,6.280,12527156,79390400
2015-02-27,6.230,6.290,6.260,6.190,7083837,44210660
2015-02-26,6.130,6.280,6.260,6.120,7928242,49301848
2015-02-25,6.250,6.280,6.170,6.120,5510740,34223936
2015-02-17,6.150,6.320,6.250,6.120,8906311,55675456
2015-02-16,6.070,6.150,6.140,6.050,6893679,42035436
2015-02-13,5.980,6.140,6.090,5.960,8084800,49089384
2015-02-12,6.000,6.030,5.940,5.900,4562125,27172052
2015-02-11,6.020,6.060,6.010,5.950,4410520,26475712
2015-02-10,5.850,6.060,6.000,5.790,6375618,38168136
2015-02-09,5.900,5.910,5.850,5.730,8337236,48456848
2015-02-06,6.170,6.260,5.940,5.880,12601660,76009448
2015-02-05,6.590,6.650,6.210,6.200,20450974,131491752
2015-02-04,6.200,6.420,6.380,6.170,21726528,137412896
2015-02-03,6.060,6.210,6.200,6.020,9611084,58917584
2015-02-02,6.060,6.170,6.070,6.000,7818963,47558804
2015-01-30,6.010,6.270,6.180,6.000,13583205,83591560
2015-01-29,6.000,6.090,6.060,5.960,6879121,41381872
2015-01-28,6.080,6.090,6.050,5.990,6075134,36652004
2015-01-27,6.170,6.220,6.090,5.960,13486613,81945104
2015-01-26,6.060,6.300,6.200,5.880,10919266,66946804
2015-01-23,6.060,6.160,6.070,5.970,11450741,69418488
2015-01-22,5.970,6.160,6.060,5.950,10372546,62877084
2015-01-21,5.830,6.000,5.980,5.710,14106078,83277120
2015-01-20,5.530,5.810,5.740,5.530,14022088,79507248
2015-01-19,5.980,5.980,5.530,5.530,20543136,117283680
2015-01-16,6.230,6.290,6.140,6.080,12323748,75846144
2015-01-15,6.060,6.230,6.220,6.040,10572393,65143660
2015-01-14,6.070,6.150,6.070,5.990,7439853,45172616
2015-01-13,5.990,6.100,6.050,5.970,8227601,49629444
2015-01-12,6.300,6.350,6.010,5.980,15422650,93693184
2015-01-09,6.600,6.640,6.360,6.330,20266892,130968328
2015-01-08,6.770,6.940,6.660,6.600,13781165,93747280
2015-01-07,6.740,6.850,6.770,6.700,12876614,87255920
2015-01-06,6.850,6.850,6.710,6.600,16892744,113520216
2015-01-05,6.620,7.190,6.920,6.500,44072664,303898528
2015-06-30,9.920,10.980,10.640,9.200,36289028,361658496
2015-06-29,11.710,11.800,10.220,10.220,30366840,328613792
2015-06-26,11.500,12.000,11.360,11.360,35086276,405129088
2015-06-25,11.980,13.150,12.620,11.800,52164860,667163840
2015-06-24,11.500,12.100,11.950,11.380,24063924,282790816
2015-06-23,11.760,11.770,11.540,10.580,27988900,310189248
2015-06-19,12.600,12.980,11.760,11.760,21639212,265560864
2015-06-18,13.300,13.880,13.070,13.020,26945624,361311008
2015-06-17,13.140,13.550,13.350,12.230,26300668,341116960
2015-06-16,13.960,13.970,13.180,12.900,29693204,401685984
2015-06-15,14.300,14.950,14.200,13.760,30463990,438406784
2015-06-12,13.870,14.900,14.340,13.690,34838184,500919648
2015-06-11,14.150,14.310,13.900,13.200,45060104,623932480
2015-06-10,12.500,13.730,13.730,12.290,37963016,504070432
2015-06-09,12.250,12.770,12.480,12.110,35453228,440860128
2015-06-08,12.300,12.380,12.110,11.850,34531764,418626464
2015-06-05,12.440,12.650,12.220,11.920,39738168,485941440
2015-06-04,12.140,12.520,12.290,10.880,24422332,292886784
2015-06-03,12.640,12.970,12.060,11.800,30164636,371432352
2015-06-02,12.100,12.790,12.640,11.980,30617500,380015296
2015-06-01,11.810,12.350,12.140,11.770,27398004,328929152
2015-05-29,11.380,11.850,11.670,10.780,43396668,496902656
2015-05-28,12.280,12.990,11.410,11.330,45010536,550260992
2015-05-27,11.510,12.560,12.560,11.130,58893132,695201024
2015-05-26,11.180,11.800,11.420,10.800,42906180,481072352
2015-05-25,10.580,11.410,11.180,10.580,55015860,607648384
2015-05-22,9.490,10.370,10.370,9.480,36415424,365238240
2015-05-21,9.230,9.470,9.430,9.060,17163240,159297200
2015-05-20,9.190,9.550,9.220,9.130,18285522,171444784
2015-05-19,8.980,9.330,9.160,8.900,12943211,118473896
2015-05-18,8.820,9.120,8.980,8.680,14460690,128538232
2015-05-15,9.180,9.190,8.900,8.860,11384901,101910416
2015-05-14,9.450,9.530,9.170,9.120,19917878,184439152
2015-05-13,9.390,9.600,9.510,9.080,20989488,193882816
2015-05-12,9.160,9.500,9.380,9.040,14991017,139028048
2015-05-11,9.000,9.230,9.200,8.850,16622796,149849728
2015-05-08,8.700,8.870,8.800,8.390,12530678,108720656
2015-05-07,8.930,8.950,8.610,8.480,14315766,124101344
2015-05-06,9.140,9.350,8.930,8.710,14193768,129058416
2015-05-05,9.570,9.580,9.160,9.050,15180884,141463280
2015-05-04,9.750,9.850,9.520,9.380,16687593,158783024
2015-04-30,9.770,10.000,9.740,9.500,27795368,271736928
2015-04-29,9.240,9.760,9.740,9.000,26065540,247452976
2015-04-28,9.590,9.670,9.140,8.830,39679376,365968640
2015-04-27,9.800,10.050,9.540,9.500,33811636,330190208
2015-04-24,9.800,10.390,9.640,9.530,50808992,501503680
2015-04-23,10.100,10.600,10.070,9.950,53057720,542537920
2015-04-22,9.710,10.220,10.100,9.590,43976560,436546272
2015-04-21,9.220,10.070,9.910,8.950,66492256,628955328
2015-04-20,8.880,9.220,9.220,8.880,54890524,504752288
2015-04-17,8.250,8.590,8.380,8.250,25001812,211080912
2015-04-16,8.100,8.330,8.190,7.970,15979159,130526376
2015-04-15,8.370,8.570,8.250,8.200,24981648,210006912
2015-04-14,8.410,8.520,8.370,8.300,20501228,172134912
2015-04-13,8.460,8.610,8.420,8.310,30609896,258260816
2015-04-10,8.030,8.430,8.420,7.890,28919028,238562976
2015-04-09,8.150,8.180,8.070,7.820,17920360,143034976
2015-04-08,8.220,8.260,8.110,7.930,16842134,136762048
2015-04-07,8.050,8.250,8.180,8.000,20509272,167256960
2015-04-03,7.880,8.050,8.040,7.780,17060080,136009296
2015-04-02,7.840,7.970,7.960,7.800,14923271,117556912
2015-04-01,7.810,7.920,7.850,7.710,15358382,119968352
2015-08-14,8.950,9.450,8.980,8.880,29102088,267179232
2015-08-13,8.400,8.870,8.820,8.370,23740888,206422384
2015-08-12,8.500,8.770,8.490,8.360,18545716,159192016
2015-08-11,8.720,8.890,8.630,8.500,22275684,193857936
2015-08-10,8.400,8.880,8.740,8.280,28972850,249551776
2015-08-07,7.650,8.360,8.260,7.650,27649040,222222592
2015-08-06,7.500,7.900,7.610,7.400,12035232,92230600
2015-08-05,7.810,8.000,7.800,7.500,19032736,148864320
2015-08-04,7.200,7.860,7.840,7.190,20264924,152091904
2015-08-03,7.800,7.970,7.200,7.190,24957354,184422720
2015-07-31,8.200,8.480,7.990,7.760,24558268,200386432
2015-07-30,8.580,9.050,8.500,8.350,30985082,269651392
2015-07-29,8.400,8.800,8.750,7.760,29331636,241280192
2015-07-28,7.500,8.450,8.180,7.220,41675392,327310208
2015-07-27,8.900,9.410,8.000,8.000,39969700,355049280
2015-07-24,9.190,9.550,8.890,8.730,47890440,441547712
2015-07-23,8.000,8.800,8.800,8.000,31965436,271253312
2015-07-22,8.080,8.130,8.000,7.760,19281058,153738608
2015-07-21,7.720,8.150,8.090,7.650,19795074,158865536
2015-07-20,7.800,8.160,7.880,7.650,21227718,168414240
2015-07-17,7.300,7.760,7.680,7.080,22031040,164569888
2015-07-16,6.410,7.670,7.120,6.380,26574672,188670048
2015-07-15,7.450,7.650,7.030,7.030,26066484,187394720
2015-07-14,7.830,8.210,7.810,7.500,50248572,396900288
2015-07-13,7.500,7.520,7.520,7.030,27466392,205183264
2015-07-10,6.430,6.840,6.840,6.350,12993284,86523416
2015-07-09,5.090,6.220,6.220,5.090,65495736,368304832
2015-07-08,5.650,5.650,5.650,5.650,2349300,13273545
2015-07-07,6.510,6.510,6.280,6.280,16623900,104823336
2015-07-06,8.530,8.530,6.980,6.980,33764964,250999296
2015-07-03,7.760,8.360,7.760,7.760,31661236,248673904
2015-07-02,9.570,9.630,8.620,8.620,26448312,235748832
2015-07-01,10.400,10.880,9.580,9.580,27502696,284563168
2015-08-17,9.120,9.800,9.620,8.830,37014736,348794240
2015-08-18,9.510,9.630,8.660,8.660,35140056,318821984
2015-08-20,8.550,8.720,8.140,8.120,19510788,165424736
2015-08-19,8.280,8.880,8.790,7.790,29174344,242170944
2015-09-14,6.350,6.490,5.510,5.510,29642564,177650720
2015-09-11,6.000,6.130,6.120,5.910,18094324,109430800
2015-09-10,5.940,6.320,5.940,5.810,20627352,125114496
2015-09-09,5.760,6.080,5.980,5.760,28048952,166688560
2015-09-08,5.280,5.700,5.700,5.200,24949068,136414944
2015-09-07,5.170,5.370,5.180,5.150,14267578,74810904
2015-09-02,5.100,5.570,5.020,4.960,19994484,103938512
2015-09-01,6.030,6.140,5.360,5.360,19622532,111620624
2015-08-31,6.300,6.310,5.950,5.720,21075364,127032048
2015-08-28,6.010,6.330,6.310,5.850,19495148,118768408
2015-08-27,5.720,5.840,5.800,5.230,19774452,111074712
2015-08-26,6.100,6.290,5.520,5.470,24300316,145061888
2015-08-25,6.070,6.570,6.070,6.070,18966252,116769992
2015-08-24,6.990,7.100,6.740,6.740,16077843,109083696
2015-08-21,7.910,8.200,7.490,7.340,22211764,171470464
2015-09-30,5.790,5.850,5.740,5.640,11245165,64738892
2015-09-29,5.600,5.950,5.810,5.500,22517592,128758400
2015-09-28,5.650,5.740,5.720,5.400,13684138,76663152
2015-09-25,5.820,5.890,5.600,5.500,14019592,79263416
2015-09-24,5.740,5.940,5.870,5.700,14157035,82469528
2015-09-23,5.790,5.900,5.680,5.600,12718096,73078520
2015-09-22,5.850,6.060,5.910,5.700,19487092,114533744
2015-09-21,5.510,5.880,5.860,5.500,15592956,89732056
2015-09-18,5.610,5.890,5.640,5.470,17375542,98274976
2015-09-17,5.700,5.880,5.540,5.500,23099172,131871648
2015-09-16,5.230,5.700,5.700,5.150,18307064,98669632
2015-09-15,5.300,5.490,5.180,5.030,20578908,108347336
2015-10-12,6.130,6.690,6.660,6.050,41041704,261897472
2015-10-09,5.970,6.110,6.080,5.890,24147892,144900432
2015-10-08,5.930,6.070,6.000,5.780,25100706,148139776
2015-11-20,8.000,8.290,8.100,7.980,16482017,134210688
2015-11-19,7.880,8.020,8.010,7.720,14357819,113234952
2015-11-18,7.990,8.350,7.950,7.890,26432068,214357552
2015-11-17,7.880,8.210,7.940,7.810,28060342,225049856
2015-11-16,7.480,7.870,7.780,7.420,17652196,135213360
2015-11-13,7.700,7.820,7.610,7.550,18860812,145137008
2015-11-12,7.790,8.030,7.830,7.690,23451880,183628288
2015-11-11,7.630,7.800,7.780,7.630,21945018,169291760
2015-11-10,7.770,7.780,7.680,7.510,26309074,201753696
2015-11-09,7.700,8.100,7.840,7.660,35432376,277222528
2015-11-06,7.700,7.840,7.720,7.600,20485564,158201904
2015-11-05,7.500,7.950,7.680,7.430,31211046,241194320
2015-11-04,7.140,7.480,7.460,7.140,15253764,112503904
2015-11-03,7.100,7.300,7.140,7.070,8090976,57981848
2015-11-02,7.090,7.430,7.130,6.950,14207082,102380104
2015-10-30,7.340,7.510,7.230,7.160,12793317,93994472
2015-10-29,7.480,7.730,7.400,7.220,20850108,155774656
2015-10-28,7.590,7.790,7.340,7.290,23324546,176226800
2015-10-27,7.080,7.810,7.810,6.960,32857808,240850928
2015-10-26,7.380,7.400,7.100,7.000,24289412,174817920
2015-10-23,6.860,7.160,7.130,6.830,20148172,141527120
2015-10-22,6.520,6.840,6.810,6.500,19136810,127854088
2015-10-21,7.150,7.380,6.520,6.460,33579904,233816624
2015-10-20,7.060,7.500,7.180,6.810,28535656,201870528
2015-10-19,6.990,7.400,7.110,6.950,28742998,206842816
2015-10-16,7.020,7.400,6.990,6.820,42183388,298960032
2015-10-15,6.410,7.020,6.960,6.320,35600544,240279648
2015-10-14,6.650,6.650,6.470,6.420,20436140,133113848
2015-10-13,6.500,6.830,6.730,6.480,29700980,197566560
