#date, start price, highest price, close price, lowest price, deal number, deal amount
2015-03-31,7.860,7.940,7.750,7.720,13216732,102779808
2015-03-30,7.850,7.990,7.850,7.730,15895563,124297904
2015-03-27,7.530,7.960,7.940,7.520,22480230,175835104
2015-03-26,7.510,7.680,7.560,7.400,14811402,111949456
2015-03-25,7.450,7.580,7.520,7.330,15630473,115967304
2015-03-24,7.730,7.730,7.510,7.280,31066044,232523520
2015-03-23,7.700,7.950,7.770,7.700,17477520,136175040
2015-03-20,7.830,7.920,7.730,7.690,18732730,145441840
2015-03-19,7.570,7.940,7.840,7.450,21526314,167126192
2015-03-18,7.420,7.900,7.610,7.300,22576378,172395776
2015-03-17,6.940,7.620,7.440,6.920,26436944,195343920
2015-03-16,6.770,6.980,6.940,6.770,14194199,97948208
2015-03-13,6.700,6.790,6.780,6.670,8349463,56220264
2015-03-12,6.660,6.780,6.720,6.630,10478343,70187664
2015-03-11,6.800,6.810,6.690,6.650,12872094,86556752
2015-03-10,6.640,6.840,6.810,6.590,17979882,120421688
2015-03-09,6.410,6.660,6.630,6.260,16619292,109022928
2015-03-06,6.450,6.600,6.450,6.360,10700473,69131720
2015-03-05,6.500,6.500,6.450,6.390,9278753,59707964
2015-03-04,6.300,6.640,6.520,6.290,17062598,110876952
2015-03-03,6.420,6.500,6.280,6.260,14200644,90907992
2015-03-02,6.480,6.570,6.450,6.300,16696085,107551488
2015-02-27,6.200,6.600,6.450,6.150,25421864,162856272
2015-02-26,6.180,6.280,6.200,6.100,13376405,82726744
2015-02-25,6.060,6.340,6.200,6.030,20463132,126370720
2015-02-17,5.840,6.170,6.090,5.820,18707952,112244472
2015-02-16,5.830,5.920,5.860,5.830,6634281,38984872
2015-02-13,5.690,5.890,5.840,5.690,8381062,48777064
2015-02-12,5.640,5.720,5.690,5.630,4055487,23018692
2015-02-11,5.580,5.670,5.640,5.560,4169923,23442704
2015-02-10,5.510,5.610,5.570,5.480,4437711,24646784
2015-02-09,5.660,5.730,5.530,5.500,6779432,37904672
2015-02-06,5.750,5.830,5.700,5.680,6944603,39889248
2015-02-05,5.940,5.950,5.800,5.760,8519061,49625320
2015-02-04,5.870,5.960,5.900,5.810,9119233,53758608
2015-02-03,5.960,5.980,5.870,5.790,11449673,66962068
2015-02-02,5.920,6.100,5.950,5.870,16212480,96882928
2015-01-30,5.780,6.070,6.010,5.770,20577848,121836192
2015-01-29,5.730,5.850,5.770,5.720,7549000,43707104
2015-01-28,5.770,5.880,5.790,5.720,9857673,57380680
2015-01-27,5.810,5.880,5.780,5.710,9985613,57806340
2015-01-26,5.640,5.830,5.810,5.600,11320077,64889544
2015-01-23,5.690,5.700,5.670,5.600,7581392,42838444
2015-01-22,5.620,5.690,5.650,5.560,9523679,53640492
2015-01-21,5.460,5.620,5.600,5.420,7107789,39429512
2015-01-20,5.360,5.490,5.460,5.350,7018190,38112860
2015-01-19,5.560,5.600,5.320,5.230,8466350,46207336
2015-01-16,5.580,5.640,5.620,5.560,6102857,34253664
2015-01-15,5.550,5.630,5.590,5.520,5156447,28820260
2015-01-14,5.630,5.690,5.560,5.550,5990068,33651376
2015-01-13,5.720,5.750,5.670,5.570,8969443,50521468
2015-01-12,5.830,5.970,5.710,5.700,8512091,49249792
2015-01-09,5.870,6.140,5.900,5.870,16154621,96920928
2015-01-08,5.830,5.960,5.900,5.760,15330855,90336224
2015-01-07,5.780,5.840,5.830,5.700,9658785,55916084
2015-01-06,5.750,5.890,5.800,5.710,9983474,57787480
2015-01-05,5.660,5.800,5.780,5.630,10835593,62201380
2015-06-30,9.010,9.570,9.430,8.210,33420684,294423264
2015-06-29,10.380,10.500,9.120,9.120,25099762,240458464
2015-06-26,10.750,10.900,10.130,10.130,20360736,210910224
2015-06-25,11.940,12.000,11.260,11.170,20988296,243422112
2015-06-24,11.640,11.960,11.860,11.430,23304472,272555328
2015-06-23,11.690,11.990,11.430,10.500,22925512,256754352
2015-06-19,12.480,12.750,11.660,11.660,21835496,264339184
2015-06-18,13.600,13.760,12.960,12.900,22360682,299227584
2015-06-17,13.700,14.080,13.800,12.910,28840726,388882976
2015-06-16,15.000,15.160,13.860,13.850,42100752,606658432
2015-06-15,14.550,15.860,15.360,14.330,64434408,973049728
2015-06-12,14.070,14.860,14.460,13.700,46420136,662533632
2015-06-11,13.650,14.300,14.070,13.600,29448220,411689888
2015-06-10,13.400,13.980,13.800,13.110,28961262,398136288
2015-06-09,13.690,13.710,13.440,13.330,23944456,322881568
2015-06-08,13.960,14.170,13.710,13.500,32763716,452497248
2015-06-05,14.520,15.000,14.230,13.910,41421728,597563456
2015-06-04,13.700,14.530,14.470,12.500,45783436,639802432
2015-06-03,14.610,14.790,13.890,13.650,50570140,713699392
2015-06-02,14.900,15.360,14.800,14.600,53905112,801075136
2015-06-01,15.000,16.260,15.170,14.320,77796864,1185996544
2015-05-29,14.500,15.750,15.550,12.890,122889944,1758779264
2015-05-28,14.320,14.320,14.320,14.320,3938156,56394392
2015-05-27,13.020,13.020,13.020,13.020,446329,5811204
2015-05-26,11.840,11.840,11.840,11.840,453584,5370435
2015-05-25,10.760,10.760,10.760,10.760,388618,4181530
2015-05-22,9.780,9.780,9.780,9.780,495162,4842684
2015-04-08,8.700,9.630,8.890,8.550,52239104,473338368
2015-04-07,8.410,9.090,8.970,8.300,25152274,217541648
2015-04-03,8.240,8.420,8.350,8.150,18655644,155152000
2015-04-02,7.860,8.460,8.260,7.820,27192054,222263264
2015-04-01,7.730,7.880,7.850,7.710,12967952,101229328
2015-08-14,7.950,8.500,8.210,7.900,41267856,338477856
2015-08-13,7.400,7.830,7.810,7.360,22632834,171829904
2015-08-12,7.580,7.760,7.460,7.440,21055372,160205536
2015-08-11,7.580,7.800,7.720,7.480,30406228,233269200
2015-08-10,7.230,7.660,7.570,7.210,25816964,192324128
2015-08-07,7.030,7.250,7.170,7.030,15614325,111659456
2015-08-06,6.910,7.160,6.970,6.820,11747496,82292128
2015-08-05,7.300,7.500,7.120,7.090,21520340,156670400
2015-08-04,6.880,7.380,7.370,6.820,23669940,168453104
2015-08-03,7.010,7.270,6.880,6.650,20764412,145994448
2015-07-31,6.760,7.190,7.060,6.600,19223516,131891472
2015-07-30,7.080,7.460,6.960,6.900,24554956,177600320
2015-07-29,6.990,7.250,7.240,6.500,24336466,166685968
2015-07-28,6.690,7.500,6.720,6.690,33947204,232288512
2015-07-27,8.100,8.200,7.430,7.430,27122256,213808128
2015-07-24,8.350,8.670,8.250,8.090,32985424,276165696
2015-07-23,8.100,8.400,8.340,8.010,32293220,265932688
2015-07-22,8.150,8.440,8.220,7.800,36916752,300770368
2015-07-21,7.700,8.330,8.210,7.510,34043880,273158528
2015-07-20,7.680,7.970,7.800,7.420,35288560,272628992
2015-07-17,7.090,7.640,7.580,6.940,31156138,228360400
2015-07-16,6.100,7.180,7.010,6.100,33874984,229786544
2015-07-15,7.550,7.550,6.670,6.670,50224472,354253344
2015-07-14,7.410,7.410,7.410,7.010,32851844,242081616
2015-07-13,6.740,6.740,6.740,6.600,12014394,80886752
2015-07-10,5.900,6.130,6.130,5.700,17338044,104548704
2015-07-09,4.550,5.570,5.570,4.550,42342272,215904448
2015-07-08,5.060,5.060,5.060,5.060,2715300,13739418
2015-07-07,5.970,5.970,5.620,5.620,14939981,85514480
2015-07-06,7.570,7.570,6.240,6.190,32450488,219301776
2015-07-03,7.100,7.550,6.880,6.880,23643964,166168896
2015-07-02,8.590,8.610,7.640,7.640,25489936,202175440
2015-07-01,9.240,9.760,8.490,8.490,29712024,272698848
2015-08-17,8.250,8.840,8.750,8.110,35884896,306870272
2015-08-18,8.610,8.610,7.880,7.880,39654340,327173312
2015-08-20,7.910,8.300,7.700,7.620,23418956,185697424
2015-08-19,7.390,8.150,8.050,7.100,31138176,235962736
2015-09-14,5.410,5.520,4.880,4.880,29396536,152135200
2015-09-11,5.340,5.550,5.420,5.300,20096278,108950864
2015-09-10,5.530,5.610,5.350,5.330,25209304,138402480
2015-09-09,5.350,5.700,5.670,5.250,38227632,209407808
2015-09-08,5.130,5.470,5.360,4.850,34804400,178641072
2015-09-07,5.330,5.970,5.360,5.290,42646992,237901504
2015-09-02,5.830,6.460,5.830,5.830,58790296,346440320
2015-08-24,6.780,6.890,6.480,6.480,16813976,110018104
2015-08-21,7.530,7.630,7.200,7.060,20394134,149715200
2015-09-30,5.000,5.050,4.980,4.930,8015691,39994020
2015-09-29,4.910,5.100,4.970,4.900,10366381,51649080
2015-09-28,4.900,5.040,5.040,4.830,8312100,41226064
2015-09-25,5.110,5.130,4.900,4.790,17167144,85401232
2015-09-24,4.980,5.180,5.130,4.980,18499908,93975992
2015-09-23,5.000,5.090,4.980,4.900,21133548,105789216
2015-09-22,5.000,5.330,5.180,4.950,26344826,134892064
2015-09-21,4.730,5.050,5.010,4.680,17961208,87924048
2015-09-18,4.720,4.890,4.820,4.660,16425621,78472680
2015-09-17,4.800,5.040,4.700,4.600,21623952,104524688
2015-09-16,4.480,4.850,4.850,4.400,21673744,100592672
2015-09-15,4.660,4.790,4.410,4.390,20028316,91563864
2015-10-12,5.500,5.890,5.710,5.480,38382548,217872032
2015-10-09,5.480,5.610,5.540,5.330,38523304,211405968
2015-10-08,5.150,5.480,5.480,5.060,28736662,154002416
2015-11-20,7.990,8.680,8.480,7.880,37674976,313228192
2015-11-19,7.880,8.020,7.970,7.700,18949108,148747200
2015-11-18,7.800,8.100,7.880,7.800,22399440,177376448
2015-11-17,8.000,8.270,7.800,7.800,36292220,289238880
2015-11-16,7.450,8.050,7.990,7.410,27378888,215554880
2015-11-13,7.350,7.880,7.640,7.220,31377206,240240432
2015-11-12,7.120,7.490,7.360,7.010,28345472,205933856
2015-11-11,6.920,7.190,7.090,6.920,19526764,138186912
2015-11-10,6.890,7.050,6.910,6.800,22224912,153908320
2015-11-09,6.800,7.060,6.970,6.610,31323248,212991808
2015-11-06,6.450,7.090,6.870,6.440,35464004,241041952
2015-11-05,6.400,6.680,6.510,6.310,32264220,208366608
2015-11-04,6.090,6.420,6.410,6.070,25155138,158580336
2015-11-03,5.990,6.110,6.090,5.940,15282483,92179896
2015-11-02,6.010,6.170,5.970,5.900,13472395,81335112
2015-10-30,6.200,6.220,6.120,6.040,14420194,88603640
2015-10-29,6.180,6.340,6.210,6.110,17262000,107379184
2015-10-28,6.210,6.350,6.140,6.050,26037136,161877600
2015-10-27,6.000,6.460,6.390,5.700,36456912,224498128
2015-10-26,6.050,6.150,6.060,5.900,27065572,163431216
2015-10-23,5.730,6.070,6.020,5.700,26049944,153458352
2015-10-22,5.520,5.720,5.690,5.400,23209032,129896448
2015-10-21,6.120,6.170,5.510,5.510,31071052,181946720
2015-10-20,5.960,6.190,6.120,5.900,25732456,155809248
2015-10-19,5.910,6.050,5.990,5.850,26707928,158416352
2015-10-16,5.860,5.950,5.930,5.720,25764448,150884144
2015-10-15,5.630,5.880,5.860,5.610,20132770,116262040
2015-10-14,5.710,5.810,5.670,5.650,20051608,114931640
2015-10-13,5.660,5.790,5.740,5.590,21820556,124480016
