#date, start price, highest price, close price, lowest price, deal number, deal amount
2015-03-31,17.300,17.300,16.960,16.900,5669997,96752456
2015-03-30,16.840,17.260,17.180,16.800,6318528,107877272
2015-03-27,16.600,16.870,16.830,16.600,3579595,60039744
2015-03-26,16.560,16.830,16.710,16.430,4116931,68532432
2015-03-25,16.910,16.920,16.640,16.520,5788956,96419312
2015-03-24,17.470,17.470,16.950,16.600,8005857,136146080
2015-03-23,16.900,17.460,17.450,16.850,8733112,149897648
2015-03-20,16.910,16.950,16.890,16.750,4657354,78524688
2015-03-19,17.110,17.110,16.980,16.800,5537696,93795904
2015-03-18,16.960,17.100,17.100,16.840,5265448,89533656
2015-03-17,16.930,17.100,16.960,16.800,6262070,106070840
2015-03-16,16.580,16.920,16.910,16.580,5499977,92364544
2015-03-13,16.280,16.530,16.490,16.210,3005209,49283692
2015-03-12,16.240,16.390,16.330,16.090,2997759,48737148
2015-03-11,16.400,16.520,16.240,16.100,3509111,57189856
2015-03-10,16.400,16.640,16.560,16.350,3681166,60899440
2015-03-09,16.160,16.500,16.420,15.840,4222974,68452544
2015-03-06,16.660,16.830,16.230,16.220,5116116,84495928
2015-03-05,16.500,16.810,16.640,16.350,4755363,78817176
2015-03-04,16.990,16.990,16.610,16.300,8042346,132849880
2015-03-03,17.880,17.880,16.910,16.890,12294878,211304288
2015-03-02,17.800,18.270,17.790,17.380,19359504,344608832
2015-02-27,17.450,18.290,18.270,17.370,19418738,347546752
2015-02-26,17.220,17.770,17.650,16.860,12307742,213688192
2015-02-25,17.650,17.700,17.370,17.260,2997408,52125064
2015-02-17,17.200,17.770,17.530,17.160,11213839,196382848
2015-02-16,17.310,17.480,17.330,17.010,5211486,89550888
2015-02-13,16.840,17.370,17.250,16.700,8631665,147928512
2015-02-12,16.700,17.000,16.830,16.500,6015696,101050856
2015-02-11,16.670,16.850,16.810,16.520,3269422,54720808
2015-02-10,16.500,16.760,16.710,16.440,6136488,102083120
2015-02-09,16.180,16.800,16.630,16.030,10270732,169079840
2015-02-06,16.220,16.480,16.220,15.870,6710622,108906104
2015-02-05,16.300,16.480,16.290,16.210,2138388,34940212
2015-02-04,16.580,16.580,16.400,16.090,5116885,83438720
2015-02-03,16.470,16.920,16.590,16.400,4135363,69074328
2015-02-02,16.390,16.550,16.420,15.920,2948320,48236308
2015-01-30,16.390,16.750,16.510,16.030,7653569,126094720
2015-01-29,16.540,16.720,16.410,16.300,3784229,62577316
2015-01-28,16.570,16.770,16.690,16.480,5144344,85457608
2015-01-27,16.670,16.940,16.780,16.360,7779372,129785216
2015-01-26,16.050,16.980,16.800,15.800,12354978,203913008
2015-01-23,16.190,16.450,16.260,16.050,7424565,120575088
2015-01-22,15.910,16.600,16.240,15.750,13214364,214152752
2015-01-21,15.930,15.990,15.930,15.680,7817482,123643568
2015-01-20,15.520,16.000,15.990,15.420,9962326,156789312
2015-01-19,15.010,15.740,15.540,14.810,14055992,216448128
2015-01-16,15.350,15.370,15.370,15.010,7724746,117800560
2015-01-15,15.210,15.550,15.350,15.210,3927678,60337804
2015-01-14,15.400,15.700,15.340,15.120,5342201,82059952
2015-01-13,14.850,15.500,15.460,14.780,10631924,161689168
2015-01-12,14.650,15.030,14.970,14.580,4730312,70235520
2015-01-09,14.920,15.200,14.890,14.870,5467205,82117248
2015-01-08,15.180,15.460,15.100,14.860,5440097,82390096
2015-01-07,15.340,15.340,15.210,15.010,5232142,79337952
2015-01-06,14.550,15.830,15.450,14.400,14904000,225462032
2015-01-05,14.950,15.080,14.720,14.440,4994224,73289640
2015-06-30,16.900,18.190,18.050,15.220,6889508,115190504
2015-06-29,19.150,19.430,16.910,16.850,7102257,126474240
2015-06-26,20.010,20.010,18.720,18.720,5796049,110801376
2015-06-25,22.350,22.490,20.800,20.420,5719992,123648312
2015-06-24,22.300,22.800,22.360,21.300,5942710,131832072
2015-06-23,21.600,22.180,22.100,19.530,6589906,138269088
2015-06-19,23.300,23.760,21.580,21.580,6203829,138350912
2015-06-18,25.900,26.000,23.980,23.560,5610744,141811072
2015-06-17,26.200,26.600,25.890,23.910,8965904,224151664
2015-06-16,27.000,27.800,26.570,26.210,6912249,186698880
2015-06-15,27.000,28.660,27.190,26.910,9407746,261944736
2015-06-12,25.750,27.920,27.400,24.860,11201075,294886944
2015-06-11,24.500,25.660,25.380,24.400,7609213,191221520
2015-06-10,24.590,25.270,24.500,24.050,6355206,157377008
2015-06-09,25.490,25.490,24.690,24.280,6778129,167860944
2015-06-08,23.550,25.730,25.660,23.400,12545332,307990432
2015-06-05,24.050,24.850,23.600,22.970,9480615,225762224
2015-06-04,24.600,24.600,24.000,22.380,11533768,270416960
2015-06-03,22.850,24.870,24.870,22.220,12214867,289526688
2015-06-02,22.000,23.300,22.610,22.000,12084599,273195424
2015-06-01,19.400,21.180,21.180,19.280,5901797,121350624
2015-05-29,19.560,20.050,19.250,18.010,7153465,137877600
2015-05-28,21.400,21.950,19.560,19.560,9308914,195613680
2015-05-27,20.820,22.370,21.730,20.080,9517107,197676304
2015-05-26,20.390,21.500,20.850,20.300,9068675,189878528
2015-05-25,19.330,20.650,20.280,19.140,9858025,198933120
2015-05-22,19.480,19.680,19.430,18.850,9772230,188693280
2015-05-21,18.110,19.800,19.400,18.110,11229986,212426304
2015-05-20,18.170,18.740,18.250,18.100,6648491,122680528
2015-05-19,18.000,18.360,18.140,17.750,5766813,104226264
2015-05-18,17.700,18.400,18.080,17.650,6273059,113544408
2015-05-15,17.320,18.200,17.940,17.160,6982070,124093088
2015-05-14,17.100,17.570,17.320,17.040,3695539,64185468
2015-05-13,16.810,17.440,17.130,16.670,4311908,73768592
2015-05-12,16.830,17.300,17.000,16.830,4961218,84575392
2015-05-11,16.390,16.980,16.820,16.270,4949070,82719648
2015-05-08,16.100,16.350,16.270,15.970,3686366,59621200
2015-05-07,16.260,16.260,15.890,15.850,3390013,54530616
2015-05-06,17.330,17.690,16.440,16.180,4920322,83521840
2015-05-05,18.000,18.090,17.380,17.370,3428800,60492948
2015-05-04,17.550,18.100,18.080,17.310,4538261,80588160
2015-04-30,17.750,17.980,17.560,17.500,4106123,72767576
2015-04-29,17.370,17.840,17.680,17.280,3669019,64749416
2015-04-28,18.380,18.500,17.370,17.110,6645639,118235048
2015-04-27,18.350,18.890,18.510,18.350,9512195,176919328
2015-04-24,18.110,18.590,18.410,17.940,6190373,113199816
2015-04-23,18.270,18.950,18.430,18.100,8136983,149964272
2015-04-22,17.700,18.470,18.270,17.700,6888849,125002608
2015-04-21,17.080,17.620,17.580,17.070,3883898,67600352
2015-04-20,17.340,17.840,17.140,17.040,5540979,96336120
2015-04-17,17.600,18.000,17.630,17.550,4525703,80556600
2015-04-16,17.450,17.790,17.550,17.000,4430547,77388408
2015-04-15,18.440,18.440,17.640,17.600,5905592,106149088
2015-04-14,18.900,18.910,18.550,18.300,6215226,115705600
2015-04-13,18.270,19.030,18.950,17.980,10041465,186384112
2015-04-10,17.520,18.350,18.210,17.520,6214040,112421888
2015-04-09,18.040,18.040,17.690,17.280,5609664,99059752
2015-04-08,18.700,18.800,18.140,17.690,6897677,125421592
2015-04-07,18.210,18.790,18.610,18.100,9263146,171002752
2015-04-03,18.000,18.580,18.270,17.800,8544642,155841248
2015-04-02,18.660,18.660,18.260,18.050,12950279,237128192
2015-04-01,16.890,18.660,18.660,16.860,13478876,239070400
2015-08-14,18.400,18.470,18.470,18.200,4796716,88393096
2015-08-13,15.100,16.790,16.790,15.100,9245545,149510032
2015-08-12,14.400,15.600,15.260,14.210,14776351,222328960
2015-08-11,14.190,14.930,14.500,14.140,11847891,172358864
2015-08-10,13.500,14.520,14.350,13.400,9353390,131681904
2015-08-07,12.550,13.450,13.350,12.530,8930369,116457520
2015-08-06,12.100,12.550,12.450,11.900,4702761,57990408
2015-08-05,12.370,12.870,12.370,12.140,6547079,81714528
2015-08-04,11.420,12.410,12.380,11.420,6534141,78106936
2015-08-03,12.270,12.450,11.300,11.300,5552429,64848528
2015-07-31,12.230,13.000,12.560,12.000,6338950,78405904
2015-07-30,12.660,13.200,12.610,12.250,9147513,118112472
2015-07-29,12.000,12.890,12.800,11.320,9224678,110551464
2015-07-28,11.800,12.840,11.720,11.630,10955898,130337592
2015-07-27,14.080,14.500,12.920,12.920,9075851,124680856
2015-07-24,15.020,15.150,14.360,14.200,11123645,164544336
2015-07-23,14.290,15.210,14.920,14.200,12655479,187201936
2015-07-22,13.700,14.480,14.280,13.510,12627712,178313600
2015-07-21,13.280,14.060,13.840,13.000,9915740,134582736
2015-07-20,13.490,13.890,13.780,12.820,11752630,157617824
2015-07-17,12.050,13.240,13.240,12.040,8110362,103295960
2015-07-16,10.880,12.600,12.040,10.880,7545939,88994304
2015-07-15,12.870,12.950,11.990,11.990,7497232,92715008
2015-07-14,13.000,14.050,13.320,12.750,15689768,210032128
2015-07-13,12.800,12.830,12.830,12.120,11500306,144591104
2015-07-10,11.100,11.660,11.660,10.700,4939980,56578156
2015-07-09,8.680,10.600,10.600,8.680,9867099,95519368
2015-07-08,9.640,9.640,9.640,9.640,1057300,10192372
2015-07-07,11.000,11.530,10.710,10.710,4651099,50686580
2015-07-06,14.490,14.490,11.900,11.850,8707775,112559136
2015-07-03,14.110,14.800,13.170,13.170,6986785,94479528
2015-07-02,15.950,16.580,14.630,14.630,5936981,91369600
2015-07-01,17.600,18.500,16.250,16.250,5564760,98556656
2015-08-17,19.890,20.320,20.320,18.200,28670468,554875456
2015-08-18,20.000,20.180,18.290,18.290,18265912,344712064
2015-08-20,18.600,19.000,17.730,17.730,16365272,297319904
2015-08-19,16.460,19.940,19.700,16.460,26425612,470648672
2015-09-14,14.000,15.120,12.970,12.750,20228080,285438976
2015-09-11,12.520,13.790,13.790,12.500,12991832,170192768
2015-09-10,12.550,13.100,12.540,12.490,12903397,164555248
2015-09-09,12.600,13.340,13.160,12.410,16234714,212679136
2015-09-08,11.010,12.130,12.130,10.710,8510978,98404224
2015-09-07,11.100,11.620,11.030,10.550,7438677,83114720
2015-09-02,10.900,12.520,10.770,10.700,8364407,96675272
2015-09-01,12.850,12.850,11.890,11.890,8191284,99237952
2015-08-31,13.100,14.080,13.210,12.500,14114318,188021920
2015-08-28,12.300,13.380,13.380,12.120,12769584,164138464
2015-08-27,12.000,12.390,12.160,10.580,11468707,134276800
2015-08-26,12.510,13.800,11.640,11.630,12713097,158864640
2015-08-25,12.920,13.460,12.920,12.920,6577283,85265568
2015-08-24,14.710,14.760,14.360,14.360,5711262,82235440
2015-08-21,16.800,16.800,15.960,15.960,12266171,198272608
2015-09-30,14.260,14.470,13.910,13.590,5957347,82895256
2015-09-29,13.960,14.830,14.200,13.950,7628268,109317528
2015-09-28,14.000,14.620,14.530,13.090,10289240,142955408
2015-09-25,15.480,15.940,14.190,14.180,14166315,212266224
2015-09-24,15.940,16.240,15.760,15.310,18981584,298676224
2015-09-23,14.860,16.300,16.300,14.660,28268228,453346080
2015-09-22,14.760,15.180,14.820,14.000,14322641,210021552
2015-09-21,14.000,14.770,14.690,13.710,10992385,158648800
2015-09-18,14.410,14.700,14.280,13.800,10782177,153804624
2015-09-17,14.460,15.570,14.370,14.090,20344304,301254784
2015-09-16,12.820,14.340,14.340,12.600,15470058,209638976
2015-09-15,12.110,13.880,13.040,12.020,15409997,200744288
2015-10-12,15.200,16.160,15.840,15.040,15694470,247216080
2015-10-09,14.600,15.800,15.320,14.500,11664694,175399728
2015-10-08,14.460,14.730,14.590,14.110,7064668,102310032
2015-11-20,19.680,21.300,21.200,19.290,11457583,230609632
2015-11-19,19.200,19.770,19.690,19.000,5397584,104524360
2015-11-18,20.600,20.850,19.500,19.250,8511826,171774224
2015-11-17,20.680,21.500,20.460,20.160,13116383,274050016
2015-11-16,19.550,20.350,20.260,19.500,8739061,175105872
2015-11-13,19.480,20.460,19.980,19.300,11252819,225859792
2015-11-12,19.750,19.980,19.800,19.300,8221972,161936768
2015-11-11,19.550,20.260,20.020,19.500,11364296,226882560
2015-11-10,19.840,20.200,19.720,19.080,12461316,245901600
2015-11-09,20.200,20.500,20.210,19.620,16189192,324726048
2015-11-06,21.000,22.170,20.760,20.010,28589752,597984256
2015-11-05,18.850,20.160,20.160,18.850,12585454,250139696
2015-11-04,17.630,18.500,18.330,17.610,14082051,254490224
2015-11-03,17.420,17.980,17.610,16.630,9941633,172503536
2015-11-02,16.590,18.000,17.420,16.360,11901038,209255856
2015-10-30,16.860,17.380,16.980,16.310,10261200,174548368
2015-10-29,16.430,17.130,16.830,16.260,7812655,131247768
2015-10-28,16.890,17.190,16.290,16.200,7339331,122532360
2015-10-27,17.000,17.250,17.230,16.300,9415585,157936816
2015-10-26,17.620,17.690,17.120,16.600,11683547,200302656
2015-10-23,17.050,18.250,17.620,16.910,16581796,292890592
2015-10-22,16.310,17.150,17.120,16.250,13196978,221356416
2015-10-21,18.000,18.190,16.480,16.480,18257840,314325568
2015-10-20,18.200,19.250,18.310,17.810,20689192,382025152
2015-10-19,18.090,18.850,17.950,17.510,29496270,532460928
2015-10-16,15.710,17.230,17.230,15.400,21818118,362500416
2015-10-15,15.020,15.730,15.660,15.010,8218134,127782064
2015-10-14,16.000,16.000,15.210,15.130,10525390,163803024
2015-10-13,15.550,16.480,16.100,15.400,12058835,192039792
