#date, start price, highest price, close price, lowest price, deal number, deal amount
2015-03-31,8.600,8.630,8.490,8.460,44118088,376235968
2015-03-30,8.510,8.790,8.570,8.490,47400268,406252928
2015-03-27,8.540,8.730,8.560,8.450,41980432,360086624
2015-03-26,8.570,8.800,8.560,8.430,46549344,399773568
2015-03-25,8.400,8.850,8.610,8.320,68729304,587884160
2015-03-24,8.550,8.560,8.490,8.100,64571364,542373120
2015-03-23,8.390,8.610,8.570,8.350,58782688,497201760
2015-03-20,8.460,8.550,8.400,8.370,54349400,457650592
2015-03-19,8.400,8.600,8.480,8.220,64530824,544218688
2015-03-18,8.080,8.500,8.460,8.010,74297728,617843840
2015-03-17,8.080,8.120,8.080,7.900,80439704,645596032
2015-03-16,7.650,8.070,8.040,7.650,85157952,670623552
2015-03-13,7.560,7.670,7.630,7.530,45720800,347564096
2015-03-12,7.440,7.730,7.580,7.380,73032720,550890368
2015-03-11,7.660,7.870,7.630,7.560,139158160,1071360320
2015-03-10,7.360,8.800,8.240,7.360,219221824,1652487808
2015-03-09,8.180,8.180,8.180,8.180,6005100,49121720
2015-01-30,9.800,10.100,9.090,9.010,21695418,203526880
2015-01-29,9.980,10.260,9.840,9.750,11442631,115101216
2015-01-28,10.280,10.550,10.080,10.070,13262531,137666912
2015-01-27,10.000,10.350,10.340,9.900,14585002,147936544
2015-01-26,10.080,10.150,10.000,9.800,7893518,79117096
2015-01-23,10.370,10.480,10.020,9.980,9179505,92752256
2015-01-22,10.200,10.500,10.280,10.080,9626618,99257176
2015-01-21,9.950,10.660,10.270,9.950,23146570,241029648
2015-01-20,9.160,10.020,9.940,9.010,22447588,219059232
2015-01-19,8.410,9.390,9.160,8.410,9703207,88032952
2015-01-16,9.310,9.410,9.300,9.130,7395134,68686296
2015-01-15,9.550,9.630,9.300,9.160,9308320,86703288
2015-01-14,9.440,9.700,9.520,9.240,7229026,68465152
2015-01-13,9.040,9.800,9.440,9.030,15785934,150187328
2015-01-12,9.000,9.240,8.980,8.720,7749826,70112864
2015-01-09,9.200,9.440,8.980,8.960,10209559,93777008
2015-01-08,8.510,9.300,9.260,8.400,19188196,171845792
2015-01-07,8.500,8.850,8.590,8.390,9335083,80001752
2015-01-06,7.960,8.800,8.650,7.800,17781296,148257568
2015-01-05,8.190,8.190,8.140,7.760,10166479,80891936
2015-05-22,12.100,12.920,12.240,11.570,69502504,854197888
2015-05-21,11.000,11.920,11.920,11.000,64483484,742270080
2015-05-20,10.670,11.500,10.840,10.590,59154296,654524480
2015-05-19,10.430,10.890,10.660,10.150,71102536,744766976
2015-05-18,9.280,10.330,10.330,9.280,81025384,822384000
2015-05-15,9.700,9.700,9.390,9.280,23351020,220394320
2015-05-14,9.740,10.050,9.750,9.500,40068112,390817408
2015-05-13,9.390,9.770,9.740,9.280,44943668,429736032
2015-05-12,9.150,9.530,9.390,8.980,45070856,418418912
2015-05-11,8.500,9.230,9.120,8.420,33999768,300207520
2015-05-08,8.100,8.400,8.390,8.100,21109864,173962880
2015-05-07,8.270,8.420,8.020,7.990,22840496,186226928
2015-05-06,8.800,8.940,8.280,8.110,27183288,235401568
2015-05-05,9.360,9.370,8.780,8.610,24943764,226223632
2015-05-04,9.330,9.370,9.360,9.130,23217848,214460080
2015-04-30,9.600,9.650,9.360,9.280,27044380,254895984
2015-04-29,9.300,9.670,9.570,9.190,26352700,249625424
2015-04-28,10.040,10.050,9.380,9.300,46138632,442252224
2015-04-27,10.140,10.380,9.990,9.910,47414668,477601216
2015-04-24,10.020,10.410,10.130,9.870,61925332,627088000
2015-04-23,9.820,10.170,10.140,9.660,74113776,736251456
2015-04-22,9.620,10.200,9.940,9.550,69277344,682909504
2015-04-21,9.280,9.760,9.580,9.270,50901264,484512160
2015-04-20,9.200,9.580,9.220,9.080,47607512,443530720
2015-04-17,9.350,9.500,9.350,9.220,40964384,382914112
2015-04-16,9.250,9.400,9.300,8.880,33280570,306354432
2015-04-15,9.800,9.860,9.410,9.370,51199328,491672896
2015-04-14,9.520,10.260,9.960,9.260,74159864,716647040
2015-04-13,9.470,9.640,9.510,9.380,51301704,487592096
2015-04-10,9.150,9.630,9.490,9.150,64939948,615435776
2015-04-09,9.380,9.500,9.140,8.910,47043784,431849536
2015-04-08,9.690,9.690,9.370,9.150,55944096,526913280
2015-04-07,9.610,9.670,9.520,9.300,93051232,881753728
2015-04-03,8.590,9.460,9.460,8.520,127544272,1158709632
2015-04-02,8.590,8.620,8.600,8.470,45044756,384738400
2015-04-01,8.460,8.640,8.560,8.400,47193600,401579008
2015-09-30,7.240,7.240,7.240,7.240,2130400,15424096
2015-09-29,8.040,8.040,8.040,8.040,487300,3917892
2015-09-28,8.930,8.930,8.930,8.930,233200,2082476
2015-09-25,9.920,9.920,9.920,9.920,64100,635872
2015-09-24,11.020,11.020,11.020,11.020,256400,2825528
2015-10-12,6.790,7.200,7.050,6.760,72989872,509151776
2015-10-09,6.710,6.920,6.740,6.640,71897872,485515968
2015-10-08,6.730,7.420,7.070,6.550,135269504,926279936
2015-11-20,9.350,9.950,9.600,9.280,32928616,317202976
2015-11-19,9.100,9.380,9.370,9.090,19987728,184624368
2015-11-18,9.530,9.630,9.110,9.030,25602522,239963792
2015-11-17,9.610,9.780,9.480,9.400,30777912,294748800
2015-11-16,8.800,9.680,9.600,8.760,31899984,296109088
2015-11-13,8.940,9.400,9.000,8.840,33916524,309233344
2015-11-12,8.950,9.200,9.070,8.720,35355580,315146912
2015-11-11,8.480,9.140,9.030,8.480,42920800,380636224
2015-11-10,8.290,8.600,8.450,8.220,27590100,232684336
2015-11-09,8.090,8.490,8.350,8.030,38719744,320131488
2015-11-06,8.180,8.330,8.270,8.160,27112892,223928304
2015-11-05,8.240,8.300,8.190,8.100,40008404,327839712
2015-11-04,7.880,8.290,8.240,7.880,40431580,328122880
2015-11-03,7.830,8.040,7.880,7.800,23823030,188323664
2015-11-02,7.700,8.100,7.830,7.640,35359460,279967584
2015-10-30,8.030,8.100,7.900,7.800,37628844,298966848
2015-10-29,7.750,8.350,8.130,7.650,63700104,513603584
2015-10-28,7.600,8.000,7.710,7.590,36921248,286973056
2015-10-27,7.500,7.810,7.690,7.400,36121704,275109312
2015-10-26,7.750,8.220,7.830,7.480,57338276,448149792
2015-10-23,7.440,7.860,7.700,7.300,50456640,381404768
2015-10-22,7.230,7.490,7.440,7.100,43160888,315166304
2015-10-21,7.750,7.970,7.200,7.100,71948504,547488256
2015-10-20,7.510,7.610,7.590,7.380,51874996,388979424
2015-10-19,7.150,7.770,7.680,7.120,79490000,594102272
2015-10-16,7.310,7.370,7.180,7.050,47062984,338153344
2015-10-15,7.100,7.360,7.270,7.080,39447736,285935584
2015-10-14,7.320,7.440,7.140,7.100,49646416,358844704
2015-10-13,6.940,7.450,7.420,6.920,64716340,463493536
