#date, start price, highest price, close price, lowest price, deal number, deal amount
2015-03-31,13.990,14.250,13.650,13.620,5422073,75144296
2015-03-30,13.800,14.390,13.990,13.520,7538600,104637984
2015-03-27,13.450,13.850,13.760,13.230,6351675,86430784
2015-03-26,13.490,13.800,13.230,12.990,9188530,122699744
2015-03-25,13.480,13.760,13.520,13.220,6503530,87780352
2015-03-24,13.900,14.090,13.600,13.000,10194591,137576784
2015-03-23,13.680,14.350,14.000,13.540,6598673,92215888
2015-03-20,13.690,13.950,13.700,13.440,6956382,95052776
2015-03-19,13.300,14.610,13.870,13.010,13860398,193868752
2015-03-18,12.250,13.480,13.280,12.110,10134472,129036264
2015-03-17,11.840,12.500,12.290,11.650,9083635,110392080
2015-03-16,11.550,11.830,11.810,11.510,4509876,52817672
2015-03-13,11.400,11.780,11.490,11.390,3371498,38914916
2015-03-12,11.700,11.760,11.490,11.290,4773579,55007788
2015-03-11,11.270,11.740,11.660,11.170,6614827,76419432
2015-03-10,11.300,11.330,11.220,11.170,2919607,32809372
2015-03-09,11.090,11.360,11.300,11.020,4593748,51493996
2015-03-06,11.160,11.440,11.090,10.950,4923646,54863068
2015-03-05,11.390,11.750,11.230,11.160,6605222,75641760
2015-03-04,11.300,11.450,11.390,11.050,5365113,60432280
2015-03-03,10.920,11.550,11.300,10.700,10346210,115518512
2015-03-02,11.020,11.020,10.930,10.730,4959958,53784684
2015-02-27,11.000,11.110,10.930,10.760,4411927,48087124
2015-02-26,10.720,10.970,10.940,10.700,4138951,44960512
2015-02-25,10.330,11.090,10.890,10.330,7621394,82014832
2015-02-17,10.200,10.400,10.330,10.200,2939433,30249946
2015-02-16,10.050,10.300,10.230,9.980,3322444,33751384
2015-02-13,9.780,10.080,10.040,9.760,4718039,47069264
2015-02-12,9.570,9.780,9.760,9.550,2504874,24285654
2015-02-11,9.570,9.700,9.550,9.450,2341348,22417552
2015-02-10,9.360,9.600,9.540,9.320,2029911,19144666
2015-02-09,9.200,9.480,9.370,9.200,862095,8071841
2015-02-06,9.600,9.690,9.390,9.350,1625882,15509146
2015-02-05,9.830,9.890,9.720,9.560,2767126,26928824
2015-02-04,9.920,9.950,9.780,9.710,3485399,34218184
2015-02-03,9.610,9.900,9.870,9.490,3181236,30803140
2015-02-02,9.610,9.690,9.600,9.430,1638320,15640777
2015-01-30,9.880,9.900,9.690,9.600,1889600,18400096
2015-01-29,9.700,9.860,9.820,9.630,2080604,20336856
2015-01-28,9.790,9.850,9.740,9.710,2262506,22109626
2015-01-27,9.910,10.070,9.840,9.710,3893881,38521560
2015-01-26,9.880,9.940,9.910,9.710,3349071,33048002
2015-01-23,9.750,9.950,9.840,9.630,4702557,46074812
2015-01-22,9.450,9.720,9.700,9.450,3570328,34225372
2015-01-21,9.200,9.500,9.480,9.140,3265820,30571166
2015-01-20,8.950,9.200,9.200,8.950,2169753,19832096
2015-01-19,9.190,9.250,8.980,8.850,3587685,32605672
2015-01-16,9.550,9.660,9.400,9.380,2303900,21786884
2015-01-15,9.460,9.550,9.410,9.330,2567384,24206920
2015-01-14,9.300,9.620,9.500,9.000,5052760,47939456
2015-01-13,9.180,9.340,9.320,9.110,1252596,11563747
2015-01-12,9.520,9.530,9.180,9.110,2314765,21399268
2015-01-09,9.830,9.860,9.520,9.430,2285861,22262316
2015-01-08,9.850,10.000,9.820,9.780,2251527,22176026
2015-01-07,9.920,9.960,9.850,9.750,1973950,19422300
2015-01-06,9.630,9.970,9.950,9.600,3205311,31305564
2015-01-05,9.680,9.890,9.770,9.500,3103495,30236516
2015-06-30,18.200,20.000,19.840,16.790,5738642,103705584
2015-06-29,21.150,21.350,18.650,18.650,5019532,96729040
2015-06-26,22.100,22.800,20.720,20.720,5627480,118881984
2015-06-25,22.900,24.280,23.020,22.000,5792724,135850672
2015-06-24,22.390,23.400,23.080,21.950,5059107,115903640
2015-06-23,21.690,22.800,22.570,19.640,4911923,105957464
2015-06-19,23.400,23.400,21.460,21.460,4864623,107317240
2015-06-18,25.240,25.250,23.840,23.800,4698265,114809976
2015-06-17,24.520,25.550,25.200,23.500,4758039,116849288
2015-06-16,28.000,28.000,25.490,25.340,8029968,209194880
2015-06-15,26.750,28.700,28.150,26.020,9317222,254765152
2015-06-12,25.290,26.900,26.130,25.000,7933257,208255248
2015-06-11,23.700,25.730,25.250,23.620,10334732,257263920
2015-06-10,23.960,23.960,23.390,22.980,5406005,126737424
2015-06-09,24.000,24.600,23.590,23.470,4425236,105715216
2015-06-08,25.900,26.100,24.490,24.000,6671273,166146912
2015-06-05,24.500,25.680,25.340,23.510,12723755,313157632
2015-06-04,24.020,24.560,24.500,21.690,11527940,262257536
2015-06-03,25.330,25.480,24.100,22.980,8551082,205671424
2015-06-02,24.600,25.590,25.090,24.010,8670205,214051712
2015-06-01,21.580,23.300,23.300,21.500,11525940,261411792
2015-05-29,20.050,21.390,21.180,19.280,9456318,192401392
2015-05-28,22.030,22.600,20.340,20.320,8780602,189557728
2015-05-27,23.070,24.130,22.580,21.650,12778514,292175744
2015-05-26,21.750,22.900,22.900,21.120,9592197,214854784
2015-05-25,18.280,20.820,20.820,18.210,12839816,254537696
2015-05-22,17.180,18.940,18.930,17.100,13412017,247498368
2015-05-21,16.800,17.510,17.220,16.720,7857184,134325680
2015-05-20,16.320,17.100,17.000,16.010,9414929,156587952
2015-05-19,15.660,16.440,16.380,15.380,7070240,114623888
2015-05-18,15.450,15.890,15.680,15.120,4777507,74137216
2015-05-15,15.780,16.300,15.510,15.500,5888276,93421360
2015-05-14,15.600,15.870,15.670,15.400,5693381,88635336
2015-05-13,14.900,15.990,15.880,14.650,8578509,131699088
2015-05-12,14.920,15.020,14.910,14.650,5580492,82919720
2015-05-11,14.300,15.200,14.850,14.300,7381893,109390504
2015-05-08,13.770,14.300,14.240,13.510,5792389,80176376
2015-05-07,14.480,14.480,13.550,13.510,5005044,69878296
2015-05-06,15.000,15.400,14.580,14.550,5998911,89275552
2015-05-05,15.740,16.180,15.070,14.990,6092277,95142592
2015-05-04,15.750,17.000,16.350,14.950,14145625,222553904
2015-04-30,17.000,17.450,15.500,15.000,19007772,314956672
2015-04-14,14.810,16.020,15.960,14.380,10085938,151274176
2015-04-13,14.770,14.880,14.780,14.380,9386680,137299952
2015-04-10,14.430,14.980,14.780,14.350,8135594,119009952
2015-04-09,15.080,15.200,14.620,13.900,6848546,99011720
2015-04-08,15.180,15.400,14.990,14.600,7638018,114502976
2015-04-07,15.100,15.510,15.200,15.000,7404007,112626608
2015-04-03,14.300,15.630,15.280,14.210,9317413,140476656
2015-04-02,13.720,14.500,14.380,13.720,6822632,97096696
2015-04-01,13.810,13.900,13.790,13.520,4093721,56324876
2015-08-14,16.800,18.080,17.080,16.610,11166848,192997568
2015-08-13,15.600,17.000,16.970,15.000,11105281,177867776
2015-08-12,15.120,15.950,15.700,15.000,8570736,132576216
2015-08-11,15.430,15.690,15.500,15.030,12467862,192075264
2015-08-10,13.900,15.150,15.150,13.850,13512712,199593328
2015-08-07,13.380,13.900,13.770,13.350,5286712,72075888
2015-08-06,13.010,13.600,13.150,12.800,3682000,48736508
2015-08-05,14.000,14.230,13.510,13.260,7103976,98130920
2015-08-04,13.180,14.200,14.160,12.680,8711589,116987880
2015-08-03,13.990,14.470,13.200,13.010,5941860,82170096
2015-07-31,14.000,14.790,13.900,13.500,4928318,69559864
2015-07-30,14.700,15.410,14.300,13.850,9614381,144073344
2015-07-29,13.770,14.730,14.680,13.460,11210424,156053168
2015-07-28,12.860,14.190,13.400,12.720,8464439,112153264
2015-07-27,15.110,16.370,14.130,14.130,10047631,153735664
2015-07-24,15.550,16.490,15.700,15.500,12647521,203019328
2015-07-23,14.600,15.950,15.500,14.600,10148564,154891024
2015-07-22,14.290,15.190,14.840,13.980,9333383,135015920
2015-07-21,13.460,14.470,14.150,13.090,7833493,109834176
2015-07-20,13.460,13.980,13.740,13.010,8754061,118473032
2015-07-17,12.800,13.560,13.280,12.690,8796185,115973880
2015-07-16,12.120,13.960,12.640,12.120,8861566,113704448
2015-07-15,14.300,14.450,13.470,13.470,5127737,70493216
2015-07-14,14.100,15.430,14.970,13.610,16835500,243878672
2015-07-13,13.500,14.030,14.030,13.310,15063540,209037040
2015-07-10,12.000,12.750,12.750,11.720,5160453,64809992
2015-07-09,9.490,11.590,11.590,9.490,11556639,120345600
2015-07-08,10.540,10.540,10.540,10.540,284500,2998630
2015-07-07,12.000,12.000,11.710,11.710,3988400,46753336
2015-07-06,15.890,15.890,13.010,13.010,18146512,241627296
2015-07-03,15.000,15.880,14.460,14.460,5311200,77727888
2015-07-02,16.950,17.790,16.070,16.070,5355877,88415592
2015-07-01,19.000,20.640,17.860,17.860,4843053,95470416
2015-08-17,16.960,17.070,16.880,16.000,12746149,211685952
2015-08-18,17.160,17.680,15.190,15.190,13461288,224785488
2015-08-20,15.010,15.200,14.700,14.480,7716275,114410184
2015-08-19,14.900,15.600,15.390,13.670,11308692,164737504
2015-09-14,11.420,11.460,10.160,10.160,5167435,55627916
2015-09-11,11.380,11.380,11.290,10.920,3453066,38523740
2015-09-10,11.160,11.310,11.010,10.900,3521175,39228400
2015-09-09,11.070,11.450,11.260,10.700,6125776,68539784
2015-09-08,10.110,10.940,10.850,9.990,4205066,43858408
2015-09-07,10.200,10.570,10.140,10.010,3795554,38929328
2015-09-02,9.910,10.860,9.920,9.500,5422648,54950832
2015-09-01,11.570,11.570,10.440,10.440,4979100,54045900
2015-08-31,11.300,11.700,11.600,11.010,6532206,73943560
2015-08-28,10.620,11.600,11.560,10.620,7936383,87789520
2015-08-27,10.320,10.670,10.610,9.500,6336382,64925364
2015-08-26,10.680,11.180,9.990,9.660,10234399,105437272
2015-08-25,10.730,10.950,10.730,10.730,4241600,45591128
2015-08-24,12.700,12.720,11.920,11.920,2828700,34102956
2015-08-21,13.740,14.480,13.240,13.230,6460880,89471208
2015-09-30,11.030,11.390,11.130,10.890,3177038,35531332
2015-09-29,11.050,11.260,11.050,10.920,2980912,33065658
2015-09-28,11.070,11.450,11.430,10.840,4036317,45168632
2015-09-25,11.230,11.390,11.050,10.800,5000397,55512328
2015-09-24,11.280,11.470,11.410,10.960,6279386,70671288
2015-09-23,11.270,11.450,11.090,10.890,8581232,96341656
2015-09-22,10.980,11.700,11.700,10.970,11728964,133053224
2015-09-21,10.000,10.690,10.640,9.850,5137757,53337992
2015-09-18,10.200,10.340,10.110,9.940,4275043,43210456
2015-09-17,10.300,10.780,10.150,10.000,5254205,54517104
2015-09-16,9.670,10.600,10.480,9.500,5811538,58159264
2015-09-15,9.700,10.000,9.640,9.360,3978687,38716840
2015-10-12,11.880,12.550,12.370,11.800,6809010,83205200
2015-10-09,11.650,11.860,11.850,11.400,5317954,62094384
2015-10-08,11.560,12.080,11.840,11.300,7215102,83811800
2015-11-20,15.520,16.600,16.310,15.520,6524756,104182576
2015-11-19,15.130,15.480,15.470,15.130,3444028,52713816
2015-11-18,15.550,15.890,15.310,15.000,5813070,88937888
2015-11-17,16.100,16.260,15.550,15.480,4666652,74110856
2015-11-16,15.450,15.980,15.910,15.200,4725238,73616992
2015-11-13,16.000,16.970,15.790,15.730,6725928,109830480
2015-11-12,15.540,16.800,16.280,15.540,12251780,198564304
2015-11-11,14.850,15.450,15.340,14.850,5912220,89567632
2015-11-10,15.100,15.450,14.990,14.750,6812611,102826184
2015-11-09,14.650,15.250,15.190,14.570,9087732,135194704
2015-11-06,14.650,14.940,14.680,14.380,8081830,118246584
2015-11-05,14.400,15.000,14.670,14.270,10423947,151998448
2015-11-04,13.290,14.000,13.940,13.250,8865883,120404928
2015-11-03,13.510,13.720,13.110,13.020,5255933,69937448
2015-11-02,13.500,14.050,13.530,13.310,4016712,55211800
2015-10-30,14.700,14.700,14.160,14.110,7048316,101522968
2015-10-29,15.000,15.200,14.820,14.500,7196121,106258768
2015-10-28,14.490,15.500,15.110,14.400,12817671,193467680
2015-10-27,14.830,14.830,14.670,13.730,7153817,103057920
2015-10-26,14.400,15.360,14.880,14.160,16420342,241906064
2015-10-23,12.980,14.070,14.070,12.850,10493655,144996928
2015-10-22,12.250,12.840,12.790,12.250,4807331,60221688
2015-10-21,13.360,13.790,12.310,12.150,8159658,107470512
2015-10-20,13.200,13.470,13.330,13.080,5517918,73027240
2015-10-19,13.670,13.680,13.400,13.100,5104892,68349968
2015-10-16,13.210,13.780,13.670,13.070,7174673,96912664
2015-10-15,12.720,13.100,13.080,12.550,4893707,62875344
2015-10-14,12.510,13.300,12.680,12.380,6175313,79700648
2015-10-13,12.240,12.800,12.630,12.210,4955944,62158640
