#date, start price, highest price, close price, lowest price, deal number, deal amount
2015-03-31,18.160,18.590,18.110,17.940,26999664,492702976
2015-03-30,18.150,18.450,18.130,17.860,26349772,480067648
2015-03-27,16.920,18.490,18.290,16.920,39644172,707381824
2015-03-26,16.850,17.350,16.900,16.600,23595276,400905248
2015-03-25,17.240,17.240,16.910,16.760,17393242,294772448
2015-03-24,17.460,17.480,17.250,16.320,33625472,571974016
2015-03-23,17.090,17.210,17.080,16.830,19235286,326975744
2015-03-20,16.700,17.420,17.020,16.690,26188406,446064640
2015-03-19,15.700,17.260,16.890,15.650,44825992,742987456
2015-03-18,15.590,15.800,15.690,15.340,19165916,298779488
2015-03-17,15.400,15.830,15.520,15.360,18617816,290648704
2015-03-16,15.140,15.680,15.490,15.100,17641574,271932512
2015-03-13,15.000,15.230,15.090,15.000,8124547,122747336
2015-03-12,15.160,15.240,15.060,14.850,10469747,157336128
2015-03-11,15.200,15.260,15.070,14.950,10074479,152355920
2015-03-10,15.200,15.300,15.160,14.900,10205620,154455312
2015-03-09,14.870,15.250,15.200,14.810,9653297,145540608
2015-03-06,15.010,15.150,14.970,14.920,10474381,157410672
2015-03-05,15.490,15.550,14.980,14.900,21464814,323247392
2015-03-04,15.660,15.800,15.470,15.330,13186236,203700096
2015-03-03,15.580,16.160,15.590,15.550,18646360,295353056
2015-03-02,15.600,15.660,15.570,15.410,13358358,207327408
2015-02-27,15.530,15.680,15.500,15.380,10492528,162724720
2015-02-26,15.820,15.900,15.520,15.260,14451912,224806960
2015-02-25,15.360,16.100,15.840,15.350,17329206,272767136
2015-02-17,15.020,15.540,15.400,14.910,18253296,278406112
2015-02-16,14.900,15.270,14.990,14.890,13946229,209448176
2015-02-13,14.830,15.080,14.900,14.700,14094840,210280720
2015-02-12,14.900,15.100,14.740,14.600,16082562,237809024
2015-02-11,14.710,15.300,14.810,14.580,14274731,213333056
2015-02-10,14.820,15.120,14.710,14.530,13608723,200273264
2015-02-09,15.370,15.400,14.990,14.930,16351635,246293328
2015-02-06,15.760,16.080,15.350,15.000,25641704,397514720
2015-02-05,15.360,16.170,15.570,15.200,36599004,576350080
2015-02-04,14.600,15.780,15.400,14.160,33117600,498278880
2015-02-03,14.550,14.900,14.500,14.400,14967601,217979712
2015-02-02,14.360,14.830,14.360,14.310,13801325,200957392
2015-01-30,14.930,15.180,14.610,14.550,19994524,295610176
2015-01-29,14.550,15.240,14.910,14.530,25210862,376915296
2015-01-28,14.900,15.280,14.780,14.680,37888608,568588096
2015-01-27,14.620,15.580,14.940,14.180,51518040,757605824
2015-01-26,14.000,14.850,14.390,13.900,68979904,990071808
2015-01-23,12.600,13.790,13.790,12.400,34412444,457684160
2015-01-22,12.590,12.670,12.540,12.370,14922410,186095296
2015-01-21,12.460,12.850,12.590,12.460,19798304,251416256
2015-01-20,12.290,12.580,12.440,12.100,16648856,206502912
2015-01-19,12.150,12.700,12.070,11.720,23268816,286299296
2015-01-16,12.300,12.390,12.260,12.030,20301930,248457520
2015-01-15,11.490,12.400,12.220,11.480,29824832,358505792
2015-01-14,11.650,11.700,11.480,11.400,9409278,108730768
2015-01-13,11.400,11.470,11.330,11.320,7339364,83499528
2015-01-12,11.370,11.460,11.420,11.220,7989449,90440640
2015-01-09,11.510,11.760,11.350,11.320,10291120,119141672
2015-01-08,11.720,11.820,11.560,11.540,10740528,125084568
2015-01-07,11.760,11.960,11.710,11.570,11779167,138496272
2015-01-06,11.730,11.850,11.770,11.570,9499930,111339592
2015-01-05,11.800,11.900,11.750,11.500,11493674,134000192
2015-06-30,14.950,15.530,15.390,13.470,41137852,593837760
2015-06-29,17.210,17.310,14.970,14.970,32789816,514037760
2015-06-26,17.500,18.100,16.630,16.630,25265822,434732640
2015-06-25,18.010,19.750,18.480,17.700,40719456,772585856
2015-06-24,17.710,18.200,17.950,17.340,24457596,436262464
2015-06-23,17.360,18.270,17.420,16.170,28249448,484385472
2015-06-19,19.560,19.960,17.970,17.970,24477748,462466784
2015-06-18,20.750,20.970,19.970,19.830,22832032,467620832
2015-06-17,19.970,20.950,20.750,19.350,33641328,677486784
2015-06-16,21.060,21.060,19.970,19.600,29142116,587399296
2015-06-15,22.800,22.800,21.090,20.900,41961588,909206336
2015-06-12,22.400,22.980,22.620,22.050,38275356,865604288
2015-06-11,22.630,22.980,22.200,22.000,36698952,821660416
2015-06-10,23.850,23.850,22.930,22.700,42349440,978159296
2015-06-09,23.740,23.980,23.480,22.800,44876952,1048433280
2015-06-08,23.110,24.180,23.670,23.000,78636928,1863545856
2015-06-05,21.750,23.600,23.600,21.300,94710040,2144679680
2015-06-04,20.800,21.630,21.450,19.200,46330952,941324864
2015-06-03,21.860,22.220,20.850,20.200,43238360,904448000
2015-06-02,21.500,22.170,21.840,20.960,42210368,914159424
2015-06-01,21.000,21.520,21.450,20.350,41934944,882992448
2015-05-29,21.340,21.450,20.990,19.300,35431000,726328384
2015-05-28,23.700,23.700,21.350,21.330,39218360,883374080
2015-05-27,24.020,24.250,23.700,23.130,32918222,773220480
2015-05-26,23.950,24.300,24.020,23.000,35891760,854477632
2015-05-25,23.950,24.480,24.180,23.290,44171020,1048523328
2015-05-22,22.670,24.750,23.980,22.670,44291088,1054101632
2015-05-21,20.490,22.530,22.530,20.170,32902500,701065728
2015-05-20,19.950,20.980,20.480,19.950,24149844,496135264
2015-05-19,19.950,20.050,19.900,19.450,21285008,420098720
2015-05-18,19.290,20.050,19.770,19.240,23645228,467245632
2015-05-15,18.580,19.620,19.260,18.380,32279970,619419904
2015-05-14,18.750,18.900,18.560,18.310,21457738,398948096
2015-05-13,17.840,19.000,18.570,17.560,27192150,501893376
2015-05-12,17.900,17.970,17.780,17.500,15633900,276395360
2015-05-11,17.380,17.870,17.850,17.140,18323122,320180512
2015-05-08,16.910,17.350,17.340,16.910,14334676,245553760
2015-05-07,16.650,16.950,16.790,16.450,12146287,202539728
2015-05-06,17.090,17.270,16.730,16.630,14264084,242277440
2015-05-05,17.420,17.640,16.960,16.810,16138478,276005216
2015-05-04,17.730,17.990,17.510,17.400,12421503,219095968
2015-04-30,18.030,18.280,17.680,17.590,11733435,209164624
2015-04-29,17.300,18.000,17.930,17.180,16387947,289935648
2015-04-28,18.360,18.430,17.390,17.140,21100352,373115744
2015-04-27,18.460,19.190,18.360,18.340,26599712,496024736
2015-04-24,18.470,18.570,18.350,18.060,18850942,344820832
2015-04-23,18.250,18.790,18.570,18.200,24778852,458167488
2015-04-22,18.200,18.880,18.290,18.200,26632844,492810624
2015-04-21,17.080,18.280,18.100,17.080,27107254,481263008
2015-04-20,17.000,17.450,17.110,16.590,23082880,395441056
2015-04-17,17.430,17.570,17.040,17.000,21991966,377401280
2015-04-16,17.000,17.600,17.330,16.500,20336760,347534720
2015-04-15,17.850,17.860,17.180,17.030,20157184,349441952
2015-04-14,18.280,18.280,17.850,17.750,23689456,426026464
2015-04-13,18.600,18.790,18.270,18.190,22581822,415068704
2015-04-10,18.250,18.460,18.280,18.000,18344380,334372928
2015-04-09,18.310,18.500,18.150,17.550,21410768,384733440
2015-04-08,18.930,19.120,18.280,18.000,24096064,445919872
2015-04-07,18.380,19.300,18.920,18.370,30783196,577503232
2015-04-03,18.270,18.690,18.380,18.010,18330388,336489408
2015-04-02,18.220,18.800,18.330,18.010,21095122,389110784
2015-04-01,18.180,18.300,18.190,17.900,23441080,423886816
2015-07-07,9.850,9.850,9.270,9.270,29067504,270251392
2015-07-06,12.300,12.320,10.300,10.100,60467212,649942656
2015-07-03,11.350,12.450,11.220,11.220,43186644,493253856
2015-07-02,12.700,13.700,12.470,12.470,38166892,486400576
2015-07-01,14.800,15.750,13.850,13.850,33800712,501580320
2015-08-18,10.200,10.200,10.200,10.200,343810,3506862
2015-08-20,12.340,12.340,12.340,12.340,4540745,56032792
2015-08-19,11.220,11.220,11.220,11.220,3936501,44167540
2015-09-14,8.800,8.970,7.700,7.700,51545480,426029248
2015-09-11,8.360,8.590,8.550,8.320,35847464,303335872
2015-09-10,8.400,8.660,8.380,8.220,36467720,308629504
2015-09-09,8.300,8.710,8.630,8.120,64736300,549829312
2015-09-08,7.500,8.280,8.190,7.300,44686296,344282368
2015-09-07,7.500,7.940,7.590,7.440,46568484,356009376
2015-09-02,7.430,8.340,7.340,7.340,49749256,380067680
2015-09-01,8.600,8.650,8.150,8.150,53518640,442720032
2015-08-31,9.900,9.920,9.050,9.040,72245656,680483328
2015-08-28,9.230,10.040,10.040,8.910,83565008,789291392
2015-08-27,9.380,9.850,9.130,8.430,87612352,788257664
2015-08-26,10.000,10.420,9.370,9.370,78591168,762902976
2015-08-25,10.410,10.660,10.410,10.410,31032820,323461664
2015-08-24,11.580,12.150,11.570,11.570,27498748,320087680
2015-08-21,12.340,13.450,12.850,12.110,144142288,1825530880
2015-09-30,9.280,9.380,8.760,8.650,71668976,639079232
2015-09-29,9.370,9.690,9.250,9.130,106036688,995233216
2015-09-28,9.000,9.790,9.790,8.790,151007104,1431286784
2015-09-25,8.600,8.900,8.900,8.600,116142224,1032492288
2015-09-24,7.840,8.190,8.090,7.830,38957048,312421600
2015-09-23,7.810,8.030,7.780,7.680,33011748,259339776
2015-09-22,8.110,8.320,8.130,7.880,46073784,373408096
2015-09-21,7.600,8.300,8.180,7.500,48166916,381298240
2015-09-18,7.580,7.800,7.760,7.350,38945688,296320480
2015-09-17,7.650,8.390,7.520,7.430,58511008,457094464
2015-09-16,6.970,7.650,7.650,6.950,43597760,317674144
2015-09-15,7.320,7.460,6.950,6.930,43606212,310968192
2015-10-12,9.120,10.130,10.130,9.000,101642344,977489024
2015-10-09,9.150,9.280,9.210,8.960,56933872,519319264
2015-10-08,9.030,9.400,9.330,8.800,71161384,650401664
2015-11-20,10.600,11.180,11.170,10.520,54619528,592462592
2015-11-19,10.250,10.620,10.610,10.220,21890300,227004256
2015-11-18,10.650,10.660,10.250,10.100,27559104,286754976
2015-11-17,10.710,10.980,10.510,10.380,48643244,521929600
2015-11-16,10.200,10.610,10.600,10.110,28448004,295446848
2015-11-13,10.730,10.790,10.460,10.400,35428688,374679168
2015-11-12,11.260,11.320,10.900,10.740,48258540,529303072
2015-11-11,11.200,11.330,11.260,11.100,42445004,475322016
2015-11-10,11.100,11.470,11.170,11.010,51698236,580069504
2015-11-09,10.980,11.590,11.350,10.600,84672624,945052096
2015-11-06,10.350,10.940,10.870,10.330,63054152,677707904
2015-11-05,10.380,10.830,10.450,10.220,66725460,700935488
2015-11-04,9.930,10.370,10.350,9.820,46828552,474360384
2015-11-03,9.850,10.130,9.740,9.700,28027700,277151008
2015-11-02,9.960,10.280,9.800,9.710,29354764,293195680
2015-10-30,10.550,10.590,10.220,10.090,42722604,441272032
2015-10-29,10.500,11.050,10.690,10.500,50390952,541773376
2015-10-28,10.530,11.280,10.500,10.200,77037864,834153024
2015-10-27,10.400,10.490,10.470,9.710,54489720,551018432
2015-10-26,10.690,10.700,10.440,10.200,49359268,515764960
2015-10-23,10.380,10.990,10.580,10.200,65856420,696743488
2015-10-22,9.910,10.580,10.460,9.620,72358832,735686720
2015-10-21,11.080,11.580,10.120,10.120,80020736,859841920
2015-10-20,10.850,11.500,11.240,10.710,83014192,929416320
2015-10-19,10.880,11.100,10.920,10.520,78771888,852164800
2015-10-16,11.150,11.360,11.070,10.500,146765168,1603406464
2015-10-15,9.600,10.560,10.560,9.600,86914800,895653696
2015-10-14,10.010,10.100,9.600,9.530,58567272,574792704
2015-10-13,9.930,10.300,10.130,9.800,74191976,743015360
