#date, start price, highest price, close price, lowest price, deal number, deal amount
2015-03-31,45.000,47.160,45.650,44.910,47836920,2209017600
2015-03-30,45.500,46.700,45.340,44.100,53909276,2426889728
2015-03-27,47.000,49.300,46.350,45.000,62003188,2910298880
2015-03-26,49.800,51.150,46.970,45.870,69681640,3361953024
2015-03-25,49.510,51.810,50.100,48.700,99153664,5064343040
2015-03-24,43.000,47.100,47.100,42.150,70144896,3183196928
2015-03-23,42.900,43.200,42.820,40.920,56277456,2371927552
2015-03-20,40.600,43.330,41.420,40.350,62888312,2632901376
2015-03-19,40.580,41.100,40.110,39.750,30230220,1217136896
2015-03-18,40.300,41.150,40.700,39.480,41440904,1667950592
2015-03-17,42.000,42.000,40.660,40.180,46996588,1914173824
2015-03-16,39.180,42.420,41.670,38.880,60381552,2440697088
2015-03-13,37.530,39.500,38.810,37.510,32243110,1241582208
2015-03-12,37.580,38.480,37.490,36.780,24008648,896227840
2015-03-11,39.030,39.050,37.850,37.700,25927332,985372544
2015-03-10,39.630,39.660,38.980,38.600,27343872,1068308672
2015-03-09,37.230,40.130,39.480,37.230,55067276,2146212864
2015-03-06,36.990,38.200,37.170,36.000,31008096,1159884160
2015-03-05,38.000,38.000,36.810,36.350,44579320,1646174080
2015-03-04,38.800,38.800,38.180,37.800,35173528,1344313344
2015-03-03,39.950,40.470,39.010,38.800,38539012,1525079808
2015-03-02,39.830,41.500,40.670,38.590,48670592,1936085120
2015-02-27,39.520,40.790,39.830,38.820,26272144,1040646080
2015-02-26,39.500,40.300,39.890,38.610,23742748,935895616
2015-02-25,40.800,41.660,39.490,39.280,27823002,1113355648
2015-02-17,42.850,42.950,40.960,40.500,41490200,1705101824
2015-02-16,38.400,42.690,42.690,38.010,58793592,2415376384
2015-02-13,39.000,39.720,38.810,38.040,34584568,1344402816
2015-02-12,39.750,40.750,38.960,37.770,46931616,1817896576
2015-02-11,39.470,41.500,39.920,39.110,36645996,1476734336
2015-02-10,38.200,39.950,39.470,36.500,33411690,1272022272
2015-02-09,37.770,39.990,38.240,37.230,27057348,1046356096
2015-02-06,40.160,41.450,37.610,37.520,33882008,1314471936
2015-02-05,40.910,43.580,40.690,39.900,51883664,2167907328
2015-02-04,38.390,41.800,41.500,37.790,56931472,2265555456
2015-02-03,35.590,39.180,38.180,35.030,63242008,2400021504
2015-02-02,33.800,36.680,35.620,33.620,34747668,1235455744
2015-01-30,37.610,38.150,34.040,33.500,42495996,1519582720
2015-01-29,34.900,37.080,37.000,34.750,35667448,1293176576
2015-01-28,35.600,36.800,35.510,34.710,33434936,1204099328
2015-01-27,36.610,37.470,35.520,34.960,36123864,1300001152
2015-01-26,34.850,36.630,36.520,34.470,42529316,1518384640
2015-01-23,36.410,37.220,34.450,34.170,55489896,1963683456
2015-01-22,37.880,38.290,36.820,36.350,49887044,1845538560
2015-01-21,37.500,38.980,38.310,36.620,44640468,1672860288
2015-01-20,37.000,39.380,38.350,35.910,53773248,2044184576
2015-01-19,37.710,40.500,36.630,35.690,67971552,2575268096
2015-01-16,33.560,37.520,37.520,33.500,30173180,1092254976
2015-01-15,31.510,34.170,34.110,31.500,34140356,1138067840
2015-01-14,32.500,33.480,32.260,31.310,45030096,1460671488
2015-01-13,29.350,31.960,31.960,28.890,48469972,1522282752
2015-01-12,27.510,29.500,29.050,27.200,32845656,947482560
2015-01-09,27.270,29.030,27.730,26.880,38325536,1084233728
2015-01-08,27.000,28.000,27.480,26.680,31871588,876956800
2015-01-07,26.420,27.500,27.010,26.300,37071208,997518464
2015-01-06,24.790,27.320,26.530,24.570,43615568,1130591616
2015-01-05,23.550,25.740,25.200,23.200,46087472,1123567616
2015-06-30,41.690,45.880,45.880,37.600,64940576,2743266560
2015-06-29,46.340,47.000,41.710,41.710,44479948,1883618816
2015-06-26,49.500,49.500,46.340,46.340,29938432,1412088832
2015-06-25,56.320,56.670,51.490,50.540,27654214,1497551744
2015-06-24,56.000,56.680,55.760,53.010,33414312,1845689856
2015-06-23,52.690,56.520,55.300,49.100,37389344,1982173952
2015-06-19,58.000,60.350,54.520,54.520,31009196,1762542464
2015-06-18,62.070,64.500,60.580,59.480,24192090,1515097984
2015-06-17,59.800,63.690,63.000,57.980,37197840,2275834880
2015-06-16,63.000,63.000,60.170,59.510,32012436,1956345856
2015-06-15,68.300,68.300,63.720,63.110,39831232,2588852480
2015-06-12,70.000,72.990,68.690,68.010,40091236,2832256768
2015-06-11,66.550,69.480,68.010,66.500,34771448,2359595776
2015-06-10,63.000,67.660,66.460,61.900,39142340,2554067712
2015-06-09,62.830,64.570,63.520,61.160,28570748,1806333440
2015-06-08,65.100,65.980,62.810,60.100,44316976,2770953472
2015-06-05,67.800,69.680,64.990,64.000,38811280,2589141248
2015-06-04,69.020,69.240,67.680,62.750,40327936,2670221824
2015-06-03,71.890,74.390,69.720,66.400,57820652,4049720064
2015-06-02,65.900,70.850,70.850,64.010,58450900,4028572416
2015-06-01,61.940,64.930,64.410,59.560,57485084,3547947264
2015-05-29,53.800,59.030,59.030,51.170,55137196,3107754496
2015-05-28,55.270,59.950,53.660,52.500,53723136,3056648448
2015-05-27,53.800,56.000,55.290,51.700,47351628,2543306752
2015-05-26,51.860,54.500,53.480,51.860,36269960,1934313088
2015-05-25,51.490,52.900,51.770,49.980,39595840,2027351936
2015-05-22,53.510,55.280,52.570,50.910,38696140,2042166144
2015-05-21,51.760,54.500,52.570,51.010,36502920,1929663488
2015-05-20,49.310,53.890,51.680,49.300,40161512,2084669184
2015-05-19,50.790,51.350,49.280,48.100,40906016,2012338304
2015-05-18,48.140,51.380,50.610,48.000,43943696,2191297792
2015-05-15,47.400,49.490,47.910,46.110,46768156,2230639104
2015-05-14,46.270,47.530,46.090,45.600,33873928,1573922304
2015-05-13,47.950,48.270,46.320,46.000,50655784,2384462848
2015-05-12,44.830,49.180,48.280,44.010,77312448,3587610624
2015-05-11,42.800,46.000,44.830,41.460,98436424,4268321536
2015-05-08,38.900,42.420,42.420,38.900,92178472,3818398976
2015-05-07,37.850,39.840,38.560,37.650,37590008,1462702464
2015-05-06,37.500,40.210,38.550,36.820,60000120,2330178816
2015-05-05,39.010,39.100,36.550,36.500,33159292,1253936000
2015-05-04,40.300,40.300,39.370,38.150,39674944,1559020928
2015-04-30,39.180,42.310,41.430,38.800,40183888,1653446144
2015-04-29,45.000,46.950,46.450,44.610,25751892,1185993600
2015-04-28,47.030,47.120,45.250,44.560,30475464,1384182016
2015-04-27,49.880,50.500,47.180,47.010,54970664,2662173696
2015-04-24,44.750,48.320,48.130,44.300,65035560,3055684096
2015-04-23,45.800,45.990,45.020,44.620,30034512,1355839232
2015-04-22,45.760,47.670,45.850,45.580,48451620,2250149376
2015-04-21,43.070,45.730,45.660,43.000,47081624,2107710848
2015-04-20,41.970,43.350,43.070,41.400,33291262,1415738112
2015-04-17,42.700,43.600,42.670,42.290,25828746,1107362048
2015-04-16,41.900,43.860,42.690,41.010,28295108,1205456128
2015-04-15,45.000,45.000,42.490,42.390,36484336,1583578752
2015-04-14,46.830,46.830,45.260,44.900,41072904,1873310464
2015-04-13,45.200,47.790,46.840,45.200,57273404,2675726848
2015-04-10,43.880,45.370,44.730,43.860,33525304,1501894400
2015-04-09,44.400,44.400,43.670,41.670,41082536,1769043072
2015-04-08,46.030,46.030,44.490,44.000,45215064,2022294400
2015-04-07,45.350,46.500,46.030,44.270,46538992,2117286784
2015-04-03,45.900,45.990,45.350,44.770,36944772,1666600320
2015-04-02,46.750,47.380,46.290,45.510,37432164,1724696576
2015-04-01,46.000,47.300,46.640,45.650,35510348,1648525824
2015-08-14,38.990,41.500,39.990,38.400,71424208,2858597888
2015-08-13,37.000,38.800,38.600,36.620,36752728,1384557312
2015-08-12,38.700,39.150,37.560,37.460,37976948,1458606080
2015-08-11,39.840,40.200,39.230,38.700,52418832,2069870592
2015-08-10,38.300,40.400,39.880,37.460,61034080,2377508352
2015-08-07,36.550,38.200,37.610,36.490,51563892,1936654464
2015-08-06,35.250,37.370,36.200,35.000,35719480,1294086528
2015-08-05,37.980,38.120,36.300,35.810,52139796,1925264384
2015-08-04,35.500,38.490,38.280,35.450,51497680,1902975104
2015-08-03,37.010,37.770,35.740,35.250,82909104,2974971392
2015-07-31,39.210,40.080,39.170,37.650,60935720,2370807040
2015-07-30,42.000,43.970,40.000,38.950,101978552,4316480512
2015-07-29,38.990,41.280,41.280,35.800,101803448,3936309504
2015-07-28,38.000,40.900,37.530,37.530,107024592,4078737664
2015-07-27,44.900,47.300,41.700,41.700,80257136,3592956928
2015-07-24,47.410,49.940,46.330,45.210,92293648,4430090752
2015-07-23,47.010,48.680,48.000,45.570,116872712,5499856384
2015-07-22,42.200,46.820,46.820,42.000,140419536,6460247040
2015-07-21,42.500,44.180,42.560,41.400,60586028,2595468544
2015-07-20,42.880,45.480,43.260,41.510,82623168,3598902528
2015-07-17,39.990,43.380,42.410,38.000,93089352,3807823616
2015-07-16,39.740,43.300,39.990,39.740,137425984,5552694784
2015-07-15,47.100,47.700,44.160,44.160,44734216,2025206528
2015-07-14,48.480,52.650,49.070,47.700,108454832,5406978560
2015-07-13,48.460,48.460,48.460,46.700,73422688,3540292352
2015-07-06,50.280,50.280,44.050,41.140,75801088,3405716480
2015-07-03,44.020,48.160,45.710,40.510,55886540,2438686976
2015-07-02,47.000,48.760,45.010,44.000,61791048,2878789120
2015-07-01,45.980,49.960,46.190,45.010,64893932,3125318656
2015-08-17,39.600,39.700,39.340,38.580,41038664,1607168896
2015-08-18,39.700,41.340,36.330,36.000,65466352,2563753984
2015-08-20,37.430,38.900,36.780,36.560,42965052,1621227520
2015-08-19,35.520,37.750,37.490,33.970,50823828,1840191232
2015-09-14,26.160,26.490,24.000,23.750,40787528,1003683840
2015-09-11,26.700,27.220,26.390,26.000,31234338,833341440
2015-09-10,26.310,26.990,25.960,25.900,29526224,780104000
2015-09-09,25.570,27.710,27.100,25.460,50282572,1342948992
2015-09-08,24.480,25.700,25.410,23.460,26714896,655455424
2015-09-07,24.120,25.800,24.050,23.620,28959356,719331072
2015-09-02,22.550,24.900,24.000,22.250,42280400,1004445056
2015-09-01,25.000,25.450,24.130,23.290,50198988,1211258368
2015-08-31,26.600,26.960,25.880,24.860,56119400,1441168512
2015-08-28,25.310,27.430,27.430,24.510,66592300,1716001152
2015-08-27,25.500,25.950,24.940,22.400,60308108,1477198208
2015-08-26,26.600,27.850,24.830,24.830,58807936,1524292480
2015-08-25,27.680,28.680,27.590,27.590,31488338,872021888
2015-08-24,32.040,32.800,30.650,30.650,27840532,859587008
2015-08-21,35.700,36.800,34.060,33.800,36536008,1283792896
2015-09-30,24.350,24.870,24.150,23.830,16097982,391940288
2015-09-29,24.400,24.590,24.160,23.760,20807020,501962304
2015-09-28,24.080,25.270,25.050,23.390,23699760,581174272
2015-09-25,25.890,26.100,24.080,23.700,23711380,590221248
2015-09-24,25.650,26.450,25.980,25.570,24783040,643122048
2015-09-23,25.160,26.190,25.460,25.100,27273988,696492992
2015-09-22,26.200,26.720,25.760,24.970,40262912,1044974720
2015-09-21,23.100,26.100,25.940,23.020,45703260,1138496000
2015-09-18,23.960,24.180,23.850,23.220,28958064,688210688
2015-09-17,24.050,25.470,23.760,23.590,50461676,1235370624
2015-09-16,22.790,24.220,24.220,22.500,47067020,1108638336
2015-09-15,23.400,24.730,22.020,22.000,25576200,587129472
2015-10-12,27.700,29.790,29.080,27.310,65379580,1897547904
2015-10-09,26.570,27.400,27.080,26.190,55524896,1491315840
2015-10-08,25.160,26.570,26.570,24.810,57933744,1523678336
2015-11-20,31.960,32.680,32.260,31.700,29868440,963852992
2015-11-19,30.960,31.750,31.710,30.600,20472860,638870720
2015-11-18,31.490,31.950,30.720,30.490,24152416,750505152
2015-11-17,32.910,33.150,31.480,31.160,38938160,1251070720
2015-11-16,31.100,32.580,32.380,30.950,29248678,934682752
2015-11-13,32.850,33.170,31.990,31.780,33285086,1076368768
2015-11-12,34.300,34.700,33.520,32.980,34601796,1161405568
2015-11-11,33.510,34.700,34.340,33.450,36127704,1230314368
2015-11-10,33.500,34.800,33.420,32.960,39650264,1338765824
2015-11-09,32.950,34.500,33.930,32.080,55181224,1850636416
2015-11-06,31.010,33.830,33.390,31.010,73623792,2416319488
2015-11-05,30.750,31.260,30.920,29.900,52406232,1608887168
2015-11-04,28.550,30.690,30.670,28.480,47101532,1407463936
2015-11-03,29.440,29.540,28.590,28.120,25875676,744077888
2015-11-02,28.900,30.750,29.060,28.570,34955744,1037846144
2015-10-30,30.000,30.950,29.970,29.500,31107988,941803648
2015-10-29,31.300,31.440,30.470,29.300,36438952,1100304896
2015-10-28,30.750,32.320,30.850,30.500,40114936,1263633408
2015-10-27,30.500,31.660,31.260,28.900,48592824,1475599232
2015-10-26,31.000,32.000,31.320,29.770,53381312,1653782144
2015-10-23,30.250,30.700,30.340,29.610,40978432,1239215744
2015-10-22,28.650,30.050,29.750,28.300,42974124,1263028224
2015-10-21,32.060,32.060,28.850,28.850,49581848,1505208832
2015-10-20,29.800,32.800,32.060,29.720,51503332,1613188224
2015-10-19,30.650,30.730,29.860,29.300,29706600,888197376
2015-10-16,30.830,31.000,30.620,29.400,41016312,1242915328
2015-10-15,28.350,31.000,30.110,28.350,38193052,1139224448
2015-10-14,29.210,29.570,28.580,28.280,31993184,921594176
2015-10-13,28.980,29.950,29.610,28.750,39711332,1166695040
