#date, start price, highest price, close price, lowest price, deal number, deal amount
2015-03-31,25.840,25.930,24.840,24.810,21337422,539541888
2015-03-30,25.150,25.770,25.460,24.750,22815836,576156288
2015-03-27,24.830,25.290,25.050,24.830,11112348,279214048
2015-03-26,25.000,25.060,24.770,24.510,12577877,311987648
2015-03-25,25.540,25.540,25.190,25.070,15578936,392980800
2015-03-24,26.510,26.600,25.550,24.700,33452724,854430336
2015-03-23,27.700,27.920,26.500,26.280,35888640,962918528
2015-03-20,26.450,27.260,26.970,25.900,34784772,923229376
2015-03-19,25.230,26.570,26.500,24.900,28103068,715966016
2015-03-18,24.890,25.300,25.190,24.850,18179308,455755264
2015-03-17,25.010,25.080,24.820,24.630,17741432,441385664
2015-03-16,24.860,25.510,25.170,24.280,25307836,628001664
2015-03-13,24.100,24.490,24.470,23.960,10106508,244089872
2015-03-12,24.370,24.430,24.190,23.890,12389497,298848896
2015-03-11,25.130,25.320,24.420,24.250,17079520,421046560
2015-03-10,25.440,25.580,25.340,24.760,19528644,490768032
2015-03-09,24.530,25.490,25.430,24.530,35956524,903890304
2015-03-06,24.060,24.360,24.260,23.660,13021733,313730144
2015-03-05,24.380,24.490,24.020,23.900,12540153,302669888
2015-03-04,24.550,24.870,24.470,23.540,24460362,590278592
2015-03-03,25.690,25.800,24.440,24.320,31692924,798498624
2015-03-02,24.750,24.980,24.800,24.400,12678866,313463712
2015-02-27,24.580,25.090,24.510,24.310,10612631,261137776
2015-02-26,24.620,24.620,24.540,24.010,10807103,263174192
2015-02-25,23.910,24.880,24.700,23.860,14269373,349911424
2015-02-17,23.370,24.310,24.020,23.370,13170658,314895488
2015-02-16,23.460,23.580,23.340,23.200,10106844,235987488
2015-02-13,23.330,23.740,23.420,23.150,11932967,280031936
2015-02-12,22.900,23.340,22.980,22.510,7994038,183402656
2015-02-11,22.860,23.150,22.900,22.630,7741765,177258688
2015-02-10,21.800,22.730,22.690,21.710,7895158,175425152
2015-02-09,21.610,22.140,21.810,21.510,6446529,140834336
2015-02-06,22.590,22.900,21.830,21.560,13185546,292566400
2015-02-05,23.820,23.900,22.700,22.670,12462172,290470688
2015-02-04,23.380,23.970,23.240,23.010,12800646,300438848
2015-02-03,23.350,23.700,23.330,22.630,14301531,330280192
2015-02-02,22.700,23.740,23.090,22.500,12674282,294249568
2015-01-30,24.050,24.380,23.410,23.300,15792225,374537728
2015-01-29,25.010,25.010,23.990,23.700,25344074,615350848
2015-01-28,26.000,26.450,25.250,25.100,27175098,698590784
2015-01-27,26.240,26.670,26.100,25.260,37415704,970986688
2015-01-26,24.950,25.960,25.960,24.300,49439736,1244865280
2015-01-23,23.900,24.180,23.600,23.380,18472606,436689504
2015-01-22,23.850,24.560,23.840,23.370,26083200,623689984
2015-01-21,22.300,23.780,23.490,22.180,28166852,655759872
2015-01-20,21.500,22.380,22.020,21.420,18164512,398059584
2015-01-19,21.900,23.240,21.210,21.040,24961044,550747584
2015-01-16,22.360,23.470,23.380,21.860,20856126,471698720
2015-01-15,21.550,22.280,22.200,21.550,15580771,342561344
2015-01-14,21.110,21.460,21.340,20.900,9986747,211604560
2015-01-13,21.780,22.160,21.120,20.800,12402587,266199904
2015-01-12,21.500,22.500,21.860,21.280,12185374,266932880
2015-01-09,22.610,22.800,21.840,21.750,21419636,473712608
2015-01-08,23.490,24.290,22.840,22.800,14635505,343582112
2015-01-07,22.650,23.630,23.410,22.630,16374506,380537440
2015-01-06,22.880,23.480,22.840,22.280,18796788,430185792
2015-01-05,23.700,25.210,23.570,23.530,26808290,651431104
2015-06-30,22.880,24.800,24.290,20.890,21293732,483638080
2015-06-29,26.690,26.690,23.210,23.210,18702180,456989664
2015-06-26,27.480,28.130,25.790,25.790,15962436,423619104
2015-06-25,30.200,30.750,28.650,27.900,21155060,629786624
2015-06-24,28.800,31.550,30.990,27.410,29041676,842975296
2015-06-23,27.990,29.150,28.720,26.020,12992307,362542976
2015-06-19,30.990,32.480,28.500,28.300,17367872,529846112
2015-06-18,32.100,33.300,31.300,31.130,18125230,585968128
2015-06-17,32.050,32.500,32.000,30.150,17066544,532837760
2015-06-16,31.510,33.710,32.430,31.180,23812210,772501632
2015-06-15,36.450,36.450,33.050,33.050,42574708,1438341120
2015-06-12,36.720,36.720,36.720,36.720,3639066,133626504
2015-06-09,33.510,34.310,33.380,32.370,50556612,1692381056
2015-06-08,29.800,32.010,32.010,29.140,50163320,1530694272
2015-06-05,28.180,29.150,29.100,27.710,28840124,823540288
2015-06-04,29.000,29.200,27.870,25.980,22448660,617135872
2015-06-03,28.620,29.490,28.740,27.800,20838512,597956800
2015-06-02,27.660,29.180,28.510,27.200,22496746,635018688
2015-06-01,26.480,27.640,27.480,26.110,18976432,513969536
2015-05-29,26.750,27.400,26.100,25.200,21564796,566839808
2015-05-28,29.490,30.240,26.750,26.750,31121270,892243712
2015-05-27,31.000,31.000,29.720,29.300,35356996,1060588928
2015-05-26,27.660,30.240,30.240,27.010,38370236,1117979264
2015-05-25,27.210,27.800,27.490,26.680,26744550,728607040
2015-05-22,26.000,27.560,27.260,25.460,35817976,950893120
2015-05-21,24.920,25.570,25.440,24.750,15537731,392844416
2015-05-20,24.610,25.600,24.920,24.490,19510704,490200096
2015-05-19,24.200,24.840,24.490,24.150,13897543,340191008
2015-05-18,24.190,24.800,24.300,23.600,11732276,287324736
2015-05-15,24.140,24.900,24.200,23.200,15806842,379662560
2015-05-14,24.800,24.850,24.150,24.100,10209117,248524544
2015-05-13,24.990,25.430,24.880,24.280,14699208,363487040
2015-05-12,23.940,25.880,24.860,23.820,18870376,470932576
2015-05-11,23.540,23.900,23.800,23.210,12379582,290791520
2015-05-08,22.850,23.090,23.080,22.540,8479882,193548464
2015-05-07,23.000,23.160,22.470,22.230,9719229,219728128
2015-05-06,24.020,24.450,22.990,22.750,11529819,274531904
2015-05-05,25.200,25.210,24.020,24.000,11884291,293748864
2015-05-04,25.590,25.590,25.270,24.950,9230905,232196688
2015-04-30,25.800,26.000,25.390,25.360,11540968,297100256
2015-04-29,25.570,25.970,25.820,25.010,10619131,272240736
2015-04-28,26.890,27.150,25.550,25.410,20560020,537304256
2015-04-27,27.400,27.400,26.930,26.320,28741786,774357440
2015-04-24,25.800,27.390,27.100,25.560,32904332,876244480
2015-04-23,26.480,26.790,26.210,26.000,20650990,543132672
2015-04-22,25.800,26.560,26.290,25.560,23673108,616973184
2015-04-21,25.150,25.550,25.530,25.000,15250551,386262080
2015-04-20,25.130,25.880,25.060,24.680,20490184,521289248
2015-04-17,25.150,25.570,25.060,25.000,17892072,450616480
2015-04-16,24.850,25.200,24.960,24.300,18802380,464676640
2015-04-15,27.220,27.290,25.240,25.200,27214908,710206592
2015-04-14,26.570,27.970,27.500,26.460,42947416,1175373312
2015-04-13,26.530,27.260,26.860,25.890,33159832,879777024
2015-04-10,26.880,26.880,26.500,26.310,26810092,712973312
2015-04-09,26.150,27.110,26.810,25.360,45174440,1193894272
2015-04-08,25.630,26.900,26.690,24.840,46253012,1194644736
2015-04-07,24.950,25.550,25.530,24.880,25451504,643529984
2015-04-03,24.820,25.060,24.900,24.500,14451092,359122048
2015-04-02,25.180,25.190,24.950,24.810,14089039,351590080
2015-04-01,24.720,25.130,24.970,24.700,13284156,330994336
2015-08-14,26.000,26.810,26.810,25.500,37418800,996448000
2015-08-13,22.400,24.370,24.370,22.400,41394316,990984000
2015-08-12,20.000,22.150,22.150,19.780,29675132,639010432
2015-08-11,19.830,20.700,20.140,19.690,13597565,273691648
2015-08-10,18.600,19.740,19.690,18.510,12408069,238432768
2015-08-07,17.660,18.380,18.300,17.650,9479223,171992816
2015-08-06,17.180,17.820,17.440,17.010,5083608,88902712
2015-08-05,17.730,18.370,17.620,17.280,8515031,152673472
2015-08-04,16.700,17.870,17.830,16.590,8330218,143569936
2015-08-03,17.900,17.900,16.420,16.250,9845839,164670400
2015-07-31,18.130,18.460,18.060,17.440,8827206,160056720
2015-07-30,19.150,19.740,18.510,18.230,11275528,216101312
2015-07-29,18.600,19.280,19.160,17.540,11571363,211754176
2015-07-28,18.600,19.260,18.100,17.280,16039850,290879648
2015-07-27,20.800,21.800,19.200,19.200,15605535,324116800
2015-07-24,21.980,22.400,21.330,21.030,21025258,459408832
2015-07-23,21.400,21.960,21.880,21.280,17433894,378648768
2015-07-22,21.320,21.950,21.170,20.380,13894545,294948448
2015-07-21,21.410,22.090,21.450,21.200,19506888,422512544
2015-07-20,20.230,22.150,22.150,19.600,25065942,522491168
2015-07-17,19.500,20.560,20.140,19.200,11931003,238185456
2015-07-16,18.400,19.900,19.090,17.000,12953346,245334032
2015-07-15,19.640,20.150,18.400,18.400,14685087,277611872
2015-07-14,19.200,20.440,20.440,18.800,24604438,489682368
2015-07-13,18.000,18.580,18.580,17.770,14625462,268027888
2015-07-10,16.420,16.890,16.890,15.800,4850363,80819768
2015-07-09,14.160,15.490,15.490,14.080,12043271,181089568
2015-07-08,13.690,15.080,14.080,13.690,36978632,517840544
2015-07-07,16.100,16.560,15.210,15.210,12893351,199711200
2015-07-06,19.460,19.460,16.900,15.980,22078300,385163168
2015-07-03,18.500,19.880,17.700,17.700,17836224,324620576
2015-07-02,22.000,22.260,19.670,19.670,16193261,330944864
2015-07-01,23.800,24.560,21.860,21.860,16759350,395365152
2015-08-17,26.900,29.360,27.700,24.900,63323304,1722195328
2015-08-18,26.580,27.300,24.930,24.930,31888980,821184704
2015-08-20,25.900,26.180,24.180,24.170,31682300,794573376
2015-08-19,23.300,27.000,26.860,22.520,41944644,1044190336
2015-09-14,23.930,23.930,21.630,20.690,39756128,903745280
2015-09-11,20.960,22.990,22.990,20.910,28208762,620623296
2015-09-10,20.880,22.000,20.900,20.590,22094700,469317184
2015-09-09,21.770,23.100,21.800,20.550,38860256,857910464
2015-09-08,19.200,21.120,21.120,18.190,23866856,478364256
2015-09-07,19.300,20.830,19.200,18.990,22058308,436478432
2015-09-02,17.030,19.880,19.220,17.010,26739938,502315648
2015-09-01,20.700,20.700,18.810,18.810,17585396,336071136
2015-08-31,22.200,22.400,20.900,20.710,22400268,486718368
2015-08-28,21.450,22.760,22.760,21.050,31872412,703418304
2015-08-27,19.350,20.850,20.690,18.510,30848616,614773888
2015-08-26,18.200,19.820,19.180,17.500,33009392,629971584
2015-08-25,18.400,19.800,18.020,18.020,20245060,380540544
2015-08-24,20.800,21.450,20.020,20.020,20447614,416467744
2015-08-21,23.460,24.080,22.240,21.760,19808076,451496640
2015-09-30,21.550,21.800,21.160,20.980,6891280,146525184
2015-09-29,21.350,22.260,21.400,21.050,9794923,211875120
2015-09-28,22.290,22.500,21.900,20.610,13797633,296891232
2015-09-25,22.980,23.500,22.240,22.000,17314324,394219136
2015-09-24,23.200,23.660,22.980,22.480,21931828,502686016
2015-09-23,22.860,24.730,23.450,22.600,35415268,836595840
2015-09-22,22.390,23.200,23.130,21.860,26614432,602445888
2015-09-21,21.000,23.030,22.430,20.400,19697138,435557472
2015-09-18,21.420,21.500,21.060,20.280,17490408,366169984
2015-09-17,21.500,23.320,20.900,20.560,30245364,665424064
2015-09-16,19.700,21.420,21.420,19.650,23258564,478642176
2015-09-15,20.750,21.790,19.470,19.470,25184756,512640064
2015-10-12,22.700,23.990,22.400,22.370,45886968,1045742208
2015-10-09,22.310,22.780,22.400,22.020,10471973,234975376
2015-10-08,21.980,22.650,22.360,21.660,12071588,267607424
2015-11-20,25.900,26.450,25.670,25.440,12723264,329958432
2015-11-19,25.970,26.190,25.880,25.030,15470096,394607552
2015-11-18,26.300,27.020,26.070,25.980,23449220,625070272
2015-11-17,26.100,26.750,26.280,25.800,20997740,552353536
2015-11-16,25.700,25.880,25.780,25.260,12015254,307690112
2015-11-13,25.330,26.660,26.210,25.090,20306896,531805600
2015-11-12,26.170,26.380,25.650,25.450,14345565,371597376
2015-11-11,26.100,26.480,26.200,26.000,12898195,337923456
2015-11-10,26.800,26.990,26.140,26.050,20369392,539340032
2015-11-09,26.420,27.720,26.660,25.930,25557144,685195520
2015-11-06,26.500,27.000,26.660,26.230,22127016,589270592
2015-11-05,26.500,27.100,26.390,25.890,24084208,636645760
2015-11-04,25.850,27.160,26.670,25.700,30702700,811147520
2015-11-03,25.070,27.000,25.710,24.010,24895528,636367936
2015-11-02,24.700,25.880,25.010,24.380,15490502,394191392
2015-10-30,24.670,25.600,25.000,24.050,14209098,355988192
2015-10-29,24.550,25.140,24.900,24.510,10544062,261879200
2015-10-28,25.800,25.800,24.390,24.360,16860602,421872384
2015-10-27,25.440,26.400,25.870,24.580,17953602,458219360
2015-10-26,26.700,26.720,25.770,25.250,25676192,663384512
2015-10-23,25.330,28.100,26.500,24.720,42137192,1105751424
2015-10-22,24.500,25.980,25.560,24.130,37762848,940989568
2015-10-21,26.340,26.400,23.740,23.740,39592036,1001242368
2015-10-20,25.980,27.180,26.380,25.520,36407128,954404672
2015-10-19,25.380,27.230,26.540,25.130,59603832,1565126272
2015-10-16,22.860,24.750,24.750,22.560,43817188,1036687744
2015-10-15,21.780,22.550,22.500,21.780,16954946,378380608
2015-10-14,22.760,22.990,21.890,21.800,21151864,472942848
2015-10-13,22.130,23.100,22.970,22.000,28101328,635777600
