#date, start price, highest price, close price, lowest price, deal number, deal amount
2015-03-31,15.010,15.650,15.060,14.820,15597571,236693920
2015-03-30,15.010,15.120,14.920,14.700,8186777,122213040
2015-03-27,14.550,15.200,15.000,14.530,7823717,117062728
2015-03-26,15.270,15.310,14.830,14.620,11696854,175313248
2015-03-25,15.290,15.930,15.520,15.120,15865555,245430480
2015-03-24,15.000,16.380,15.960,14.610,23264180,358867648
2015-03-23,14.930,15.290,15.010,14.400,20528598,303900512
2015-03-20,14.930,14.930,14.930,14.200,27035276,395501600
2015-03-19,13.570,13.570,13.570,13.570,348012,4722523
2015-03-18,12.340,12.340,12.340,12.340,246432,3040971
2015-06-30,14.100,15.720,15.720,13.530,12927194,189622256
2015-06-29,13.900,14.610,14.290,12.220,11316504,153206928
2015-06-26,14.690,14.800,13.530,13.500,8616340,120719088
2015-06-25,16.260,16.260,15.000,14.860,7318641,115386280
2015-06-24,15.870,16.530,16.350,15.700,6988469,112583888
2015-06-23,15.630,15.990,15.770,14.130,5855961,90215024
2015-06-19,17.200,17.200,15.610,15.610,5885753,96136400
2015-06-18,18.250,18.550,17.340,17.120,6547141,118539272
2015-06-17,17.700,18.600,18.250,16.930,8363237,147920816
2015-06-16,19.210,19.270,18.010,17.880,11164738,207803136
2015-06-15,19.200,20.500,19.680,18.710,16205110,317513024
2015-06-12,18.840,19.620,19.150,18.500,12089933,233637840
2015-06-11,18.300,18.990,18.890,18.200,9625580,179294240
2015-06-10,18.560,18.990,18.510,18.160,8210194,152996080
2015-06-09,18.110,19.160,19.050,17.680,13192897,244223536
2015-06-08,18.780,19.250,18.370,18.250,11234771,208552592
2015-06-05,18.410,19.390,19.030,18.030,21044744,398589056
2015-06-04,17.690,19.400,18.380,15.900,17033200,297610208
2015-06-03,16.960,17.990,17.670,16.810,14867259,260183968
2015-06-02,16.400,17.020,16.970,15.920,12126648,200246000
2015-06-01,15.650,16.580,16.390,15.510,8584647,137998544
2015-05-29,15.650,16.300,15.490,15.000,9922526,155702512
2015-05-28,18.000,18.000,16.050,16.050,14167802,240460016
2015-05-27,17.390,18.000,17.830,16.910,13287207,231789280
2015-05-26,16.600,17.490,17.390,16.390,14179061,240388512
2015-05-25,16.400,16.980,16.720,16.140,11909608,197099024
2015-05-22,16.860,17.140,16.390,16.180,11759508,194378512
2015-05-21,16.270,16.580,16.540,15.770,12589923,204185776
2015-05-20,16.010,16.500,16.300,15.470,16792396,271296128
2015-05-19,15.410,16.110,16.000,15.010,13703600,216945376
2015-05-18,14.760,15.460,15.290,14.640,9578620,144776912
2015-05-15,15.800,16.190,15.050,15.000,10209344,158343328
2015-05-14,15.600,15.760,15.730,15.150,10481670,161455760
2015-05-13,14.900,15.950,15.620,14.800,17140258,265182160
2015-05-12,15.000,15.100,14.900,14.500,9085799,134613920
2015-05-11,14.200,14.720,14.700,14.150,7008323,101204728
2015-05-08,13.850,14.250,14.230,13.710,4386004,61165796
2015-05-07,13.600,13.930,13.640,13.510,3492082,47792256
2015-05-06,14.150,14.360,13.740,13.580,5747870,80642200
2015-05-05,15.080,15.440,14.230,14.000,10012281,149173840
2015-05-04,14.580,15.440,15.070,14.420,10184654,152212288
2015-04-30,14.500,14.920,14.520,14.350,4845775,71089256
2015-04-29,13.930,14.560,14.480,13.680,5300113,75682624
2015-04-28,14.860,14.930,13.980,13.960,8005718,115135544
2015-04-27,14.820,14.960,14.860,14.560,7234522,106933784
2015-04-24,14.610,15.050,14.700,14.500,7090238,104784128
2015-04-23,14.460,15.140,14.880,14.280,10915041,160213600
2015-04-22,14.200,14.700,14.560,14.000,8491708,121744176
2015-04-21,13.560,14.110,14.070,13.420,6409810,88371120
2015-04-20,13.940,14.180,13.710,13.590,7591838,105347536
2015-04-17,13.900,14.160,14.080,13.850,7002036,98262088
2015-04-16,14.000,14.180,13.880,13.650,8046570,111755616
2015-04-15,15.120,15.800,14.320,14.250,11723450,178711152
2015-04-14,14.700,15.370,15.270,14.600,11634025,174456128
2015-04-13,14.590,14.900,14.760,14.450,7657350,112613896
2015-04-10,14.400,14.760,14.590,14.320,5276579,77151008
2015-04-09,14.800,14.980,14.460,14.000,6656264,96397640
2015-04-08,15.520,15.600,14.910,14.610,11198144,168327680
2015-04-07,15.290,15.910,15.500,15.200,14735049,228943568
2015-04-03,15.110,15.300,15.290,14.860,11623390,175925376
2015-04-02,14.970,15.130,15.110,14.750,10018365,149453184
2015-04-01,14.900,14.980,14.940,14.450,11474822,169342320
2015-08-14,12.200,12.380,12.270,11.890,9039589,110097888
2015-08-13,11.570,12.180,12.170,11.550,7857315,93658680
2015-08-12,11.530,11.900,11.740,11.410,7197493,84399464
2015-08-11,11.450,12.040,11.740,11.420,9003666,105859368
2015-08-10,11.110,11.670,11.530,10.920,7083054,80287504
2015-08-07,10.530,11.050,10.980,10.530,6135944,66637948
2015-08-06,10.230,10.890,10.570,10.070,4312698,44950000
2015-08-05,10.690,10.850,10.400,10.300,4307599,45804848
2015-08-04,9.930,10.740,10.740,9.930,4516424,46861492
2015-08-03,10.120,10.330,9.980,9.400,4009495,39651552
2015-07-31,10.500,10.790,10.340,10.150,4509319,47292732
2015-07-30,11.000,11.500,10.750,10.570,6303407,70055568
2015-07-29,10.710,11.200,11.140,10.200,6063433,64766552
2015-07-28,10.200,11.310,10.430,10.180,10112038,106693192
2015-07-27,12.200,12.480,11.310,11.310,10840628,128799808
2015-07-24,13.000,13.580,12.570,12.310,19379836,253126960
2015-07-23,11.700,13.190,13.190,11.470,19610412,238230176
2015-07-22,11.400,12.280,11.990,11.250,13459660,157334656
2015-07-21,11.050,11.580,11.400,10.780,8779001,99340184
2015-07-20,11.000,11.400,11.300,10.630,10869510,120595168
2015-07-17,10.300,11.130,10.990,10.110,8707471,92654696
2015-07-16,9.580,10.860,10.260,9.500,10448306,106296424
2015-07-15,11.300,11.400,10.560,10.560,8547847,92449328
2015-07-14,11.300,11.750,11.730,10.300,20324896,232715984
2015-07-13,10.680,10.680,10.680,10.380,5851800,62419108
2015-07-10,9.710,9.710,9.710,9.710,928773,9018386
2015-07-08,8.830,8.830,8.830,8.830,402600,3554958
2015-07-07,10.400,10.400,9.810,9.810,2939909,29076932
2015-07-06,13.110,13.210,10.900,10.830,8040979,94266136
2015-07-03,12.720,13.750,12.030,12.030,7702910,95376488
2015-07-02,13.990,14.850,13.370,13.050,8846655,124237312
2015-07-01,15.790,16.260,14.480,14.250,11321773,176868784
2015-08-17,12.110,12.760,12.740,11.820,11753680,144427616
2015-09-14,8.380,8.430,7.460,7.460,7868898,61522952
2015-09-11,8.220,8.470,8.290,8.100,6036683,50067100
2015-09-10,8.450,8.540,8.240,8.220,7098168,59499808
2015-09-09,8.150,8.740,8.630,8.060,11523500,96958496
2015-09-08,7.910,8.340,8.220,7.510,9631608,76143760
2015-09-07,8.800,8.970,8.040,7.880,14006990,119544496
2015-09-02,8.760,9.720,8.760,8.760,13340666,118586408
2015-09-01,9.730,9.800,9.730,9.730,2416743,23517732
2015-08-31,10.880,11.350,10.810,10.810,7044300,76659920
2015-08-28,11.470,12.600,12.010,11.470,29750096,349477696
2015-09-30,8.470,8.820,8.740,8.310,7161711,61276588
2015-09-29,8.230,8.580,8.500,8.100,7368819,61914172
2015-09-28,8.190,8.490,8.400,8.000,5896614,49076728
2015-09-25,8.140,8.540,8.190,8.030,8192212,67450096
2015-09-24,8.050,8.330,8.180,8.050,6280759,51405188
2015-09-23,8.000,8.280,8.080,7.900,8163135,66061944
2015-09-22,8.450,8.490,8.300,8.200,13353462,111373104
2015-09-21,8.290,8.800,8.630,8.030,18714908,156458256
2015-09-18,7.500,8.320,8.320,7.210,14435548,114504192
2015-09-17,7.770,8.060,7.560,7.530,12974959,101307720
2015-09-16,6.750,7.430,7.430,6.750,8355337,59998500
2015-09-15,7.280,7.400,6.750,6.710,6386634,44975492
2015-10-12,9.690,10.180,9.980,9.530,11539079,114194976
2015-10-09,9.600,10.570,9.790,9.300,17508134,172975280
2015-10-08,8.950,9.610,9.610,8.860,9280219,85675040
2015-11-20,11.390,11.470,11.280,11.190,5951353,67410480
2015-11-19,11.020,11.300,11.290,10.950,5477063,60863580
2015-11-18,11.300,11.360,11.020,10.910,7220844,80848976
2015-11-17,11.120,11.630,11.390,11.110,11343098,128578712
2015-11-16,10.670,11.120,11.070,10.550,5392568,59126016
2015-11-13,11.000,11.120,10.820,10.620,6868089,74993264
2015-11-12,10.950,11.250,11.150,10.800,9411259,104010584
2015-11-11,10.990,11.120,10.940,10.810,9343117,102296352
2015-11-10,10.480,11.420,11.100,10.330,13630786,147278704
2015-11-09,10.310,10.680,10.480,10.300,10373812,108688584
2015-11-06,10.200,10.540,10.530,10.110,9614807,99653008
2015-11-05,10.100,10.360,10.240,9.970,8727248,88954408
2015-11-04,9.590,10.100,10.090,9.590,6460699,63949236
2015-11-03,9.690,9.740,9.590,9.420,4333922,41597000
2015-11-02,9.890,10.050,9.650,9.640,5219611,51464296
2015-10-30,10.100,10.180,10.050,9.880,5340864,53609504
2015-10-29,10.080,10.340,10.180,9.990,7152827,72805816
2015-10-28,10.310,10.370,10.090,9.930,11825264,120258792
2015-10-27,11.000,11.000,10.420,10.040,22240080,231469328
2015-10-26,11.230,11.680,10.940,10.500,19411692,214277232
2015-10-23,10.010,11.040,11.040,9.500,10807489,114336152
2015-10-22,9.410,10.240,10.040,9.410,7201313,71200064
2015-10-21,10.660,10.660,9.500,9.500,8974057,89676776
2015-10-20,10.280,10.660,10.560,10.250,5812991,60855216
2015-10-19,10.560,10.790,10.400,10.210,7121710,74982744
2015-10-16,10.890,10.890,10.590,10.370,10455195,110233456
2015-10-15,9.580,10.690,10.690,9.520,25294852,263228736
2015-10-14,10.040,10.250,9.720,9.710,8908794,88442912
2015-10-13,9.750,10.370,10.220,9.580,10850554,108056056
