#date, start price, highest price, close price, lowest price, deal number, deal amount
2015-03-31,10.150,10.300,10.090,9.900,10023395,100854720
2015-03-30,10.300,10.450,10.170,10.030,9433859,96070672
2015-03-27,10.110,10.230,10.210,9.980,8731673,88403328
2015-03-26,10.180,10.340,10.140,9.850,11688752,118165648
2015-03-25,9.860,10.200,10.170,9.610,16652222,166064432
2015-03-24,10.000,10.000,9.890,9.480,15450022,151152288
2015-03-23,9.950,10.080,10.070,9.820,11180574,111107064
2015-03-20,9.940,10.480,9.950,9.800,15449490,155927296
2015-03-19,9.650,10.180,10.080,9.560,21276870,211669040
2015-03-18,9.680,9.800,9.750,9.480,13678698,131559600
2015-03-17,9.580,9.890,9.700,9.380,28459560,273129376
2015-03-16,8.600,9.340,9.340,8.600,26097910,239347008
2015-03-13,8.300,8.520,8.490,8.250,6627705,55395272
2015-03-12,8.350,8.390,8.290,8.200,8203011,68096016
2015-03-11,8.400,8.500,8.330,8.300,6608783,55372248
2015-03-10,8.310,8.570,8.410,8.180,9621675,80892832
2015-03-09,8.350,8.400,8.310,8.180,7823328,64960540
2015-03-06,8.200,8.660,8.340,8.200,14751731,124173144
2015-03-05,8.180,8.320,8.200,8.120,7450772,61059048
2015-03-04,8.150,8.220,8.180,8.060,7654327,62263868
2015-03-03,8.300,8.350,8.210,8.150,9741003,80091864
2015-03-02,8.080,8.400,8.380,7.980,11543425,95200176
2015-02-27,8.130,8.180,8.060,7.960,9350836,75209992
2015-02-26,7.960,8.240,8.150,7.920,9883267,80269872
2015-02-25,7.780,8.130,7.990,7.720,11455212,91515744
2015-02-17,7.670,7.870,7.830,7.670,7297620,56922968
2015-02-16,7.680,7.760,7.690,7.600,6457452,49661268
2015-02-13,7.610,7.780,7.690,7.540,9753978,74703728
2015-02-12,7.290,7.630,7.610,7.220,9434167,70646544
2015-02-11,7.140,7.310,7.280,7.120,2050777,14800055
2015-02-10,7.080,7.140,7.140,7.030,1759401,12495118
2015-02-09,7.160,7.160,7.090,7.050,2051285,14577710
2015-02-06,7.330,7.350,7.180,7.150,2703409,19654160
2015-02-05,7.500,7.510,7.360,7.340,2679263,19850944
2015-02-04,7.470,7.540,7.420,7.400,2739125,20405536
2015-02-03,7.350,7.470,7.450,7.330,3015978,22339232
2015-02-02,7.230,7.390,7.360,7.210,2812053,20644126
2015-01-30,7.390,7.430,7.340,7.300,3059842,22494416
2015-01-29,7.490,7.530,7.400,7.300,4429247,32785416
2015-01-28,7.490,7.560,7.500,7.450,4683652,35197004
2015-01-27,7.450,7.610,7.490,7.380,7669939,57485928
2015-01-26,7.300,7.470,7.460,7.280,6833658,50387016
2015-01-23,7.350,7.370,7.300,7.210,5622238,41101676
2015-01-22,7.270,7.350,7.340,7.240,4072169,29698014
2015-01-21,7.110,7.300,7.260,7.090,4856295,35166216
2015-01-20,6.980,7.120,7.110,6.980,3457636,24417932
2015-01-19,7.010,7.180,6.970,6.850,5397215,37964840
2015-01-16,7.060,7.110,7.070,7.000,3282480,23115484
2015-01-15,7.030,7.070,7.070,6.990,2061653,14492350
2015-01-14,7.020,7.080,7.020,6.960,2008406,14056694
2015-01-13,6.990,7.080,7.080,6.950,2087062,14626422
2015-01-12,7.090,7.140,6.970,6.950,4922351,34549032
2015-01-09,7.260,7.470,7.200,7.190,4872283,35690508
2015-01-08,7.240,7.320,7.180,7.170,3191160,23075816
2015-01-07,7.300,7.320,7.230,7.150,3253517,23468658
2015-01-06,7.170,7.320,7.320,7.150,3579470,25832276
2015-01-05,7.250,7.310,7.220,7.040,4070100,29108302
2015-06-30,11.620,13.080,12.840,11.120,15657830,187265392
2015-06-29,13.900,13.990,12.360,12.360,11769410,150197568
2015-06-26,14.660,14.900,13.730,13.730,10895303,153501488
2015-06-25,16.100,16.460,15.250,14.730,10417160,164889568
2015-06-24,15.800,16.250,16.090,15.400,10687329,170019968
2015-06-23,15.880,16.490,15.670,14.580,11376022,175070048
2015-06-19,17.520,17.670,16.200,16.200,8857512,148650896
2015-06-18,18.600,19.000,18.000,17.990,9397400,174008544
2015-06-17,18.550,18.900,18.530,17.420,11723959,212144112
2015-06-16,18.800,19.360,18.530,18.310,13868943,260291184
2015-06-15,20.100,20.980,19.600,19.550,16047989,325325056
2015-06-12,20.260,20.320,19.780,19.450,18302156,362255296
2015-06-11,20.250,20.980,20.230,20.010,14367553,294768960
2015-06-10,19.210,20.700,20.380,19.000,19360004,393250080
2015-06-09,18.800,19.970,19.540,18.210,19959044,383099456
2015-06-08,18.950,18.950,18.810,18.200,14603226,273480288
2015-06-05,18.570,19.360,18.940,18.500,21016284,399299680
2015-06-04,18.550,18.750,18.190,17.130,14885379,267750384
2015-06-03,19.680,19.730,18.930,18.480,17911704,342354304
2015-06-02,18.920,20.300,19.890,18.300,24096254,465066528
2015-06-01,17.850,19.500,18.920,17.400,21659008,399230176
2015-05-29,17.800,18.900,17.850,16.410,20298240,361523296
2015-05-28,18.530,20.340,18.170,17.500,35043964,672386560
2015-05-27,17.130,18.840,18.840,16.660,24662262,425522112
2015-05-26,17.470,18.570,17.130,16.720,40688940,704675328
2015-05-25,16.400,17.050,17.050,16.010,13461081,226707024
2015-05-22,14.260,15.500,15.500,14.140,20911138,317286048
2015-05-21,13.940,14.220,14.090,13.750,11400289,159933376
2015-05-20,13.800,14.380,13.880,13.720,13588565,191636416
2015-05-19,13.790,13.920,13.800,13.390,11804963,161668336
2015-05-18,13.720,14.040,13.570,13.500,10921496,150157120
2015-05-15,13.870,14.360,13.720,13.550,12224386,170933360
2015-05-14,13.710,14.190,13.980,13.320,17538928,239442176
2015-05-13,14.450,14.540,13.820,13.800,20285276,286246720
2015-05-12,14.170,14.840,14.400,14.040,18272804,264315520
2015-05-11,14.700,14.720,14.290,13.800,23139640,331646784
2015-05-08,13.490,14.490,14.270,13.000,23588364,320896960
2015-05-07,13.400,13.970,13.390,13.050,25227204,341700832
2015-05-06,12.380,13.610,13.430,12.380,32475288,436276640
2015-05-05,12.340,12.500,12.370,11.880,12846644,156124752
2015-05-04,12.350,12.620,12.320,11.850,14913160,182410256
2015-04-30,11.600,12.600,12.340,11.600,27169540,329198944
2015-04-29,11.080,11.500,11.500,10.720,9887398,110963432
2015-04-28,11.650,11.760,11.140,11.000,13506045,151867120
2015-04-27,11.820,12.270,11.650,11.500,16550330,194733248
2015-04-24,11.210,12.050,11.810,11.080,21651960,253732256
2015-04-23,11.120,11.520,11.400,11.040,17950948,203577056
2015-04-22,10.840,11.310,11.140,10.830,16203520,179912384
2015-04-21,10.190,10.950,10.840,10.150,11197074,118670520
2015-04-20,10.550,10.720,10.190,10.180,13414684,140555232
2015-04-17,10.720,11.240,10.730,10.700,12611959,137656080
2015-04-16,10.200,10.850,10.690,9.870,11461095,119771808
2015-04-15,11.230,11.340,10.610,10.590,12847381,139894400
2015-04-14,11.490,11.500,11.380,11.100,12302439,139056864
2015-04-13,11.160,12.080,11.500,11.160,19711940,228951264
2015-04-10,10.660,11.200,11.100,10.500,16287686,178512992
2015-04-09,10.800,10.930,10.670,10.000,12461858,131623656
2015-04-08,10.840,10.980,10.930,10.460,12687100,136386240
2015-04-07,10.890,11.150,10.980,10.800,11811247,128754344
2015-04-03,10.800,11.150,10.890,10.690,11839396,129124608
2015-04-02,10.480,11.260,10.940,10.350,15925788,172658464
2015-04-01,10.100,10.680,10.510,9.930,16348416,168395488
2015-08-14,11.000,11.550,11.380,10.830,31225096,345438688
2015-08-13,10.460,11.280,11.040,10.310,28948252,313800416
2015-08-12,11.060,11.230,10.680,10.460,33698696,366672384
2015-08-11,10.030,11.090,11.090,9.930,42238136,452257472
2015-08-10,9.700,10.300,10.080,9.600,19962868,197742032
2015-08-07,9.120,9.600,9.500,9.030,18988398,176980208
2015-08-06,8.560,9.160,9.030,8.380,15212861,134859504
2015-08-05,8.860,9.090,8.830,8.600,15407886,136481520
2015-08-04,8.120,8.860,8.850,8.100,11750696,99820760
2015-08-03,8.550,8.600,8.050,7.860,11516352,94586008
2015-07-31,8.680,9.020,8.600,8.390,10377447,90717656
2015-07-30,9.150,9.550,8.890,8.800,16498905,152780576
2015-07-29,8.700,9.260,9.240,8.290,17559940,152823008
2015-07-28,8.600,9.290,8.520,8.440,20653768,179304528
2015-07-27,10.180,10.530,9.380,9.380,18584120,185150832
2015-07-24,10.880,11.080,10.420,10.250,26173106,281456832
2015-07-23,10.300,11.000,10.880,10.000,26050130,275315104
2015-07-22,9.900,10.400,10.270,9.760,27306352,274924160
2015-07-21,9.400,10.080,9.960,9.150,24383484,237175408
2015-07-20,9.430,9.800,9.560,9.120,22564604,213723184
2015-07-17,8.840,9.600,9.420,8.800,19344888,178216928
2015-07-16,8.100,9.480,8.810,8.090,27251784,238548816
2015-07-15,9.680,9.680,8.990,8.990,16823856,155516656
2015-07-14,9.750,9.990,9.990,9.300,40001744,390471200
2015-07-13,9.080,9.080,9.080,8.710,18787746,169273888
2015-07-10,8.120,8.250,8.250,7.880,7938076,64580736
2015-07-09,6.320,7.500,7.500,6.320,18341288,132311408
2015-07-08,6.820,7.080,6.820,6.820,17781116,121575152
2015-07-07,8.000,8.000,7.580,7.580,5723619,43705244
2015-07-06,10.250,10.290,8.420,8.420,16839628,152584096
2015-07-03,9.780,10.380,9.360,9.360,12941082,123546144
2015-07-02,11.440,11.800,10.400,10.400,14286015,152550096
2015-07-01,12.400,13.290,11.560,11.560,12648609,159086976
2015-08-17,11.150,11.990,11.780,11.030,32675504,377322496
2015-08-18,11.600,11.780,10.600,10.600,27121132,301161248
2015-08-20,11.350,12.660,11.430,11.200,42223552,501052000
2015-08-19,10.100,11.660,11.660,9.540,45283044,488658272
2015-09-14,9.180,9.220,8.170,8.170,21197810,181232176
2015-09-11,9.120,9.470,9.080,8.800,28218262,258034752
2015-09-10,9.200,9.780,9.300,8.990,41703608,391332608
2015-09-09,8.750,9.340,9.340,8.490,39492084,360992192
2015-09-08,7.700,8.490,8.490,7.510,18882498,152057072
2015-09-07,8.060,8.340,7.720,7.610,19804728,159031552
2015-09-02,8.300,8.860,7.920,7.920,15598378,128625856
2015-09-01,8.770,9.190,8.800,8.540,18868112,166408656
2015-08-31,8.830,9.720,8.990,8.460,28012660,254162272
2015-08-28,8.450,9.040,9.000,8.310,21503952,186364272
2015-08-27,8.160,8.590,8.320,7.510,20458880,166282912
2015-08-26,8.770,9.470,8.010,7.910,21006716,180780784
2015-08-25,8.760,9.230,8.750,8.750,13795169,121314272
2015-08-24,10.150,10.280,9.720,9.720,15191803,149772560
2015-08-21,11.050,11.980,10.800,10.360,26490680,293698400
2015-09-30,9.160,9.720,9.430,8.930,37371272,351071392
2015-09-29,8.950,9.500,9.160,8.800,42880156,391760928
2015-09-28,8.280,9.100,9.100,8.280,34108692,303738784
2015-09-25,8.520,8.630,8.270,8.110,19771204,166172576
2015-09-24,7.950,8.710,8.710,7.950,26530196,224323712
2015-09-23,7.980,8.120,7.920,7.820,10387450,82942376
2015-09-22,8.150,8.350,8.230,8.020,14844097,121778472
2015-09-21,7.730,8.200,8.150,7.660,10651928,85193424
2015-09-18,7.730,7.990,7.880,7.510,10372531,80382768
2015-09-17,7.980,8.290,7.630,7.600,16232644,130395728
2015-09-16,7.410,8.090,8.090,7.270,14921244,115230392
2015-09-15,7.610,7.980,7.350,7.350,13985477,106268032
2015-10-12,9.760,10.290,10.040,9.660,29868180,298426432
2015-10-09,9.800,9.900,9.750,9.550,25861118,251906560
2015-10-08,9.410,10.260,9.990,9.000,40818632,391027360
2015-11-20,12.440,12.440,12.020,11.850,22220712,268757568
2015-11-19,11.630,12.160,12.130,11.480,20131240,238371904
2015-11-18,11.340,11.990,11.660,11.280,27300316,320000320
2015-11-17,11.180,11.890,11.420,11.180,26044900,300551040
2015-11-16,10.550,11.220,11.160,10.530,9867420,108180688
2015-11-13,11.190,11.340,10.900,10.760,14153391,157088672
2015-11-12,11.350,11.800,11.440,11.040,23201680,262699696
2015-11-11,10.960,11.470,11.370,10.820,20939104,232695808
2015-11-10,10.620,11.100,11.030,10.530,21845942,236227392
2015-11-09,10.600,10.940,10.690,10.500,20975792,224914800
2015-11-06,10.270,10.640,10.580,10.270,15455065,162480320
2015-11-05,10.450,10.650,10.330,10.200,16609836,172603120
2015-11-04,10.030,10.520,10.470,10.000,14782537,152404208
2015-11-03,9.810,10.170,9.950,9.710,9447286,93683488
2015-11-02,9.920,10.150,9.820,9.700,11061795,109821728
2015-10-30,10.150,10.360,10.140,9.910,11302494,114731016
2015-10-29,10.320,10.470,10.290,10.050,15212173,156572912
2015-10-28,10.390,10.800,10.290,10.100,19559824,205697712
2015-10-27,10.450,10.480,10.460,9.880,20783148,213115296
2015-10-26,10.910,10.910,10.480,10.120,36742856,386980640
2015-10-23,9.440,10.440,10.440,9.420,26777468,269611392
2015-10-22,9.220,9.550,9.490,9.010,14702583,136626448
2015-10-21,10.170,10.200,9.200,9.200,23156384,225423776
2015-10-20,9.890,10.270,10.220,9.760,22121200,222675920
2015-10-19,10.300,10.380,9.860,9.730,19690780,196907488
2015-10-16,10.050,10.270,10.230,9.770,23561160,235713952
2015-10-15,9.600,9.960,9.890,9.580,14648862,143742144
2015-10-14,9.980,10.110,9.590,9.570,20282328,198240576
2015-10-13,9.920,10.370,10.070,9.770,24210510,244985680
