#date, start price, highest price, close price, lowest price, deal number, deal amount
2015-03-31,12.970,13.360,13.220,12.830,86369632,1127920384
2015-03-30,12.940,13.070,12.970,12.800,65812216,851279744
2015-03-27,13.080,13.090,12.930,12.820,44755136,579044096
2015-03-26,13.070,13.480,13.120,12.600,85094544,1101605120
2015-03-25,13.800,14.000,13.160,13.100,123437320,1668158592
2015-03-24,12.960,13.350,13.180,12.600,125894048,1644195840
2015-03-23,12.850,13.090,12.940,12.570,87272392,1121223936
2015-03-20,12.910,12.990,12.740,12.650,62821264,800715328
2015-03-19,12.800,13.120,12.930,12.620,90501240,1163636608
2015-03-18,12.880,12.880,12.840,12.550,101779152,1292565632
2015-03-17,13.150,13.360,12.910,12.700,170296592,2210137600
2015-03-16,11.780,12.800,12.800,11.590,112248144,1372496128
2015-03-13,11.400,11.780,11.640,11.400,52026832,605649536
2015-03-12,11.320,11.410,11.370,11.180,29618728,334870880
2015-03-11,11.370,11.520,11.280,11.150,31073668,351226880
2015-03-10,11.310,11.550,11.370,11.260,38627152,441603072
2015-03-09,11.140,11.400,11.300,11.040,26207780,296055680
2015-03-06,11.580,11.650,11.160,11.110,44694728,506375744
2015-03-05,11.850,11.850,11.600,11.470,39090712,453761856
2015-03-04,11.540,11.880,11.820,11.420,55660912,649840320
2015-03-03,11.770,11.770,11.520,11.430,64400524,743478400
2015-03-02,11.860,12.180,11.790,11.660,86182208,1023258240
2015-02-27,11.720,11.920,11.820,11.440,72592040,846403200
2015-02-26,11.370,12.190,11.700,11.320,102243944,1207515392
2015-02-25,11.150,11.580,11.370,11.060,80569816,913310336
2015-02-17,11.010,11.250,11.130,10.820,79740048,880505344
2015-02-16,10.500,11.080,10.960,10.420,82760408,900094592
2015-02-13,10.540,10.680,10.480,10.470,38181568,403879200
2015-02-12,10.650,10.650,10.470,10.350,30007876,315049952
2015-02-11,10.530,10.790,10.660,10.380,49482436,525189920
2015-02-10,10.240,10.470,10.440,10.050,36304560,371416288
2015-02-09,10.580,10.700,10.320,10.160,56627484,588156352
2015-02-06,10.430,10.820,10.800,10.300,90086536,955768576
2015-02-05,10.440,10.690,10.460,10.120,47332628,493048544
2015-02-04,10.500,10.580,10.240,10.200,31595782,327814400
2015-02-03,10.140,10.770,10.520,10.100,46534660,485296416
2015-02-02,10.000,10.160,10.030,9.890,18093784,181316672
2015-01-30,10.400,10.500,10.130,10.110,26629644,273095456
2015-01-29,10.200,10.500,10.400,10.100,32874650,341367456
2015-01-28,10.520,10.580,10.310,10.260,39834032,415078240
2015-01-27,10.840,10.910,10.640,10.400,76069392,807744768
2015-01-26,10.500,11.020,10.920,10.380,92345872,993527488
2015-01-23,10.060,10.790,10.500,9.930,88852928,917198720
2015-01-22,9.950,10.080,10.030,9.800,36321484,362567840
2015-01-21,9.660,10.080,9.960,9.620,47584740,471508352
2015-01-20,9.160,9.700,9.600,9.160,28122688,267107584
2015-01-19,9.550,9.740,9.240,9.000,35929996,338860992
2015-01-16,9.700,9.870,9.810,9.670,25134856,245778928
2015-01-15,9.460,9.930,9.810,9.430,24953038,240767792
2015-01-14,9.600,9.600,9.500,9.430,17853342,169422912
2015-01-13,9.470,9.710,9.610,9.470,18447874,176712144
2015-01-12,9.610,9.690,9.440,9.400,29807236,284610560
2015-01-09,9.970,9.980,9.760,9.750,32229084,317765248
2015-01-08,10.260,10.260,9.990,9.960,31927008,322098336
2015-01-07,10.100,10.350,10.260,9.950,52887584,537892160
2015-01-06,9.970,10.300,10.150,9.840,46222276,467995872
2015-01-05,9.850,10.180,10.080,9.800,51944492,521453408
2015-06-30,14.500,16.160,16.100,13.830,74019808,1118955904
2015-06-29,16.100,16.260,14.970,14.030,84292440,1291661952
2015-06-26,16.170,16.990,15.590,15.590,86403728,1400048000
2015-06-25,16.900,18.330,17.320,16.590,131711232,2342889216
2015-06-24,16.600,17.090,16.660,16.110,67823488,1134537088
2015-06-23,15.300,16.420,16.370,14.410,52276376,813669312
2015-06-19,17.000,17.280,15.690,15.690,50072080,818860160
2015-06-18,17.750,18.750,17.430,17.300,87511016,1581478656
2015-06-17,16.000,17.630,17.510,15.850,83153712,1407145856
2015-06-16,16.830,16.840,16.030,15.860,54129192,880874624
2015-06-15,17.320,17.450,16.940,16.860,51551112,879295680
2015-06-12,17.520,17.730,17.310,17.000,58118592,1004358464
2015-06-11,17.830,18.170,17.530,17.310,60143524,1062487232
2015-06-10,17.250,18.400,17.840,16.910,72401656,1294829312
2015-06-09,17.180,17.630,17.550,16.600,83543984,1428414208
2015-06-08,17.490,17.960,17.060,16.910,94934424,1641174912
2015-06-05,16.460,17.880,17.330,16.150,142985984,2433350656
2015-06-04,15.190,16.380,16.310,14.360,109832352,1696753664
2015-06-03,15.420,15.470,15.010,14.800,71800856,1083546368
2015-06-02,14.850,15.500,15.370,14.660,81693728,1230099456
2015-06-01,14.090,14.980,14.850,14.010,65338888,955579008
2015-05-29,14.360,14.690,14.090,13.200,72817664,1033826624
2015-05-28,15.900,16.080,14.360,14.360,118404520,1830630016
2015-05-27,14.580,15.960,15.960,14.190,143851600,2168578048
2015-05-26,14.600,14.640,14.510,14.120,88717704,1280695040
2015-05-25,14.180,14.750,14.490,14.000,94968568,1373175680
2015-05-22,14.090,14.240,14.100,13.650,86139592,1201950720
2015-05-21,13.500,13.960,13.950,13.260,83062728,1127077120
2015-05-20,13.380,13.550,13.330,13.180,64574448,862889472
2015-05-19,13.120,13.380,13.350,13.060,50147480,665815872
2015-05-18,12.750,13.200,13.080,12.650,44408136,576965440
2015-05-15,12.830,12.850,12.820,12.430,36676560,462088544
2015-05-14,13.080,13.210,12.810,12.730,42737948,552236032
2015-05-13,13.330,13.330,13.080,13.010,44791760,589158464
2015-05-12,13.210,13.570,13.420,13.100,46531708,618699584
2015-05-11,12.810,13.210,13.190,12.690,45709084,595011968
2015-05-08,12.480,12.730,12.710,12.370,36570772,458439072
2015-05-07,12.760,13.030,12.290,12.270,34654056,437560000
2015-05-06,13.250,13.420,12.900,12.700,36481232,477821184
2015-05-05,13.990,13.990,13.130,13.010,63777764,860631552
2015-05-04,14.280,14.450,14.080,13.900,50538272,715457088
2015-04-30,14.350,14.350,13.860,13.780,61310400,856116096
2015-04-29,14.280,14.650,14.440,14.180,37169072,538772288
2015-04-28,15.000,15.040,14.340,14.300,60041004,874678848
2015-04-27,15.350,15.360,14.930,14.710,82809216,1243241856
2015-04-24,14.860,15.150,15.000,14.290,100926232,1498307712
2015-04-23,15.150,15.280,14.860,14.620,91685744,1368623488
2015-04-22,14.620,15.350,15.100,14.470,120025328,1790234624
2015-04-21,14.510,14.850,14.600,14.050,92320336,1335765248
2015-04-20,13.870,14.900,14.300,13.800,139672240,2002550528
2015-04-17,13.500,14.200,14.090,13.500,113988392,1592174080
2015-04-16,13.280,13.680,13.450,13.090,44721712,598833088
2015-04-15,13.970,13.970,13.440,13.400,48788872,665016960
2015-04-14,13.850,14.140,13.980,13.600,71222232,986657280
2015-04-13,13.760,13.980,13.830,13.600,62794892,867217472
2015-04-10,13.660,13.850,13.650,13.410,52445064,717881600
2015-04-09,13.780,14.020,13.410,13.040,71719320,967006592
2015-04-08,14.390,14.400,13.780,13.550,95094640,1321469184
2015-04-07,14.190,14.580,14.380,14.010,82147496,1172440832
2015-04-03,13.820,14.720,14.310,13.640,126107776,1790471680
2015-04-02,13.800,13.890,13.470,13.310,79032184,1065682304
2015-04-01,13.220,13.800,13.580,13.120,104152272,1408477312
2015-08-14,15.400,15.680,15.540,15.000,92359512,1421046912
2015-08-13,14.410,15.450,15.150,14.210,95972280,1426085888
2015-08-12,14.000,15.340,14.920,13.950,122384104,1769967232
2015-08-11,14.100,15.160,14.630,14.100,143629296,2138740736
2015-08-10,13.600,13.900,13.780,13.130,64145296,870453824
2015-08-07,12.510,13.020,12.840,12.510,39446072,505133056
2015-08-06,12.340,12.820,12.310,12.210,26997324,336912800
2015-08-05,13.100,13.370,12.620,12.580,49796496,642468288
2015-08-04,12.500,13.200,13.140,12.260,54927332,708643008
2015-08-03,11.800,12.600,12.570,11.600,50931848,611063232
2015-07-31,12.150,12.450,12.250,12.010,50768028,620357760
2015-07-30,12.300,13.120,12.240,11.910,66292956,838863616
2015-07-29,11.900,12.500,12.490,11.060,54431648,642492416
2015-07-28,11.600,12.300,11.660,10.820,85412200,975184064
2015-07-27,12.880,13.910,12.020,12.020,88689704,1156727168
2015-07-24,13.800,14.240,13.360,13.010,89085768,1233679104
2015-07-23,13.030,14.100,13.660,12.870,107544112,1468774656
2015-07-22,12.400,13.500,13.110,11.800,96041984,1215131520
2015-07-21,11.850,12.780,12.360,11.850,68396792,850754496
2015-07-20,11.980,12.500,12.200,11.580,79045416,955130752
2015-07-17,10.910,11.960,11.950,10.870,70543408,806853888
2015-07-16,10.820,11.190,10.870,9.740,69766424,735637504
2015-07-15,11.880,11.880,10.820,10.820,52560456,586393280
2015-07-14,11.740,12.850,12.020,11.500,107808896,1311493632
2015-07-13,11.590,11.690,11.690,11.120,77967648,894283776
2015-07-10,10.610,10.630,10.630,10.330,32656702,345834592
2015-07-07,10.330,10.330,9.660,9.660,34433184,334895680
2015-07-06,12.600,13.060,10.730,10.730,94536112,1071134592
2015-07-03,12.500,13.000,11.920,11.920,57011856,689818816
2015-07-02,15.000,15.000,13.240,13.240,58091964,802859008
2015-07-01,16.050,16.650,14.710,14.600,59846100,953375808
2015-08-17,15.300,16.560,15.920,14.900,101492736,1582299008
2015-08-18,15.690,15.960,14.330,14.330,76975008,1146688640
2015-08-20,13.960,13.960,12.590,12.590,56235412,752540992
2015-08-19,13.430,14.470,13.990,12.900,71521608,973432192
2015-09-14,11.200,11.490,10.220,9.870,48625660,515879232
2015-09-11,11.000,11.090,10.970,10.650,27206096,294944256
2015-09-10,10.700,11.260,10.880,10.550,43662620,475723520
2015-09-09,10.300,10.880,10.850,10.110,57663812,611502848
2015-09-08,9.770,10.300,10.230,9.030,36227776,353537120
2015-09-07,9.760,10.260,9.750,9.550,49621056,496442624
2015-09-02,8.910,10.010,9.770,8.800,54967140,526864384
2015-09-01,10.280,10.390,9.540,9.540,57289892,557288320
2015-08-31,10.400,11.250,10.600,10.380,65845100,719734272
2015-08-28,10.090,10.720,10.680,10.020,68140304,704467072
2015-08-27,9.060,9.800,9.800,8.800,50371712,469105216
2015-08-26,9.480,9.990,8.910,8.620,62926492,590664448
2015-08-25,9.320,9.610,9.320,9.320,72562240,679252544
2015-08-24,10.620,11.230,10.350,10.350,49935392,521537376
2015-08-21,12.010,12.480,11.500,11.350,64192880,761090176
2015-09-30,9.900,10.120,10.020,9.860,16909168,169018400
2015-09-29,10.300,10.300,9.990,9.970,28419502,286792640
2015-09-28,10.310,10.580,10.490,9.900,30644156,317004992
2015-09-25,11.430,11.430,10.570,10.450,69696112,767316224
2015-09-24,10.300,10.550,10.390,10.190,24748764,256425136
2015-09-23,10.390,10.580,10.280,10.130,36125020,373789312
2015-09-22,10.630,11.030,10.780,10.580,39338052,425504384
2015-09-21,10.060,10.690,10.600,9.980,24080232,250664720
2015-09-18,10.280,10.390,10.220,9.960,24399226,247630800
2015-09-17,10.400,10.900,10.100,10.060,38795048,409311712
2015-09-16,9.800,10.400,10.400,9.350,38323816,379725248
2015-09-15,9.870,10.480,9.450,9.200,31513774,309693280
2015-10-12,10.600,11.400,11.180,10.600,54943220,607933824
2015-10-09,10.340,10.560,10.500,10.310,28670220,300007104
2015-10-08,10.360,10.550,10.370,10.220,39115392,406154496
2015-11-20,11.370,11.470,11.360,11.280,26387140,299717248
2015-11-19,11.250,11.390,11.370,11.170,21798628,246244576
2015-11-18,11.450,11.590,11.210,11.200,26012858,296184384
2015-11-17,11.820,11.900,11.480,11.470,35047944,409932480
2015-11-16,11.300,11.810,11.760,11.200,34391600,397339232
2015-11-13,11.700,11.740,11.510,11.450,29290962,339807040
2015-11-12,12.000,12.070,11.780,11.710,30237120,357529184
2015-11-11,12.000,12.090,11.980,11.710,36330508,431658816
2015-11-10,12.070,12.270,11.990,11.770,48771564,586825792
2015-11-09,12.150,12.450,12.180,11.890,59976076,731383104
2015-11-06,12.140,12.450,12.340,11.930,57437632,699699200
2015-11-05,11.880,12.350,12.130,11.650,67480920,808974720
2015-11-04,11.180,11.800,11.770,11.120,38684024,445487200
2015-11-03,11.350,11.450,11.080,11.000,22975262,256725216
2015-11-02,11.480,11.740,11.230,11.130,22105078,252888912
2015-10-30,11.850,11.850,11.690,11.500,21849536,255395664
2015-10-29,11.780,11.960,11.880,11.540,30088870,354836864
2015-10-28,12.090,12.160,11.580,11.500,44218788,524699264
2015-10-27,11.850,12.300,12.200,11.820,66291728,799735488
2015-10-26,11.790,11.880,11.760,11.550,34888580,409018528
2015-10-23,11.420,11.700,11.580,11.280,38724896,443161920
2015-10-22,11.000,11.410,11.370,10.750,37957572,422682528
2015-10-21,12.160,12.410,10.890,10.890,60989488,716331456
2015-10-20,11.890,12.240,12.100,11.730,39644344,479409536
2015-10-19,12.270,12.300,11.930,11.800,46666348,560366144
2015-10-16,12.180,12.420,12.280,11.920,73979856,901384512
2015-10-15,11.410,12.200,12.180,11.200,89367848,1046610240
2015-10-14,11.250,11.850,11.620,11.030,69424400,792666688
2015-10-13,11.070,11.470,11.300,11.050,45852532,515460096
