#date, start price, highest price, close price, lowest price, deal number, deal amount
2015-03-31,20.280,20.540,20.030,19.990,59263676,1200576768
2015-03-30,19.910,20.330,20.190,19.730,52675964,1055794304
2015-03-27,20.000,20.260,19.880,19.600,43465324,863257216
2015-03-26,20.300,20.850,19.990,19.800,64966424,1318006528
2015-03-25,20.280,20.600,20.250,20.030,64334020,1305440128
2015-03-24,19.820,20.950,20.320,19.700,111421880,2262394624
2015-03-23,19.300,19.450,19.400,19.050,64421392,1240851200
2015-03-20,19.130,19.570,19.290,19.000,57627024,1109595904
2015-03-19,19.270,19.490,19.140,18.890,58934460,1132022656
2015-03-18,18.940,19.450,19.200,18.600,73359368,1391230976
2015-03-17,19.040,19.440,18.960,18.730,68647272,1309139200
2015-03-16,18.600,18.890,18.840,18.420,45305064,844817152
2015-03-13,18.280,18.430,18.380,18.110,31267732,571418496
2015-03-12,18.310,18.490,18.110,17.800,41706508,755617920
2015-03-11,18.860,19.120,18.380,18.180,46371828,863681280
2015-03-10,19.080,19.260,18.900,18.700,38759644,734581312
2015-03-09,18.660,19.030,19.010,18.210,43453192,808245632
2015-03-06,19.210,19.630,18.740,18.560,65186260,1247295488
2015-03-05,19.100,19.260,19.060,18.310,68031056,1274010880
2015-03-04,18.820,19.790,18.950,18.680,93432288,1791653632
2015-03-03,18.600,19.810,18.700,18.410,109726320,2090053888
2015-03-02,18.410,19.120,18.900,18.010,143732416,2657043712
2015-02-27,16.880,18.140,18.140,16.880,159879152,2871670016
2015-02-26,16.480,16.580,16.490,16.250,33352614,547826624
2015-02-25,16.300,16.590,16.410,16.140,36265040,593603328
2015-02-17,16.280,16.360,16.160,16.140,32422282,526209920
2015-02-16,15.940,16.230,16.220,15.830,31929202,513463168
2015-02-13,16.000,16.270,15.920,15.900,34193592,549977280
2015-02-12,16.100,16.100,15.890,15.780,23648386,376967104
2015-02-11,15.800,16.140,16.050,15.730,37765168,601867200
2015-02-10,15.440,15.970,15.870,15.300,40442528,633346176
2015-02-09,15.530,15.760,15.300,15.130,21590416,334299776
2015-02-06,16.080,16.080,15.530,15.450,32686492,513196576
2015-02-05,16.580,16.870,16.000,15.970,94835080,1566519040
2015-02-04,16.710,16.980,16.550,16.450,74747648,1251344128
2015-02-03,15.760,16.890,16.830,15.570,101833688,1665637248
2015-02-02,15.650,15.960,15.730,15.400,23292716,367398016
2015-01-30,15.900,16.080,15.770,15.610,26741568,424843712
2015-01-29,15.700,16.100,15.720,15.600,20050152,317778016
2015-01-28,16.190,16.190,15.790,15.710,35918332,572640128
2015-01-27,16.180,16.430,16.230,16.000,52403792,850903744
2015-01-26,16.100,16.340,16.100,15.930,30200242,486604256
2015-01-23,16.350,16.480,15.910,15.790,60075184,970402688
2015-01-22,16.070,17.050,16.510,15.850,106069472,1731305856
2015-01-21,15.120,16.170,16.080,15.090,58860764,925124672
2015-01-20,14.480,15.480,15.220,14.380,42547636,638072064
2015-01-19,14.660,15.150,14.290,13.800,27593520,401281504
2015-01-16,15.150,15.230,15.070,14.960,23015460,347373056
2015-01-15,14.690,15.500,15.130,14.500,23624908,353789024
2015-01-14,14.690,14.870,14.660,14.510,14973356,219996960
2015-01-13,14.430,14.730,14.620,14.430,17259350,252332528
2015-01-12,15.150,15.150,14.430,14.250,35981688,527728000
2015-01-09,15.570,15.860,15.310,15.290,27929000,434336576
2015-01-08,15.800,15.930,15.570,15.510,24585364,386932384
2015-01-07,15.970,16.090,15.790,15.740,33325184,528101600
2015-01-06,15.550,16.380,16.180,15.340,59281444,953588032
2015-01-05,15.650,15.730,15.600,15.200,27780452,429287168
2015-05-14,24.600,25.570,24.500,24.250,51786708,1281122560
2015-05-13,24.560,26.550,24.680,23.900,101869144,2566158592
2015-05-12,23.350,24.880,24.550,23.120,82802032,1985018624
2015-05-11,22.870,23.180,23.000,22.340,58409120,1332726656
2015-05-08,21.980,22.540,22.490,21.310,54141764,1193138048
2015-05-07,23.800,24.150,21.860,21.840,62861024,1450433280
2015-05-06,24.100,24.750,24.250,23.390,77150680,1850815104
2015-05-05,23.800,24.770,24.080,23.060,111313040,2673943296
2015-05-04,21.530,23.770,23.770,21.460,93071272,2104019456
2015-04-30,21.800,22.350,21.610,21.600,48872192,1070450688
2015-04-29,20.780,22.000,21.670,20.530,57404956,1234062592
2015-04-28,22.010,22.150,20.870,20.740,64105792,1364769024
2015-04-27,22.200,23.230,22.040,21.900,81667648,1828756992
2015-04-24,21.130,22.340,21.480,20.800,66591528,1442862592
2015-04-23,21.800,21.810,21.280,21.000,73620976,1577358720
2015-04-22,21.480,22.000,21.730,21.030,95137624,2049635712
2015-04-21,20.590,22.330,21.610,20.590,142020064,3089481216
2015-04-20,19.800,20.680,20.300,19.400,85355200,1726344960
2015-04-17,19.610,20.390,19.920,19.430,64248928,1280047488
2015-04-16,18.930,19.580,19.300,18.610,32528714,624034304
2015-04-15,19.850,20.020,19.130,19.000,41689556,811704704
2015-04-14,20.050,20.140,19.900,19.690,43995448,876443328
2015-04-13,19.750,20.260,20.090,19.490,47801624,951692864
2015-04-10,19.450,19.910,19.750,19.300,38358232,757054336
2015-04-09,20.100,20.130,19.460,19.170,39311520,767134720
2015-04-08,20.800,20.850,19.990,19.660,58000856,1171647488
2015-04-07,20.990,21.100,20.800,20.520,52552776,1088686976
2015-04-03,20.130,20.980,20.940,19.940,79251744,1628568064
2015-04-02,20.370,20.500,20.170,19.960,36841784,742853312
2015-04-01,19.930,20.290,20.070,19.920,40267872,807008192
2015-09-30,15.260,16.440,15.920,15.260,52400976,829346688
2015-09-29,14.600,15.700,15.170,14.600,36766408,559984512
2015-09-28,15.230,15.390,15.100,14.450,35966400,538656256
2015-09-25,16.700,16.860,15.220,15.060,49254392,791167104
2015-09-24,16.700,17.140,16.670,16.460,43080232,721875136
2015-09-23,16.300,17.430,16.720,16.100,57829824,975948032
2015-09-22,16.500,17.250,16.680,16.250,92733400,1557832704
2015-09-21,16.080,17.550,17.480,16.080,197716800,3264326656
2015-09-18,17.870,17.870,17.870,17.870,1333200,23824284
2015-09-17,19.850,19.850,19.850,19.850,1314800,26098780
2015-09-16,22.050,22.050,22.050,22.050,2512600,55402832
2015-10-12,16.810,17.570,17.030,16.700,67581696,1154520320
2015-10-09,16.400,17.480,16.710,16.300,57973932,983846336
2015-10-08,16.550,16.860,16.460,16.090,45136584,747006272
2015-11-20,19.700,20.500,20.080,19.680,49031040,991602624
2015-11-19,19.300,19.720,19.650,19.150,26653132,518640896
2015-11-18,19.910,20.110,19.180,19.000,34512488,678111232
2015-11-17,19.750,20.540,19.900,19.410,57795392,1153780224
2015-11-16,19.000,19.770,19.500,18.970,28863572,562622080
2015-11-13,19.700,20.060,19.200,19.130,41097200,800942592
2015-11-12,20.010,20.790,20.190,19.850,53309224,1081555200
2015-11-11,20.420,20.600,20.080,19.680,46029508,919999744
2015-11-10,20.150,20.780,20.400,19.810,50604080,1027581824
2015-11-09,19.900,20.610,20.170,19.570,50435456,1014859136
2015-11-06,19.320,20.580,20.180,19.200,66972676,1335582848
2015-11-05,19.440,19.670,19.210,18.830,54174048,1045565120
2015-11-04,18.500,19.580,19.440,18.410,51330836,972448768
2015-11-03,19.030,19.200,18.260,18.010,45353772,837126848
2015-11-02,19.600,20.320,18.870,18.650,53835568,1051192448
2015-10-30,19.500,21.060,19.940,19.200,64370752,1301468288
2015-10-29,19.000,20.250,19.590,19.000,61613592,1203436416
2015-10-28,20.100,20.160,18.770,18.670,85246936,1662578048
2015-10-27,18.060,20.020,20.020,17.890,113317416,2147469696
2015-10-26,18.110,18.650,18.200,17.630,58387264,1057945152
2015-10-23,17.510,17.900,17.650,17.210,51470556,906012480
2015-10-22,16.780,17.620,17.440,16.300,61871284,1055554176
2015-10-21,18.650,18.670,16.770,16.770,97537928,1731198080
2015-10-20,17.100,18.630,18.630,16.950,89684080,1620575488
2015-10-19,17.480,17.550,16.940,16.650,46458024,792764224
2015-10-16,17.300,17.530,17.310,16.940,59175872,1020445440
2015-10-15,16.410,17.160,17.010,16.410,42866420,722867520
2015-10-14,17.010,17.440,16.520,16.500,41098392,699159936
2015-10-13,16.880,17.190,17.020,16.710,39403948,667171456
