#date, start price, highest price, close price, lowest price, deal number, deal amount
2015-03-31,15.110,15.430,15.160,14.920,28605720,432391168
2015-03-30,14.650,15.280,15.100,14.650,36990752,558222464
2015-03-27,14.590,14.720,14.600,14.390,25350402,369621216
2015-03-26,14.020,14.790,14.530,13.870,40921360,592190656
2015-03-25,13.880,14.260,14.100,13.720,29695604,416373024
2015-03-24,14.300,14.300,13.970,13.650,36578452,511416832
2015-03-23,13.930,14.490,14.290,13.930,35456400,504924192
2015-03-20,13.820,14.040,13.910,13.800,25494556,354385696
2015-03-19,13.760,14.150,13.860,13.700,32772288,456712224
2015-03-18,13.680,13.790,13.770,13.570,29969170,410690208
2015-03-17,13.500,13.770,13.680,13.400,37697628,513803360
2015-03-16,13.190,13.460,13.410,13.190,30555806,408356384
2015-03-13,13.190,13.270,13.150,13.110,17796422,234357792
2015-03-12,13.090,13.150,13.140,12.900,24447890,318671520
2015-03-11,13.190,13.370,13.050,13.030,20780482,273060256
2015-03-10,13.030,13.440,13.230,13.000,25002256,331754880
2015-03-09,13.020,13.130,13.100,12.800,19110264,247591008
2015-03-06,13.420,13.560,13.120,13.070,28323744,375533024
2015-03-05,12.910,13.380,13.370,12.830,38476712,504858816
2015-03-04,12.770,12.970,12.950,12.720,18629814,239595520
2015-03-03,13.050,13.080,12.800,12.730,29929864,385494336
2015-03-02,12.800,13.220,13.140,12.730,30162254,393732544
2015-02-27,12.820,12.840,12.720,12.670,18692954,238027472
2015-02-26,12.580,12.820,12.810,12.500,15995302,203466288
2015-02-25,12.860,12.860,12.590,12.520,21620852,273155328
2015-02-17,12.910,12.960,12.860,12.700,22641756,289980768
2015-02-16,12.620,12.990,12.870,12.620,20697904,266112304
2015-02-13,12.510,12.720,12.600,12.510,17006656,214709520
2015-02-12,12.350,12.460,12.450,12.210,14695849,181293968
2015-02-11,12.400,12.500,12.360,12.340,11670971,144774544
2015-02-10,12.160,12.370,12.370,12.150,13297104,163448320
2015-02-09,12.000,12.250,12.160,11.990,11222320,136230864
2015-02-06,12.260,12.380,12.100,11.980,17428946,212556912
2015-02-05,12.670,12.680,12.250,12.210,23646696,292346368
2015-02-04,12.850,12.890,12.430,12.400,20416392,258311776
2015-02-03,12.490,12.820,12.810,12.450,18288156,231345920
2015-02-02,12.350,12.630,12.390,12.260,14912603,185454240
2015-01-30,12.750,12.890,12.520,12.500,20618744,262668448
2015-01-29,12.800,12.880,12.610,12.460,25903672,327895008
2015-01-28,13.250,13.340,12.920,12.900,25289028,330343360
2015-01-27,13.250,13.600,13.340,12.910,36502016,483894048
2015-01-26,12.780,13.370,13.240,12.740,33589684,442381440
2015-01-23,12.950,13.080,12.800,12.730,38678184,498030784
2015-01-22,12.320,13.170,13.120,12.200,72067992,925168512
2015-01-21,11.840,12.350,12.290,11.830,29165944,356144704
2015-01-20,11.580,11.880,11.850,11.530,25569650,299641120
2015-01-19,11.930,12.240,11.440,11.270,36872752,435649344
2015-01-16,12.300,12.460,12.440,12.210,27856788,344181664
2015-01-15,12.300,12.350,12.270,12.080,20298528,247935744
2015-01-14,12.210,12.450,12.290,12.090,30224216,370810304
2015-01-13,11.680,12.150,12.120,11.650,23315572,279015232
2015-01-12,11.950,12.080,11.680,11.650,22566916,267199536
2015-01-09,12.030,12.430,11.880,11.860,27933540,340447520
2015-01-08,12.050,12.290,12.130,11.860,28336714,343527904
2015-01-07,12.140,12.160,12.050,11.900,22951540,275366592
2015-01-06,11.830,12.490,12.140,11.750,46146656,561507456
2015-01-05,11.410,12.060,11.930,11.390,44097312,520062624
2015-06-30,14.080,15.700,15.630,12.980,53110516,768146048
2015-06-29,16.500,16.510,14.420,14.360,59491084,903860608
2015-06-26,17.100,17.500,15.950,15.950,41289732,682139456
2015-06-25,19.090,19.090,17.720,17.690,32782362,608060992
2015-06-24,19.300,19.400,19.060,18.460,42158900,797598336
2015-06-23,18.890,19.470,19.040,17.250,33105492,614732160
2015-06-19,19.660,20.200,18.630,18.400,40644744,780364608
2015-06-18,21.500,21.870,20.420,20.300,27692036,588035648
2015-06-17,21.500,21.970,21.590,20.350,41732212,878456384
2015-06-16,22.790,23.060,21.790,21.500,33337812,745903360
2015-06-15,22.940,23.180,23.170,21.710,53420796,1208084608
2015-06-12,22.800,23.250,22.680,22.560,37510612,856192000
2015-06-11,22.700,22.700,22.490,22.130,30517356,682598400
2015-06-10,22.650,23.180,22.780,21.920,46481628,1045059136
2015-06-09,24.190,24.190,22.910,22.580,46034052,1063088512
2015-06-08,22.800,24.300,23.740,22.540,61993452,1460803072
2015-06-05,22.650,24.780,23.000,22.580,78678768,1848070144
2015-06-04,20.520,22.700,22.570,19.010,65536688,1380910848
2015-06-03,20.980,21.620,20.640,19.980,58949624,1228503296
2015-06-02,18.920,20.610,20.590,18.920,64746200,1282344960
2015-06-01,18.180,19.070,18.790,18.150,55494720,1035894976
2015-05-29,17.300,18.090,17.860,16.440,63285896,1108191104
2015-05-28,19.000,19.380,17.220,17.180,81959752,1511697280
2015-05-27,18.400,19.840,19.050,18.100,119622456,2261641728
2015-05-26,16.580,18.040,18.040,16.190,97719576,1714107136
2015-05-25,16.120,16.490,16.400,16.120,59240308,968280960
2015-05-22,15.900,16.200,16.070,15.580,51488056,818820608
2015-05-21,15.260,15.730,15.710,15.250,36504512,568309056
2015-05-20,15.350,15.700,15.250,15.200,40885368,634851904
2015-05-19,14.930,15.350,15.350,14.930,35372024,539514112
2015-05-18,14.900,15.130,14.950,14.760,25838080,386839936
2015-05-15,14.850,15.050,14.950,14.540,26606406,392677824
2015-05-14,15.000,15.030,14.860,14.710,24699672,366443328
2015-05-13,15.190,15.190,14.980,14.800,31139378,465249888
2015-05-12,15.350,15.360,15.200,15.100,34278568,520832992
2015-05-11,15.000,15.360,15.340,15.000,28578616,434767904
2015-05-08,14.690,15.080,15.040,14.680,22426790,334137184
2015-05-07,14.610,14.790,14.590,14.390,17960572,262236080
2015-05-06,14.880,15.220,14.610,14.460,30504144,455660608
2015-05-05,15.500,15.530,14.700,14.570,35075460,527419648
2015-05-04,15.480,15.620,15.530,15.150,27139408,418161216
2015-04-30,15.450,15.650,15.460,15.260,45919428,708949504
2015-04-29,15.500,15.950,15.740,15.400,30783996,485605952
2015-04-28,16.180,16.260,15.490,15.220,46207544,725252096
2015-04-27,16.070,16.380,16.140,15.960,42937176,693135872
2015-04-24,16.120,16.330,16.010,15.730,42488212,681706624
2015-04-23,16.650,16.880,16.400,16.170,49770656,822666688
2015-04-22,16.360,16.830,16.500,16.340,45170400,748190016
2015-04-21,15.730,16.350,16.330,15.690,42028688,672703744
2015-04-20,16.350,16.450,15.680,15.560,65782656,1057361920
2015-04-17,16.520,16.750,16.480,16.090,72136192,1184935296
2015-04-16,15.500,16.570,16.360,15.250,69584272,1113193216
2015-04-15,15.500,15.770,15.430,15.000,61735288,956820288
2015-04-14,15.380,15.740,15.410,15.170,50001952,772495744
2015-04-13,14.950,15.470,15.360,14.950,44845632,684447872
2015-04-10,14.480,14.880,14.870,14.410,37474172,553035712
2015-04-09,15.120,15.140,14.550,14.000,66005752,957733504
2015-04-08,15.870,15.870,15.110,14.970,74829120,1143625472
2015-04-07,15.390,15.910,15.790,15.310,44215168,691443200
2015-04-03,15.500,15.580,15.420,15.120,51355872,789521536
2015-04-02,15.600,15.790,15.620,15.300,71882912,1114386048
2015-04-01,15.180,16.190,16.010,15.180,41492360,647723968
2015-08-14,15.030,15.930,15.470,15.010,38695284,598092224
2015-08-13,14.460,14.970,14.940,14.390,17074048,250663488
2015-08-12,14.880,15.130,14.610,14.600,23079436,342390112
2015-08-11,15.010,15.310,15.120,14.830,30410516,457596032
2015-08-10,14.700,15.310,15.130,14.510,30056660,449289952
2015-08-07,14.300,14.530,14.500,14.160,20009220,288247360
2015-08-06,13.950,14.580,14.130,13.800,18902046,269956096
2015-08-05,14.580,14.730,14.240,14.070,20954398,302319136
2015-08-04,13.850,14.620,14.600,13.810,26940926,385536992
2015-08-03,13.790,13.880,13.750,13.000,26400688,356670496
2015-07-31,13.750,14.290,14.010,13.660,22959760,318547840
2015-07-30,13.500,14.520,13.940,13.370,44908180,628347840
2015-07-29,13.180,13.680,13.660,12.530,28882052,376184192
2015-07-28,12.900,13.550,12.910,12.180,55989632,717706944
2015-07-27,14.360,14.900,13.320,13.320,41628164,589968704
2015-07-24,15.290,15.930,14.800,14.670,59511184,918423616
2015-07-23,14.880,15.480,15.400,14.480,60282236,909617856
2015-07-22,14.400,14.680,14.650,14.000,37323096,538433152
2015-07-21,14.010,14.720,14.440,13.920,33823536,485917920
2015-07-20,14.100,14.800,14.300,13.870,36941312,529633184
2015-07-17,13.500,14.360,14.290,13.430,34179340,478940800
2015-07-16,13.210,13.960,13.350,12.300,36653608,486902176
2015-07-15,14.030,14.600,13.210,13.210,45249788,619423232
2015-07-14,14.700,15.840,14.680,14.480,80015376,1206600576
2015-07-13,14.590,15.140,15.140,14.100,67699904,999583616
2015-07-10,13.000,13.760,13.760,12.790,22692394,306914912
2015-07-09,10.300,12.510,12.510,10.300,39853852,474681152
2015-07-08,11.370,12.120,11.370,11.370,98335808,1132095104
2015-07-07,13.460,14.050,12.630,12.630,65155256,845628544
2015-07-06,14.660,14.660,14.030,12.480,75412096,1039116352
2015-07-03,13.400,15.100,13.330,12.560,55988924,758859264
2015-07-02,15.280,15.350,13.950,13.700,45426160,659996736
2015-07-01,15.220,16.700,14.880,14.660,50046744,795796288
2015-08-17,15.230,16.390,16.200,15.230,40153200,638293696
2015-08-18,16.190,16.370,14.580,14.580,34819232,538011968
2015-08-20,14.400,14.810,13.990,13.960,14671182,210467136
2015-08-19,13.900,14.970,14.670,13.250,27249622,386974400
2015-09-14,11.460,11.530,10.080,10.080,14003068,149743184
2015-09-11,11.030,11.260,11.200,11.020,7611228,84787336
2015-09-10,11.200,11.340,11.100,11.050,11152840,124687600
2015-09-09,11.090,11.420,11.380,10.850,19710384,221228208
2015-09-08,10.430,11.050,10.990,10.260,12393394,132370440
2015-09-07,10.400,10.850,10.450,10.390,11072595,117779656
2015-09-02,9.600,10.580,10.270,9.470,24129792,246635232
2015-09-01,10.570,10.750,10.040,9.900,17311366,177451632
2015-08-31,11.200,11.200,10.750,10.700,16794632,183202048
2015-08-28,10.310,11.200,11.190,10.220,24971952,267360544
2015-08-27,10.110,10.380,10.230,9.380,19839780,198106640
2015-08-26,10.700,11.100,9.770,9.700,21589016,226429376
2015-08-25,10.490,11.100,10.490,10.490,35487112,374854048
2015-08-24,12.380,12.410,11.660,11.660,14408159,169978080
2015-08-21,13.850,13.950,12.950,12.800,23049168,306663264
2015-09-30,11.370,11.370,10.920,10.890,41662200,470297312
2015-09-29,10.420,10.560,10.340,10.300,6730504,70239096
2015-09-28,10.580,10.760,10.720,10.340,9080785,96501840
2015-09-25,10.560,10.850,10.540,10.260,12807895,135402656
2015-09-24,10.310,10.600,10.540,10.310,6863153,71876568
2015-09-23,10.550,10.640,10.350,10.260,12340344,128630160
2015-09-22,10.580,10.850,10.740,10.500,11614780,124107512
2015-09-21,10.120,10.550,10.520,10.050,7418083,76755120
2015-09-18,10.100,10.330,10.210,10.000,5926813,60210096
2015-09-17,10.220,10.590,10.010,10.000,11969402,123106112
2015-09-16,9.490,10.260,10.250,9.480,12025904,118308992
2015-09-15,9.950,10.260,9.330,9.220,13549065,132732912
2015-10-12,11.270,11.770,11.660,11.200,25755736,296765504
2015-10-09,11.190,11.300,11.200,10.940,18989410,211720672
2015-10-08,11.300,11.470,11.140,11.010,42428868,476625088
2015-11-20,12.440,12.580,12.510,12.390,14465625,180564672
2015-11-19,12.340,12.480,12.470,12.210,12306987,151941328
2015-11-18,12.610,12.640,12.230,12.180,15534943,192956432
2015-11-17,12.930,13.120,12.480,12.430,27133464,348527744
2015-11-16,12.210,12.990,12.920,12.100,19254076,242870112
2015-11-13,12.310,12.810,12.590,12.210,25708836,322492064
2015-11-12,12.720,12.730,12.470,12.280,18374458,229557744
2015-11-11,12.520,12.950,12.730,12.510,22092820,280946208
2015-11-10,12.500,12.700,12.560,12.380,22096820,277364704
2015-11-09,12.380,12.690,12.680,12.100,27385756,339575872
2015-11-06,12.330,12.530,12.440,12.310,23809804,295948256
2015-11-05,12.150,12.450,12.310,12.050,24214972,297074208
2015-11-04,11.560,12.180,12.110,11.530,17108590,203048368
2015-11-03,11.580,11.780,11.410,11.320,10595170,122495696
2015-11-02,12.010,12.070,11.590,11.520,12429143,147408144
2015-10-30,12.100,12.360,12.120,11.910,19287388,233944480
2015-10-29,12.000,12.200,11.990,11.720,15036524,179869792
2015-10-28,12.100,12.430,11.770,11.670,17222746,208153696
2015-10-27,12.150,12.430,12.210,11.430,24172354,287789536
2015-10-26,12.290,12.740,12.310,12.130,29969250,371858944
2015-10-23,11.700,12.380,12.240,11.700,29868592,359294976
2015-10-22,11.440,11.970,11.870,11.390,20432402,239598976
2015-10-21,12.830,12.880,11.420,11.400,29145692,355481696
2015-10-20,12.600,12.700,12.670,12.360,27263064,341597920
2015-10-19,12.090,12.830,12.800,12.000,36577472,454485504
2015-10-16,12.080,12.090,11.990,11.660,21113580,251400752
2015-10-15,11.480,11.850,11.790,11.350,18441044,215105328
2015-10-14,11.800,11.850,11.440,11.400,16886868,196674784
2015-10-13,11.660,11.850,11.700,11.520,19311060,225245584
