#date, start price, highest price, close price, lowest price, deal number, deal amount
2015-03-31,9.450,9.450,9.360,9.240,6398532,59558352
2015-03-30,9.320,9.420,9.390,9.300,5332531,49920464
2015-03-27,9.220,9.550,9.390,9.220,5550398,52212272
2015-03-26,9.620,9.620,9.350,9.300,6553354,61824440
2015-03-25,9.540,9.650,9.610,9.300,11835074,111371616
2015-03-24,10.010,10.430,9.700,9.300,25383140,250282192
2015-03-20,9.480,9.840,9.840,9.480,6627599,64479820
2015-03-19,8.900,9.370,9.370,8.820,8622170,79567208
2015-03-18,8.690,8.980,8.920,8.580,6366681,55884072
2015-03-17,8.680,8.890,8.690,8.640,7214738,63327936
2015-03-16,8.310,8.560,8.560,8.220,5324135,45008232
2015-03-13,7.940,8.200,8.150,7.940,4396350,35513628
2015-03-12,8.010,8.140,7.920,7.910,3066673,24554794
2015-03-11,8.080,8.120,8.030,7.950,4959832,39712412
2015-03-10,8.250,8.270,8.080,8.010,4554297,36960512
2015-03-09,8.250,8.300,8.240,8.150,1677451,13808991
2015-03-06,8.190,8.300,8.230,8.040,3359535,27623588
2015-03-05,7.990,8.250,8.190,7.990,2701407,22026552
2015-03-04,8.020,8.090,8.030,7.900,2322407,18553680
2015-03-03,7.800,8.120,7.980,7.770,5588676,44550704
2015-03-02,7.580,7.820,7.810,7.540,4698711,36274928
2015-02-27,7.620,7.660,7.560,7.530,3733203,28361956
2015-02-26,7.470,7.660,7.640,7.470,2898774,22022616
2015-02-25,7.340,7.550,7.460,7.280,2786912,20759200
2015-02-17,7.300,7.340,7.330,7.260,2264988,16554761
2015-02-16,7.290,7.340,7.270,7.250,2350772,17151346
2015-02-13,7.190,7.340,7.250,7.160,1930761,14026844
2015-02-12,7.140,7.180,7.160,7.080,1197029,8536151
2015-02-11,7.000,7.210,7.140,7.000,1709095,12151452
2015-02-10,7.070,7.100,7.040,6.990,692151,4869328
2015-02-09,6.870,7.080,7.040,6.870,1034978,7247848
2015-02-06,7.110,7.130,6.920,6.800,1836850,12838795
2015-02-05,7.170,7.190,7.130,7.100,1009421,7215342
2015-02-04,7.150,7.220,7.130,7.130,920090,6604539
2015-02-03,7.220,7.220,7.180,7.120,1358781,9732643
2015-02-02,7.080,7.300,7.210,7.010,1243352,8923059
2015-01-30,7.300,7.360,7.210,7.140,2205668,15901515
2015-01-29,7.330,7.380,7.300,7.280,1788143,13088900
2015-01-28,7.350,7.400,7.320,7.280,1564376,11485312
2015-01-27,7.300,7.440,7.370,7.280,2490011,18338600
2015-01-26,7.180,7.400,7.290,7.180,2051985,14990484
2015-01-23,7.220,7.280,7.230,7.150,2127179,15319173
2015-01-22,6.950,7.250,7.220,6.910,3588854,25694888
2015-01-21,6.780,7.000,6.950,6.780,2204261,15257237
2015-01-20,6.710,6.860,6.810,6.700,1219106,8279623
2015-01-19,6.830,6.880,6.670,6.540,1985899,13317748
2015-01-16,6.860,6.910,6.880,6.830,1408807,9678558
2015-01-15,6.910,6.910,6.860,6.840,674434,4630924
2015-01-14,6.800,6.950,6.870,6.790,839964,5777943
2015-01-13,6.780,6.840,6.820,6.750,968815,6584169
2015-01-12,7.040,7.040,6.790,6.720,1606502,11014385
2015-01-09,7.100,7.120,7.040,6.990,1833260,12912411
2015-01-08,7.150,7.170,7.070,7.010,1810828,12850608
2015-01-07,7.010,7.150,7.120,6.940,2035478,14348902
2015-01-06,6.950,7.000,6.980,6.870,1784062,12353638
2015-01-05,6.930,6.980,6.940,6.870,1646053,11419751
2015-06-26,14.020,14.360,13.290,13.290,8513540,114986184
2015-06-25,15.740,15.900,14.770,14.250,9985918,153969024
2015-06-24,15.480,16.090,15.620,15.110,10930785,171092944
2015-06-23,16.060,16.150,15.180,14.720,12373804,187356160
2015-06-19,17.890,17.890,16.360,16.360,9638591,164635296
2015-06-18,17.900,19.000,18.180,17.900,14579732,269850240
2015-06-17,17.800,18.170,17.860,16.410,14801542,256107360
2015-06-16,17.800,18.500,17.840,17.180,16693412,298776864
2015-06-15,17.890,19.530,17.860,17.490,16789644,310051264
2015-06-12,16.980,18.100,17.870,16.760,14609202,255601312
2015-06-11,15.550,16.880,16.710,15.530,14316296,233060688
2015-06-10,15.350,15.990,15.510,14.960,12609793,195495872
2015-06-09,15.310,15.890,15.400,14.990,13967284,214602432
2015-06-08,14.770,16.150,15.560,14.770,22627726,352689312
2015-06-05,14.680,14.970,14.680,14.180,19028948,278786368
2015-06-04,14.200,14.790,14.490,13.190,14739247,210457152
2015-06-03,14.880,14.970,14.290,13.890,16867118,243347760
2015-06-02,13.760,14.850,14.600,13.730,17099092,243073456
2015-06-01,13.050,13.830,13.680,13.040,12003261,162537808
2015-05-29,12.880,13.700,13.120,12.370,15622720,204229024
2015-05-28,14.100,14.670,13.290,13.080,23770432,335375296
2015-05-27,12.990,14.310,14.310,12.500,23473844,310074752
2015-05-26,12.880,13.350,13.010,12.700,18035660,234587008
2015-05-25,12.290,13.230,12.890,12.280,20898808,267602128
2015-05-22,12.100,12.550,12.450,11.980,20462616,250211056
2015-05-21,11.720,12.220,12.070,11.600,16544193,196283136
2015-05-20,11.590,11.850,11.730,11.570,15956147,187072336
2015-05-19,11.450,11.720,11.580,11.410,10746579,124526544
2015-05-18,11.480,11.790,11.590,11.300,14242401,163822096
2015-05-15,11.900,12.060,11.620,11.600,20485484,242668576
2015-05-14,11.990,12.450,12.290,11.610,33469776,404342944
2015-05-13,11.500,12.050,12.020,11.280,24760508,285971520
2015-05-12,11.090,11.680,11.670,10.970,20589550,233485392
2015-05-11,11.060,11.120,11.050,10.890,8087804,89105336
2015-05-08,10.880,11.090,11.010,10.780,6408410,70254416
2015-05-07,11.100,11.330,10.820,10.510,8223843,90361384
2015-05-06,11.380,12.090,11.440,10.830,14898749,172671488
2015-05-05,11.380,11.620,11.430,11.210,10015154,114190944
2015-05-04,11.390,11.650,11.400,11.200,7966378,90812656
2015-04-30,11.180,11.480,11.370,11.180,7212745,81797928
2015-04-29,11.470,11.540,11.370,11.200,8986806,102335792
2015-04-28,11.370,11.600,11.430,11.180,15394586,174954048
2015-04-27,10.770,11.720,11.370,10.690,16298665,181073600
2015-04-24,10.870,11.040,10.840,10.680,9044192,97981064
2015-04-23,11.000,11.480,11.150,10.920,14799062,165064320
2015-04-22,10.860,11.040,10.950,10.790,10281882,112379264
2015-04-21,10.800,11.150,10.840,10.760,7572952,82373376
2015-04-20,10.750,10.880,10.710,10.510,9652941,102642944
2015-04-17,11.110,11.190,10.900,10.800,9607433,105115088
2015-04-16,10.230,11.190,11.090,10.100,13315169,143783488
2015-04-15,10.940,11.330,10.440,10.420,11334443,123218672
2015-04-14,10.710,11.160,11.100,10.480,17458984,189640992
2015-04-13,10.080,11.150,10.720,10.000,15950015,166975760
2015-04-10,9.430,10.210,10.170,9.350,11911874,117070312
2015-04-09,9.680,9.690,9.440,9.210,6734439,63348040
2015-04-08,10.000,10.100,9.700,9.580,7942820,78132992
2015-04-07,9.940,10.060,9.930,9.820,7739748,76818784
2015-04-03,9.850,10.200,9.940,9.720,9059402,90276024
2015-04-02,9.450,9.900,9.850,9.380,10084409,97796376
2015-04-01,9.330,9.450,9.410,9.290,5385004,50528352
