#date, start price, highest price, close price, lowest price, deal number, deal amount
2015-03-31,9.150,9.190,8.890,8.870,103364320,929425728
2015-03-30,9.000,9.170,9.030,8.840,117062288,1050517056
2015-03-27,9.010,9.200,8.900,8.800,120770328,1082660352
2015-03-26,8.480,9.350,8.920,8.400,201303760,1801228672
2015-03-25,8.130,8.690,8.580,8.050,211217424,1769898880
2015-03-24,8.360,8.370,8.150,7.990,143822368,1171592832
2015-03-23,8.420,8.500,8.330,8.250,139870112,1164680576
2015-03-20,8.400,8.500,8.260,8.170,145167696,1203164544
2015-03-19,8.090,8.440,8.380,7.980,187456976,1539565184
2015-03-18,8.020,8.090,8.070,7.830,144120528,1147541248
2015-03-17,8.010,8.150,7.920,7.800,200577600,1601668224
2015-03-16,7.650,7.780,7.770,7.550,80405400,617024960
2015-03-13,7.590,7.760,7.610,7.560,42092908,321837472
2015-03-12,7.620,7.660,7.590,7.450,43412564,327216576
2015-03-11,7.760,7.780,7.610,7.590,44109452,337545344
2015-03-10,7.850,7.890,7.740,7.680,43888296,341493600
2015-03-09,7.680,7.880,7.830,7.540,37282764,286860096
2015-03-06,7.780,7.970,7.680,7.650,57947352,450508352
2015-03-05,7.800,7.800,7.760,7.610,48163224,369141920
2015-03-04,7.960,7.990,7.790,7.700,64622188,502865536
2015-03-03,7.660,8.130,7.890,7.620,93572072,739775808
2015-03-02,7.600,7.730,7.730,7.500,71496408,545690688
2015-02-27,7.500,7.620,7.540,7.480,39105760,295838304
2015-02-26,7.310,7.490,7.480,7.270,29883676,221640384
2015-02-25,7.350,7.380,7.300,7.220,27692228,202112976
2015-02-17,7.510,7.560,7.300,7.190,50493792,372464064
2015-02-16,7.500,7.540,7.470,7.440,28558320,213552000
2015-02-13,7.550,7.610,7.500,7.450,57260496,429268224
2015-02-12,7.410,7.770,7.550,7.390,68830552,521110720
2015-02-11,7.460,7.520,7.420,7.360,13841214,102792336
2015-02-10,7.280,7.480,7.460,7.260,22896908,169842608
2015-02-09,7.300,7.400,7.330,7.130,15650182,113754432
2015-02-06,7.290,7.420,7.270,7.220,17414808,127226728
2015-02-05,7.520,7.550,7.290,7.220,23231184,171321952
2015-02-04,7.510,7.560,7.330,7.260,23013938,170576864
2015-02-03,7.200,7.500,7.500,7.110,32840076,240424752
2015-02-02,7.290,7.370,7.150,7.070,45690120,328725024
2015-01-30,7.570,7.730,7.460,7.450,23672392,179368992
2015-01-29,7.440,7.660,7.580,7.360,22099784,166949664
2015-01-28,7.650,7.710,7.520,7.180,58523900,439505824
2015-01-27,7.920,7.990,7.800,7.700,34804424,271837216
2015-01-26,7.660,7.920,7.890,7.660,41554636,324791424
2015-01-23,7.860,7.950,7.780,7.690,67697072,528628000
2015-01-22,8.120,8.120,7.920,7.830,65184732,516717440
2015-01-21,8.020,8.310,8.140,7.900,72992368,590795648
2015-01-20,7.630,8.080,8.030,7.600,71875392,567649280
2015-01-19,7.650,8.100,7.510,7.380,65548284,512670784
2015-01-16,8.080,8.110,8.000,7.830,59924292,476066016
2015-01-15,7.860,8.250,8.140,7.810,52296920,423625824
2015-01-14,8.120,8.240,7.910,7.780,67193720,536851904
2015-01-13,8.410,8.510,8.160,8.110,70114736,580975552
2015-01-12,8.010,8.600,8.440,7.800,101224968,841239616
2015-01-09,7.900,8.450,7.990,7.750,124946152,1013627904
2015-01-08,7.250,7.830,7.820,7.250,148815264,1147254272
2015-01-07,7.220,7.220,7.120,7.050,31207396,221812512
2015-01-06,7.280,7.330,7.200,7.120,41809312,301398496
2015-01-05,7.200,7.450,7.380,7.050,66805532,485287712
2015-06-30,9.890,10.520,10.440,8.890,149752640,1453278464
2015-06-29,11.300,11.320,9.880,9.860,144123824,1490317184
2015-06-26,11.780,11.980,10.960,10.960,114286080,1299843072
2015-06-25,12.490,12.980,12.180,12.000,172612256,2143291776
2015-06-24,12.300,12.610,12.530,11.860,140987824,1738765184
2015-06-23,12.140,12.500,12.230,10.930,124069072,1462886272
2015-06-19,13.300,13.480,12.140,12.140,131297768,1684273536
2015-06-18,13.980,14.690,13.490,13.460,149942128,2122546432
2015-06-17,14.200,14.450,13.970,13.030,177370880,2436222720
2015-06-16,14.100,14.900,14.170,13.890,200924448,2895973632
2015-06-15,14.520,15.300,14.500,14.250,257014768,3797896704
2015-06-12,14.250,15.130,14.410,14.000,367381664,5327656448
2015-06-11,12.480,13.750,13.750,12.320,224380480,2917114112
2015-06-10,12.190,12.760,12.500,11.810,163803040,2018875776
2015-06-09,12.640,12.940,12.370,12.240,173950000,2185150464
2015-06-08,12.390,12.600,12.570,12.200,229205600,2854708992
2015-06-05,12.050,12.340,12.270,11.740,175515888,2130294272
2015-06-04,12.220,12.390,11.940,11.070,116890280,1374526080
2015-06-03,12.620,12.700,12.280,11.930,145929808,1797889280
2015-06-02,11.760,12.800,12.480,11.760,167527760,2053651584
2015-06-01,11.250,11.760,11.750,11.250,117155504,1350489728
2015-05-29,11.350,11.660,11.190,10.850,135367088,1518595968
2015-05-28,12.650,12.950,11.410,11.410,190154992,2341884160
2015-05-27,12.710,12.790,12.680,12.190,180111136,2249103872
2015-05-26,12.860,12.980,12.630,12.450,183249472,2325502976
2015-05-25,11.800,12.600,12.430,11.800,188197024,2307777024
2015-05-22,11.840,12.000,11.670,11.330,169074080,1967460480
2015-05-21,11.590,11.850,11.660,11.400,138929136,1614830976
2015-05-20,11.180,11.690,11.300,11.080,170289216,1942005888
2015-05-19,10.470,10.940,10.920,10.360,81573680,873512256
2015-05-18,10.390,10.690,10.460,10.210,67085520,698672064
2015-05-15,10.970,10.980,10.500,10.480,73676680,785538624
2015-05-14,11.030,11.180,11.000,10.800,95173160,1044312896
2015-05-13,10.530,11.350,11.170,10.420,149891120,1651955200
2015-05-12,10.600,10.680,10.550,10.450,72492488,763922176
2015-05-11,10.300,10.670,10.590,10.000,91766248,953730112
2015-05-08,10.070,10.250,10.160,9.840,67251936,677210688
2015-05-07,10.650,10.650,9.960,9.920,74049880,758080512
2015-05-06,10.980,11.240,10.680,10.530,79898936,876106240
2015-05-05,11.280,11.660,10.950,10.700,129959768,1473310080
2015-05-04,10.920,11.270,11.250,10.780,100396568,1102576768
2015-04-30,10.860,11.080,10.830,10.800,61753512,675452224
2015-04-29,10.640,11.000,10.850,10.640,72049408,781364544
2015-04-28,11.200,11.210,10.630,10.560,96531760,1042690112
2015-04-27,11.200,11.350,11.150,10.950,107231040,1192764416
2015-04-24,11.290,11.320,11.100,10.830,142517968,1576177792
2015-04-23,11.630,11.700,11.440,11.330,148934432,1709204096
2015-04-22,11.800,11.900,11.580,11.500,119736336,1390593024
2015-04-21,11.120,11.600,11.510,11.080,114020240,1295531904
2015-04-20,11.200,11.850,11.330,11.030,194450912,2222874624
2015-04-17,10.990,11.200,11.180,10.660,150077152,1635881088
2015-04-16,10.660,11.160,10.990,10.230,113113424,1219706496
2015-04-15,11.570,11.570,10.700,10.650,136400464,1516052992
2015-04-14,11.440,11.970,11.630,11.100,147433600,1707481856
2015-04-13,11.500,12.100,11.460,11.230,221136944,2569735424
2015-04-10,10.060,11.040,11.040,9.850,186070064,1943849984
2015-04-09,10.010,10.400,10.040,9.700,197967104,1994631552
2015-04-08,9.450,9.960,9.700,9.310,173522368,1676947328
2015-04-07,9.520,9.530,9.420,9.300,132784536,1244578944
2015-04-03,9.010,9.560,9.440,8.990,181984544,1692090752
2015-04-02,8.900,9.140,9.010,8.860,100088080,899738048
2015-04-01,8.920,8.960,8.900,8.790,94095336,834637184
2015-08-12,10.450,11.010,10.340,10.260,297619392,3159576576
2015-08-11,10.110,10.320,10.070,10.000,159749600,1619658240
2015-08-10,9.810,10.450,10.240,9.650,197467648,1986700288
2015-08-07,9.520,9.850,9.740,9.320,153227632,1469829120
2015-08-06,9.400,9.800,9.460,9.250,128443408,1228148608
2015-08-05,9.490,9.640,9.300,9.110,127327960,1200234752
2015-08-04,9.000,9.680,9.620,8.820,132943312,1228160256
2015-08-03,9.650,9.780,8.950,8.950,160975056,1476129664
2015-07-31,9.800,10.150,9.940,9.710,226775056,2259188224
2015-07-30,9.700,10.150,9.670,9.400,189581120,1865734272
2015-07-29,9.150,9.780,9.640,8.700,142476960,1300096384
2015-07-28,8.580,9.180,8.980,8.040,165422208,1436385408
2015-07-27,9.400,10.000,8.790,8.700,181268720,1722889216
2015-07-24,9.930,10.090,9.630,9.450,179128960,1766319616
2015-07-23,9.710,10.290,10.020,9.610,224238144,2234273280
2015-07-22,9.180,10.180,9.990,9.160,222836800,2159193856
2015-07-21,9.100,9.560,9.270,9.010,129893504,1210366208
2015-07-20,9.250,9.760,9.430,8.930,197396192,1854281216
2015-07-17,8.630,9.350,9.190,8.620,183594336,1649657344
2015-07-16,7.940,8.680,8.580,7.500,185614528,1541262592
2015-07-15,8.640,8.960,7.940,7.940,229532688,1925271168
2015-07-14,8.820,8.820,8.820,8.510,205137776,1805417472
2015-07-13,8.020,8.020,8.020,8.020,33196100,266232720
2015-07-10,7.290,7.290,7.290,7.010,51748336,375731296
2015-07-09,6.030,6.630,6.630,5.710,186643216,1201330944
2015-07-08,6.040,6.350,6.030,6.030,156272400,948378304
2015-07-07,7.030,7.380,6.700,6.390,183863472,1260803968
2015-07-06,8.300,8.300,7.020,6.850,164693888,1224356992
2015-07-03,7.900,8.500,7.610,7.610,124525520,974928192
2015-07-02,9.490,9.640,8.460,8.460,126391120,1117973376
2015-07-01,10.200,10.600,9.400,9.400,131220136,1329613568
2015-09-14,7.400,7.550,6.800,6.670,130076480,912404544
2015-09-11,7.310,7.560,7.410,7.260,85105704,629903936
2015-09-10,7.780,7.830,7.470,7.260,145426672,1105121920
2015-09-09,7.800,8.100,7.980,7.640,212854304,1675432192
2015-09-08,7.540,7.540,7.540,7.540,107094200,807490240
2015-09-07,8.380,8.380,8.380,8.380,19321200,161911648
2015-09-02,9.310,9.310,9.310,9.310,3207800,29864618
2015-09-30,7.000,7.040,6.920,6.910,30276480,210946144
2015-09-29,7.050,7.170,6.920,6.880,52072968,364127936
2015-09-28,7.130,7.230,7.200,6.920,41797832,297817888
2015-09-25,7.350,7.450,7.110,7.000,73772584,532077088
2015-09-24,7.460,7.620,7.380,7.280,97940104,728951680
2015-09-23,7.220,7.650,7.440,7.190,161912160,1205578240
2015-09-22,6.950,7.570,7.430,6.950,180813824,1325466240
2015-09-21,6.520,6.910,6.880,6.470,103702960,700365376
2015-09-18,6.550,6.640,6.540,6.370,77067248,501297856
2015-09-17,6.580,7.120,6.480,6.350,150716944,1010289216
2015-09-16,6.150,6.730,6.690,6.030,122096808,775737024
2015-09-15,6.590,6.730,6.120,6.120,106061464,668709760
2015-10-12,7.550,7.900,7.800,7.500,120665512,928270208
2015-10-09,7.500,7.550,7.510,7.350,95968776,715341760
2015-10-08,7.210,7.610,7.600,7.090,141629936,1063479616
2015-11-20,7.610,7.880,7.800,7.570,118575448,920408960
2015-11-19,7.560,7.640,7.610,7.490,64168012,485283040
2015-11-18,7.470,7.750,7.560,7.370,98101448,744941760
2015-11-17,7.620,7.680,7.450,7.430,80241752,607901568
2015-11-16,7.330,7.580,7.560,7.260,54591248,404767136
2015-11-13,7.490,7.650,7.450,7.430,68493832,514270560
2015-11-12,7.780,7.830,7.590,7.510,83286720,636124160
2015-11-11,7.780,7.860,7.770,7.610,94785440,731008384
2015-11-10,7.470,7.890,7.780,7.460,143528528,1101548928
2015-11-09,7.480,7.660,7.480,7.390,123495352,929241152
2015-11-06,7.430,7.600,7.550,7.380,93765528,701593856
2015-11-05,7.310,7.560,7.430,7.240,110397208,817423040
2015-11-04,7.000,7.300,7.290,6.990,75287464,540946112
2015-11-03,6.930,7.060,6.960,6.910,35265360,246127712
2015-11-02,7.070,7.160,6.930,6.910,59761760,420569376
2015-10-30,7.210,7.350,7.170,7.070,56288860,405609728
2015-10-29,7.210,7.290,7.230,7.130,47209944,340419872
2015-10-28,7.280,7.460,7.140,7.120,75162704,549839104
2015-10-27,7.300,7.380,7.340,7.030,97782648,703423936
2015-10-26,7.580,7.640,7.460,7.340,79544088,596045632
2015-10-23,7.350,7.560,7.490,7.290,80253952,596474624
2015-10-22,7.130,7.350,7.340,7.040,76392536,552907776
2015-10-21,7.970,8.050,7.170,7.170,121571008,916593216
2015-10-20,7.890,7.990,7.970,7.810,73424048,581644160
2015-10-19,7.880,8.160,7.930,7.830,94736288,752949952
2015-10-16,7.940,8.050,7.890,7.730,85125248,669562176
2015-10-15,7.700,8.000,7.910,7.670,87481920,687264128
2015-10-14,7.700,8.000,7.730,7.610,93886872,730934848
2015-10-13,7.700,7.830,7.740,7.590,73651560,566499968
