#date, start price, highest price, close price, lowest price, deal number, deal amount
2015-03-31,31.810,34.380,31.830,30.890,187859248,6106011648
2015-03-30,31.010,32.100,31.840,30.350,138725280,4355078144
2015-03-27,30.300,31.720,30.800,30.150,119018688,3688250368
2015-03-26,29.790,30.830,30.200,29.030,87133104,2621185024
2015-03-25,30.550,31.610,30.050,30.000,124730632,3841199872
2015-03-24,31.100,31.100,30.300,29.690,118254360,3591653376
2015-03-23,30.600,31.320,31.130,30.010,181928384,5568079872
2015-03-20,28.060,30.730,30.200,27.660,237035632,7066859008
2015-03-19,28.040,28.140,27.940,27.560,66938488,1861693952
2015-03-18,27.620,28.300,28.040,27.620,106940704,2989533952
2015-03-17,27.210,27.600,27.390,26.890,111937424,3047338752
2015-03-16,26.190,26.880,26.720,25.650,72465208,1915708928
2015-03-13,26.300,26.950,26.140,26.070,60658392,1602050176
2015-03-12,25.340,26.880,26.180,25.160,82259480,2145686912
2015-03-11,25.340,25.900,25.280,25.080,47877984,1221927680
2015-03-10,25.260,25.970,25.340,24.900,64382376,1630480384
2015-03-09,25.500,25.990,25.540,24.550,110250880,2771578624
2015-03-06,26.880,27.540,26.710,26.700,62788196,1700968832
2015-03-05,26.300,27.190,26.800,26.090,70750568,1887684096
2015-03-04,26.500,26.990,26.680,26.240,53040924,1413556992
2015-03-03,27.700,27.700,26.600,26.480,97392896,2614390784
2015-03-02,28.410,28.760,27.850,27.790,110303392,3106993408
2015-02-27,28.500,28.630,27.810,27.780,90570176,2552703744
2015-02-26,26.000,28.580,28.530,25.920,144329824,3954410240
2015-02-25,26.620,26.620,26.040,25.990,46637788,1220742528
2015-02-17,26.700,27.150,26.620,26.350,61920720,1656282880
2015-02-16,26.800,26.990,26.580,26.290,69959600,1861742976
2015-02-13,27.520,27.860,27.010,26.990,91205840,2500620032
2015-02-12,27.020,27.570,27.360,26.500,76528592,2069173888
2015-02-11,27.500,27.510,27.200,26.800,79436728,2152214016
2015-02-10,27.600,28.100,27.530,26.970,105874064,2910667264
2015-02-09,26.850,28.290,27.690,26.510,153644192,4229158400
2015-02-06,26.990,27.880,26.740,26.150,144595760,3903910400
2015-02-05,26.500,28.150,27.670,26.000,271978816,7472409600
2015-02-04,25.030,26.860,25.590,24.660,154432992,3989670400
2015-02-03,24.560,25.180,24.900,23.970,106386992,2616588032
2015-02-02,22.850,25.080,24.160,22.800,86425936,2073351680
2015-01-30,23.820,24.150,23.460,23.380,47104820,1120413824
2015-01-29,23.650,24.030,23.540,23.160,51749076,1218480128
2015-01-28,24.010,24.760,24.200,23.620,54162624,1318573056
2015-01-27,24.620,24.800,24.100,23.560,62570292,1510191104
2015-01-26,25.180,25.180,24.600,24.350,56023608,1382511232
2015-01-23,24.800,25.870,25.110,24.800,91182104,2308926976
2015-01-22,24.700,25.180,24.680,24.010,88148000,2165889536
2015-01-21,23.100,24.750,24.420,23.010,125236432,2982452992
2015-01-20,23.000,23.830,22.690,22.100,147349584,3361505536
2015-01-19,24.040,24.140,24.040,24.040,98508472,2368325120
2015-01-16,27.030,27.170,26.710,26.400,78544104,2106231808
2015-01-15,26.100,27.060,27.030,25.450,92705488,2431383296
2015-01-14,26.080,26.480,26.010,25.700,63054912,1644933632
2015-01-13,26.850,27.200,26.090,25.900,69569088,1839165568
2015-01-12,27.180,27.990,26.960,26.510,92365552,2503912448
2015-01-09,28.010,28.990,27.410,27.330,115597360,3250289152
2015-01-08,29.500,29.740,28.060,27.570,108423312,3071932160
2015-01-07,28.790,30.700,29.450,28.500,142073504,4234321920
2015-01-06,28.690,29.620,28.910,28.050,116850712,3379373824
2015-01-05,28.480,29.880,29.490,27.680,159785392,4663345152
2015-06-30,24.160,26.500,26.460,23.330,150751952,3802351104
2015-06-29,26.600,26.850,24.170,23.270,163117648,4120887552
2015-06-26,27.810,29.100,25.850,25.850,149398032,4092537600
2015-06-25,29.250,30.420,28.720,28.610,141748416,4200465152
2015-06-24,29.180,29.180,28.980,28.340,74537152,2148454656
2015-06-23,28.020,29.240,29.050,27.110,90063864,2549168128
2015-06-19,28.990,30.090,27.960,27.890,87550784,2557771776
2015-06-18,30.800,30.980,29.550,29.500,65665128,1996982528
2015-06-17,31.000,31.260,31.120,30.200,72868072,2240414208
2015-06-16,31.350,31.850,30.850,30.370,93803728,2929018624
2015-06-15,33.270,33.480,31.490,31.200,136888160,4411095040
2015-06-12,33.000,33.580,32.770,32.520,94641200,3122211328
2015-06-11,33.460,33.460,32.730,32.460,112355384,3689111040
2015-06-10,33.410,34.160,33.530,33.140,124091544,4181784576
2015-06-09,34.590,34.590,33.760,33.020,177680336,6004000768
2015-06-08,32.240,34.410,34.140,31.560,238455456,7929638400
2015-06-05,32.350,32.670,31.940,31.510,168834944,5405733888
2015-06-04,31.500,32.300,31.550,30.000,140311200,4399541248
2015-06-03,32.280,32.550,31.560,31.290,126989600,4045833984
2015-06-02,31.900,32.980,32.280,31.600,96847424,3121878016
2015-06-01,30.300,32.450,31.980,29.900,117830848,3674831104
2015-05-29,31.200,31.660,30.320,29.910,124306784,3825501184
2015-05-28,34.450,34.450,31.140,31.050,167862432,5563115008
2015-05-27,34.250,34.690,34.480,33.900,153311584,5261054464
2015-05-26,34.400,34.720,34.160,33.440,187641984,6375635968
2015-05-25,33.600,34.980,34.120,33.510,178359280,6110712320
2015-05-22,33.010,34.360,33.590,32.830,127265192,4285820928
2015-05-21,33.440,33.440,32.930,32.480,74796960,2457730304
2015-05-20,34.480,34.480,33.700,33.400,100256536,3397513216
2015-05-19,31.670,35.390,34.480,31.670,143032928,4869834240
2015-05-18,32.500,32.970,32.370,31.500,126628496,4104842752
2015-05-07,33.600,35.220,34.660,33.330,88644392,3066850560
2015-05-06,34.590,35.660,33.830,33.400,97340584,3364398080
2015-05-05,36.010,36.850,34.280,34.240,102021904,3629583872
2015-05-04,36.930,37.090,36.070,35.860,73508128,2662219776
2015-04-30,37.560,38.880,36.990,36.950,100273528,3797424128
2015-04-29,37.000,38.000,37.490,36.610,108634976,4055753984
2015-04-28,36.780,39.290,38.300,36.780,211278288,8085451264
2015-04-27,36.400,37.870,36.770,36.400,103996968,3850876928
2015-04-24,37.670,37.670,36.310,35.600,110468272,4028626432
2015-04-23,37.500,39.340,37.830,37.030,171518528,6531894784
2015-04-22,35.550,37.700,37.320,35.010,169418240,6139028992
2015-04-21,34.380,36.270,35.460,34.210,111283464,3927415552
2015-04-20,36.600,36.600,34.310,34.000,142744224,5050241024
2015-04-17,37.260,37.980,36.800,36.410,99366712,3695762688
2015-04-16,35.830,37.950,36.980,35.360,85961584,3153669888
2015-04-15,36.550,38.600,36.490,35.950,117259880,4402308096
2015-04-14,36.500,37.300,36.920,35.580,111162168,4035220992
2015-04-13,37.380,37.400,36.410,35.750,138188096,5007680000
2015-04-10,36.990,37.570,37.290,35.800,122590176,4500907008
2015-04-09,37.800,40.000,36.880,36.550,193277296,7369276928
2015-04-08,35.300,37.770,36.780,34.670,190081856,6937746944
2015-04-07,33.970,35.440,34.910,32.900,193097664,6561155584
2015-04-03,32.000,33.260,32.950,31.900,151762928,4963112448
2015-04-02,32.930,33.130,31.790,31.530,130591136,4199100672
2015-04-01,32.050,33.000,32.800,31.430,132322608,4268560640
2015-08-14,22.150,22.500,22.260,22.010,59565080,1323047936
2015-08-13,21.990,22.300,22.010,21.520,36263632,792582848
2015-08-12,21.780,22.500,21.850,21.700,40064320,885748736
2015-08-11,22.350,22.550,22.030,21.950,57075992,1268391808
2015-08-10,21.200,22.750,22.500,21.050,88209528,1948083584
2015-08-07,21.000,21.480,21.170,20.900,36822392,782231936
2015-08-06,21.180,21.480,20.960,20.910,36651932,776825664
2015-08-05,22.110,22.770,21.720,21.610,53541400,1181948672
2015-08-04,21.950,22.300,22.190,21.630,47541260,1044251904
2015-08-03,21.030,21.820,21.790,20.950,50591632,1081241344
2015-07-31,21.150,21.710,21.380,21.010,45038656,962405248
2015-07-30,22.270,23.160,21.420,21.400,56437552,1264194432
2015-07-29,22.360,22.680,22.400,21.810,69932280,1545047936
2015-07-28,20.500,22.780,22.600,19.100,169159008,3614927872
2015-07-27,23.180,23.180,21.120,21.120,84506656,1890140160
2015-07-24,24.560,24.680,23.470,23.370,94722624,2281822464
2015-07-23,23.350,24.260,24.180,23.290,91431056,2183013632
2015-07-22,23.520,23.900,23.290,23.100,54562116,1278908160
2015-07-21,23.350,24.480,23.810,23.090,82683184,1967413120
2015-07-20,24.550,24.590,23.820,23.600,77131144,1853939200
2015-07-17,23.830,24.940,24.620,23.360,77970640,1880193920
2015-07-16,23.470,24.300,23.490,22.700,59084816,1386933120
2015-07-15,24.000,24.870,23.470,22.500,95161296,2243945728
2015-07-14,25.600,26.200,24.640,24.310,104903584,2655184384
2015-07-13,26.000,27.800,26.490,25.610,139017872,3704358656
2015-07-10,24.280,26.710,26.700,23.710,160737968,4206884864
2015-07-09,22.070,24.280,24.280,20.010,148676832,3399209728
2015-07-08,22.010,23.850,22.070,22.010,200370160,4499801600
2015-07-07,25.170,26.220,24.460,23.450,207316016,5052175360
2015-07-06,26.010,26.710,26.060,24.680,188921456,4872608256
2015-07-03,25.100,25.890,24.290,22.780,112243096,2759515136
2015-07-02,25.560,26.380,24.910,24.000,149399824,3789366272
2015-07-01,26.120,26.940,24.730,24.100,111404048,2915791872
2015-08-17,22.150,22.250,21.900,21.450,41151024,897979712
2015-08-18,22.200,22.970,20.130,20.000,92331544,2035871360
2015-08-20,20.140,20.300,19.480,19.400,42778296,851783296
2015-08-19,19.900,20.640,20.530,19.220,57446712,1152924800
2015-09-14,16.720,17.000,16.970,15.580,64914760,1060843520
2015-09-11,17.050,17.250,16.840,16.590,22607144,382746848
2015-09-10,17.010,17.240,17.150,16.830,27312492,465598016
2015-09-09,17.300,17.930,17.420,17.010,49445112,862316160
2015-09-08,16.100,17.190,17.150,15.810,36034436,591659968
2015-09-07,16.560,17.550,16.440,16.290,57005692,971928640
2015-09-02,15.610,16.740,16.570,15.590,107669936,1755513856
2015-09-01,15.560,16.660,16.560,15.130,126381072,2054197120
2015-08-31,16.190,16.190,15.960,15.010,69692736,1083955968
2015-08-28,15.690,16.250,16.170,15.300,96237824,1512652160
2015-08-27,14.770,15.500,15.400,14.000,96151856,1431916800
2015-08-26,14.570,15.500,14.410,13.850,102716288,1511756928
2015-08-25,15.150,15.800,14.450,14.440,105201040,1565216256
2015-08-24,17.000,17.300,16.040,16.040,98328304,1604283264
2015-08-21,19.150,19.700,17.820,17.770,53680624,1002120576
2015-09-30,15.990,16.530,16.030,15.980,18626072,302628544
2015-09-29,15.790,16.580,16.130,15.630,21733080,349578080
2015-09-28,15.790,16.160,16.040,15.610,9905555,158301904
2015-09-25,16.120,16.180,15.850,15.550,18137606,287367232
2015-09-24,16.250,16.440,16.180,16.000,16529661,267853552
2015-09-23,16.590,16.730,16.160,16.140,21869120,359287904
2015-09-22,16.460,17.480,16.930,16.360,36318188,620301056
2015-09-21,16.040,16.580,16.420,16.000,19272732,313749088
2015-09-18,16.750,16.850,16.300,16.000,31739628,519358784
2015-09-17,17.030,17.580,16.660,16.600,29466328,506376704
2015-09-16,16.030,17.900,17.400,15.950,37171608,624629184
2015-09-15,16.470,16.670,16.290,15.710,33694604,546081024
2015-10-12,16.990,18.120,17.760,16.750,44612456,784786880
2015-10-09,17.000,17.490,17.460,16.900,26482180,456678272
2015-10-08,17.010,17.220,16.980,16.860,36051412,613612352
2015-11-20,22.550,22.600,22.290,22.160,28228612,630375936
2015-11-19,22.150,22.490,22.480,22.040,31897756,709052992
2015-11-18,22.700,23.500,22.120,22.000,60954564,1380844416
2015-11-17,23.200,24.280,22.910,22.650,94264928,2230130688
2015-11-16,22.400,22.960,22.760,22.110,48510464,1093920000
2015-11-13,23.000,23.970,23.190,22.880,74071384,1733622528
2015-11-12,24.080,24.400,23.450,23.000,77690816,1842220032
2015-11-11,23.100,24.140,23.600,22.680,79592856,1855338880
2015-11-10,22.700,24.700,23.310,22.600,108582472,2552979456
2015-11-09,23.700,24.950,23.100,22.800,135883104,3239975936
2015-11-06,21.590,23.950,23.690,21.310,155851328,3561568256
2015-11-05,20.660,22.310,21.770,20.650,184276592,4039472128
2015-11-04,18.630,20.280,20.280,18.510,67784032,1334859136
2015-11-03,18.460,18.710,18.440,18.320,17335648,321098656
2015-11-02,18.650,19.120,18.460,18.370,26808884,503179264
2015-10-30,18.760,19.760,19.100,18.460,39343408,752447296
2015-10-29,19.400,19.400,18.880,18.660,24536780,465319200
2015-10-28,19.850,19.980,19.120,19.100,26348280,512982816
2015-10-27,19.450,20.150,20.010,19.010,31706056,618629760
2015-10-26,19.900,20.970,19.880,19.800,58204288,1188057728
2015-10-23,19.370,19.400,19.150,18.600,28108948,534571232
2015-10-22,18.680,19.170,19.100,18.440,31344980,588264448
2015-10-21,19.500,19.640,19.090,18.050,64031200,1217883136
2015-10-20,18.590,19.500,19.490,18.590,50342220,963083008
2015-10-19,18.100,19.350,18.760,18.100,65026004,1226796288
2015-10-16,17.980,18.300,18.080,17.740,47193896,851943808
2015-10-15,17.240,17.850,17.790,17.030,27079676,477552640
2015-10-14,17.590,17.940,17.270,17.210,31175570,548499200
2015-10-13,17.510,17.830,17.550,17.400,22752572,400306048
