#date, start price, highest price, close price, lowest price, deal number, deal amount
2015-06-30,30.680,34.340,34.340,29.180,521100320,16911142912
2015-06-29,31.220,31.220,31.220,29.180,314822944,9785779200
2015-06-26,23.650,28.380,28.380,23.650,2068078,58507112
2015-08-20,24.800,24.900,24.080,24.000,64117804,1566978944
2015-08-19,24.090,25.100,25.070,23.690,98739104,2424804096
2015-08-18,26.580,27.500,24.560,24.100,145492640,3813621248
2015-08-17,26.980,27.060,26.430,26.020,87254808,2305845504
2015-08-14,27.230,27.460,27.080,26.910,94169968,2553032192
2015-08-13,26.870,27.300,27.050,26.380,80047104,2148165632
2015-08-12,26.780,27.730,26.870,26.650,99997312,2715741184
2015-08-11,27.190,27.640,26.990,26.900,125165672,3405112576
2015-08-10,26.210,28.080,27.540,25.880,195364512,5287095808
2015-08-07,25.760,26.490,26.090,25.760,73221536,1913697280
2015-08-06,25.780,26.550,25.770,25.580,50607688,1313193216
2015-08-05,26.800,27.000,26.220,26.180,73182272,1947307136
2015-08-04,26.220,27.270,27.120,25.910,107286064,2865471744
2015-08-03,25.950,26.450,26.220,25.180,78805344,2034841216
2015-07-31,26.180,27.130,26.380,25.800,85418696,2258887424
2015-07-30,27.100,28.110,26.660,26.500,127825536,3511815936
2015-07-29,27.500,27.770,27.690,26.200,128707392,3480672512
2015-07-28,24.240,28.130,27.720,23.480,316081344,8465604608
2015-07-27,27.500,27.970,25.570,25.570,170324336,4578846720
2015-07-24,29.780,29.860,28.410,28.170,185325664,5390726144
2015-07-23,28.680,29.980,29.590,28.510,214972720,6320928256
2015-07-22,28.780,29.500,28.640,28.490,147120768,4251913472
2015-07-21,27.890,29.580,28.710,27.510,175059552,5019340288
2015-07-20,29.000,29.260,28.370,28.000,169453856,4847215616
2015-07-17,27.650,29.880,29.360,27.330,194051408,5551299072
2015-07-16,26.550,28.750,27.640,25.700,168020736,4611822592
2015-07-15,29.560,30.380,27.340,27.340,245602816,6978577408
2015-07-14,31.350,32.250,30.380,29.950,342775712,10652792832
2015-07-13,31.500,33.980,32.820,30.380,448924416,14484165632
2015-07-10,28.500,31.320,31.320,28.470,367948224,11304574976
2015-07-09,23.290,28.470,28.470,23.290,388972320,10128113664
2015-07-08,25.880,25.880,25.880,25.880,42357000,1096199168
2015-07-07,30.000,30.900,28.760,28.760,281586304,8250119168
2015-07-06,32.560,32.560,31.950,29.800,429413056,13615750144
2015-07-03,30.010,33.300,29.600,28.310,331084320,9997440000
2015-07-02,35.800,35.880,31.420,31.350,355393472,11791880192
2015-07-01,36.000,37.300,34.820,34.030,529359008,19065214976
2015-09-14,19.770,19.780,18.250,18.000,82426392,1547267584
2015-09-11,19.790,20.060,19.660,19.480,45560460,900113728
2015-09-10,20.130,20.270,19.820,19.710,66806456,1336550912
2015-09-09,19.990,20.970,20.510,19.820,131610080,2685351680
2015-09-08,18.900,20.080,19.980,18.760,72514840,1402205696
2015-09-07,19.020,19.720,18.940,18.800,72374736,1397174784
2015-09-02,18.880,20.080,18.710,18.500,79235936,1517296512
2015-09-01,19.900,20.890,19.670,18.760,87571760,1731038080
2015-08-31,21.000,21.000,19.990,19.700,103870160,2092843520
2015-08-28,20.300,21.270,21.140,19.900,138621920,2837386752
2015-08-27,19.510,20.290,20.240,18.800,112991328,2209278208
2015-08-26,19.280,20.250,18.950,18.200,131174680,2536609024
2015-08-25,19.250,20.170,18.760,18.760,132366488,2543343104
2015-08-24,22.010,22.490,20.840,20.840,106487440,2248943104
2015-08-21,23.720,24.040,23.160,23.000,77330904,1818172416
2015-09-30,18.550,18.990,18.600,18.480,34637040,648402496
2015-09-29,18.370,19.050,18.510,18.130,38340124,709853952
2015-09-28,18.430,18.790,18.760,18.110,31967748,592411008
2015-09-25,18.880,19.090,18.400,18.270,46731244,869595904
2015-09-24,19.260,19.360,19.050,18.880,60586756,1157110528
2015-09-23,19.540,19.810,19.140,19.050,80560160,1563542144
2015-09-22,19.200,20.250,20.020,19.040,138227680,2747249920
2015-09-21,18.100,18.960,18.890,18.000,47896544,890533632
2015-09-18,18.650,18.760,18.530,18.270,37715812,699215424
2015-09-17,18.650,19.300,18.430,18.350,86785368,1638974720
2015-09-16,17.610,19.130,18.980,17.450,77897976,1423608064
2015-09-15,18.000,18.460,17.550,17.500,57417928,1029051968
2015-10-12,19.800,20.960,20.590,19.580,101042008,2063018880
2015-10-09,19.220,19.960,19.680,19.180,70670248,1385107072
2015-10-08,19.600,19.620,19.220,19.170,66136336,1280939392
2015-11-20,24.540,25.200,24.590,24.340,74997080,1855885440
2015-11-19,24.150,24.420,24.380,23.790,60825044,1464024064
2015-11-18,24.850,25.450,24.060,23.890,94097032,2328146176
2015-11-17,24.700,26.380,24.750,24.610,159068080,4044098816
2015-11-16,23.900,24.310,24.270,23.700,80814008,1937722368
2015-11-13,24.260,25.240,24.720,24.180,97282648,2403583744
2015-11-12,25.580,25.580,24.710,24.540,93865312,2343682048
2015-11-11,25.010,25.950,25.420,24.510,125391600,3148950528
2015-11-10,24.850,26.510,25.420,24.710,178713568,4576474112
2015-11-09,25.900,26.770,25.210,25.000,222833104,5757105664
2015-11-06,23.800,26.270,25.810,23.510,235266224,5889620480
2015-11-05,23.510,25.190,24.190,23.500,324735040,7981697536
2015-11-04,20.940,22.900,22.900,20.870,143868528,3197982208
2015-11-03,20.790,21.070,20.820,20.660,29041476,606097600
2015-11-02,20.900,21.430,20.790,20.750,44098052,925482752
2015-10-30,20.920,21.880,21.300,20.720,61147776,1306092416
2015-10-29,20.850,21.100,20.810,20.590,31302288,653366656
2015-10-28,21.300,21.680,20.860,20.820,43581148,923779712
2015-10-27,21.050,21.680,21.580,20.700,53282160,1125060992
2015-10-26,21.900,22.200,21.650,21.410,96725160,2118955264
2015-10-23,20.840,21.350,21.280,20.500,63911884,1337142272
2015-10-22,20.200,20.610,20.580,19.930,50896640,1033670528
2015-10-21,21.790,21.900,20.300,20.070,92566200,1960738944
2015-10-20,21.580,21.760,21.710,21.050,71069616,1525329536
2015-10-19,21.100,22.250,21.620,21.100,133888816,2907966976
2015-10-16,20.880,21.240,21.040,20.580,103258232,2166805504
2015-10-15,19.950,20.640,20.620,19.910,68827864,1401204352
2015-10-14,20.150,20.590,20.020,20.010,60897032,1234479104
2015-10-13,20.310,20.480,20.290,20.020,56074120,1135212672
