#date, start price, highest price, close price, lowest price, deal number, deal amount
2015-03-31,13.150,13.490,12.630,12.580,655097152,8399241216
2015-03-30,12.850,13.670,13.130,12.820,830968640,11008877568
2015-03-27,12.460,12.860,12.520,12.220,596535296,7520858624
2015-03-26,12.620,13.350,12.510,12.480,853516416,10927774720
2015-03-25,12.600,13.730,12.970,11.900,1176599424,15051126784
2015-03-24,11.630,12.490,12.490,11.430,1258087936,14965040128
2015-03-23,10.550,11.350,11.350,10.550,787313856,8709672960
2015-03-20,10.370,10.880,10.320,10.150,1187489792,12418399232
2015-03-19,9.170,10.000,10.000,9.010,623101056,6091111424
2015-03-18,8.750,9.100,9.090,8.630,614131456,5504948224
2015-03-17,8.800,9.080,8.890,8.650,699043776,6191161856
2015-03-16,8.370,8.450,8.390,8.240,248758528,2079092736
2015-03-13,8.200,8.550,8.340,8.150,314520416,2628769280
2015-03-12,8.150,8.240,8.170,8.080,145393824,1184555264
2015-03-11,8.140,8.250,8.120,8.100,119631480,975455296
2015-03-10,8.280,8.300,8.140,8.110,142160720,1160669696
2015-03-09,8.070,8.310,8.260,8.050,138163872,1135052416
2015-03-06,8.370,8.390,8.180,8.170,153266720,1263792128
2015-03-05,8.260,8.550,8.380,8.030,304361568,2501440000
2015-03-04,8.460,8.520,8.340,8.280,178440192,1493985536
2015-03-03,8.490,8.620,8.400,8.300,303808608,2560976384
2015-03-02,8.680,8.680,8.570,8.500,226055408,1937069824
2015-02-27,8.600,8.760,8.580,8.500,312542080,2693370624
2015-02-26,8.210,8.900,8.640,7.990,503801280,4280915200
2015-02-25,8.380,8.450,8.270,8.200,188263520,1565321344
2015-02-17,8.380,8.480,8.350,8.340,120820648,1012913472
2015-02-16,8.440,8.490,8.360,8.300,185019552,1550561920
2015-02-13,8.550,8.630,8.460,8.390,211440256,1789624064
2015-02-12,8.400,8.780,8.500,8.360,260966192,2239604992
2015-02-11,8.900,8.900,8.320,8.300,346709888,2957444352
2015-01-30,8.690,8.690,8.140,8.120,352357440,2926006272
2015-01-29,8.500,8.800,8.680,8.380,361325888,3128170752
2015-01-28,8.500,9.100,8.580,8.450,567266048,4961874432
2015-01-27,8.160,8.850,8.710,8.090,638239296,5411485696
2015-01-26,8.150,8.190,8.150,8.040,179598736,1457640576
2015-01-23,8.140,8.330,8.110,8.030,266860496,2184250112
2015-01-22,8.160,8.210,8.130,7.990,286996384,2320987392
2015-01-21,8.080,8.250,8.220,7.900,403849728,3269085952
2015-01-20,7.600,8.130,8.000,7.560,355000448,2806875136
2015-01-19,7.900,8.190,7.670,7.670,335359520,2641725184
2015-01-16,8.450,8.860,8.520,8.310,355148608,3043178240
2015-01-15,7.970,8.490,8.460,7.940,352902496,2915353088
2015-01-14,8.150,8.230,7.960,7.880,183191952,1473043968
2015-01-13,8.060,8.280,8.120,8.030,172159536,1401493760
2015-01-12,8.400,8.470,8.120,8.080,322330304,2658181120
2015-01-09,8.430,9.170,8.630,8.300,455812448,3979206656
2015-01-08,9.100,9.100,8.580,8.540,368446944,3227384576
2015-01-07,9.180,9.240,9.130,9.000,343790688,3131618560
2015-01-06,9.130,9.300,9.160,8.800,486089952,4426149376
2015-01-05,9.370,9.370,9.130,8.900,469902176,4268894976
2015-06-30,12.410,13.700,13.690,11.510,601636928,7666478080
2015-06-29,14.000,14.290,12.500,12.390,468509632,6180789248
2015-06-26,14.560,15.680,13.770,13.490,441403200,6440577024
2015-06-25,15.950,15.950,14.990,14.970,329856128,5090164736
2015-06-24,15.550,16.100,15.910,15.220,376836256,5890360320
2015-06-23,15.100,15.690,15.580,14.110,393950752,5962217984
2015-06-19,16.250,16.860,14.990,14.980,330929696,5262837248
2015-06-18,17.970,17.980,16.640,16.600,318743072,5489708544
2015-06-17,16.800,18.240,18.060,16.750,361085088,6290860544
2015-06-16,18.200,18.540,17.030,16.800,469390848,8283737600
2015-06-15,18.970,19.540,18.620,18.170,403754240,7592297984
2015-06-12,19.620,19.620,19.160,18.950,374488992,7171304448
2015-06-11,19.600,20.170,19.540,19.030,380427488,7421719552
2015-06-10,19.700,19.950,19.620,18.700,422035040,8182523904
2015-06-09,21.500,21.500,20.310,20.050,713118656,14617628672
2015-06-08,24.000,24.000,22.050,22.000,1048080448,23903891456
2015-06-05,20.900,22.640,22.640,20.360,998536576,21374232576
2015-06-04,20.890,21.380,20.580,19.000,666925952,13598218240
2015-06-03,19.580,21.140,20.890,19.280,839073024,17297776640
2015-06-02,18.760,19.300,19.220,18.400,419744736,7936296448
2015-06-01,17.850,19.000,18.740,17.700,405748672,7437740544
2015-05-29,18.450,18.600,17.910,17.000,523271680,9370081280
2015-05-28,20.330,20.850,18.630,18.500,552152768,10981183488
2015-05-27,21.320,21.320,20.470,20.400,530982496,10939613184
2015-05-26,21.640,21.960,21.320,20.820,634823872,13557532672
2015-05-25,19.980,21.800,21.590,19.800,713193664,14784549888
2015-05-22,20.000,20.350,20.050,19.710,564673600,11320442880
2015-05-21,19.590,19.720,19.460,19.100,337255488,6518449664
2015-05-20,19.950,20.180,19.560,19.400,417910496,8218271744
2015-05-19,19.310,19.980,19.700,19.310,391522400,7700530176
2015-05-18,19.750,19.750,19.210,19.190,384308096,7446247424
2015-05-15,19.650,20.660,20.110,19.650,612582656,12388696064
2015-05-14,20.090,20.100,19.560,19.200,388981024,7592320000
2015-05-13,20.600,21.400,20.090,19.780,663803072,13700696064
2015-05-12,19.900,20.160,19.840,19.520,502350944,9951366144
2015-05-11,19.570,20.800,20.030,19.000,691291072,13820188672
2015-05-08,18.000,19.590,19.490,17.350,700449664,12640414720
2015-05-07,19.700,19.700,18.170,18.170,523355168,9759734784
2015-05-06,21.450,21.980,20.190,19.800,524047712,10807602176
2015-05-05,21.750,22.780,21.440,20.530,663050240,14553846784
2015-05-04,21.400,21.990,21.370,20.700,497983744,10682480640
2015-04-30,21.730,22.390,21.310,21.300,454856640,9867660288
2015-04-29,21.900,22.840,21.740,21.000,703592192,15247996928
2015-04-28,20.800,23.080,22.510,20.610,1109218432,24605022208
2015-04-27,19.990,21.210,21.210,19.400,1125473152,23053377536
2015-04-24,18.000,19.990,19.280,17.800,875167872,16449197056
2015-04-23,18.730,19.360,18.470,18.200,608677696,11407691776
2015-04-22,18.000,19.490,18.700,17.200,879654528,16306048000
2015-04-21,19.600,19.850,18.700,17.820,1173748352,21620977664
2015-04-20,18.890,19.800,19.800,18.000,1471635456,28143550464
2015-04-17,16.290,18.000,18.000,16.020,1094350208,19294382080
2015-04-16,15.750,17.090,16.360,14.530,1073071616,17496668160
2015-04-15,16.170,16.910,16.030,15.610,1000822272,16496594944
2015-04-14,14.180,15.370,15.370,13.810,917504896,13667205120
2015-04-13,12.900,13.970,13.970,12.900,1014426496,13733150720
2015-04-10,12.580,12.940,12.700,12.350,316269152,4009184000
2015-04-09,13.180,13.190,12.610,12.480,537684864,6833636352
2015-04-08,12.680,13.680,13.210,12.480,871312512,11442917376
2015-04-07,12.800,12.890,12.670,12.540,450748960,5712670720
2015-04-03,12.680,12.810,12.620,12.520,373464544,4716409344
2015-04-02,12.930,13.060,12.840,12.650,376109728,4818361856
2015-04-01,12.600,13.250,12.930,12.400,571003584,7251717632
2015-08-14,15.150,15.620,15.110,15.010,298849056,4582823936
2015-08-13,14.610,15.180,14.970,14.410,251896992,3724572672
2015-08-12,14.200,15.450,14.860,14.130,365061664,5415206400
2015-08-11,14.740,14.780,14.410,14.200,361871616,5242377216
2015-08-10,14.170,14.740,14.740,14.170,408386720,5925679104
2015-08-07,13.330,13.580,13.400,13.250,135941984,1825568768
2015-08-06,13.310,13.780,13.240,13.080,167591872,2242947328
2015-08-05,13.650,14.550,13.860,13.410,285566752,4000969216
2015-08-04,13.330,13.800,13.660,12.650,240667168,3202592768
2015-08-03,13.240,13.490,13.310,13.080,190251248,2523032576
2015-07-31,12.740,13.350,13.140,12.680,215101744,2827327232
2015-07-30,13.260,13.570,12.760,12.500,232795680,3071887360
2015-07-29,12.590,13.480,13.320,12.390,249132576,3213925376
2015-07-28,12.870,13.000,12.350,12.080,313520512,3917021696
2015-07-27,14.360,14.710,13.420,13.420,281287648,3967242240
2015-07-24,15.420,15.760,14.910,14.700,386275296,5923080192
2015-07-23,15.300,15.760,15.510,15.020,406093024,6279386624
2015-07-22,16.000,16.300,15.300,14.900,549505920,8526703104
2015-07-21,14.600,15.600,15.600,14.320,461614240,7038106624
2015-07-20,14.010,14.600,14.180,13.860,315769664,4494326784
2015-07-17,13.660,14.800,14.340,13.250,344966080,4872563712
2015-07-16,13.600,14.190,13.650,13.600,254229296,3521881856
2015-07-15,13.500,13.650,13.600,12.600,335352224,4401890816
2015-07-14,14.880,15.070,13.960,13.900,452252960,6561785344
2015-07-13,15.050,16.080,15.400,14.520,634557952,9752676352
2015-07-10,13.720,14.970,14.970,13.350,605880576,8893158400
2015-07-09,11.800,13.610,13.610,11.500,532130944,6955062272
2015-07-08,12.000,13.300,12.370,11.590,768014016,9601713152
2015-07-07,11.400,12.900,12.880,11.120,779716352,9667593216
2015-07-06,11.470,11.770,11.730,10.940,636682816,7256246784
2015-07-03,11.840,12.090,10.720,10.720,364902336,4110833152
2015-07-02,12.500,12.980,11.910,11.350,402711808,4924857344
2015-07-01,13.200,13.790,12.380,12.360,437807040,5792197632
2015-08-17,14.960,14.970,14.860,14.450,216517760,3183809024
2015-08-18,14.880,15.100,13.370,13.370,277421024,3932911104
2015-08-20,13.400,13.570,12.970,12.910,122164712,1611020032
2015-08-19,12.910,13.680,13.500,12.380,203950816,2672430336
2015-09-11,11.350,11.520,11.200,11.110,71929432,814006976
2015-09-10,11.200,11.570,11.270,11.110,102302224,1156022400
2015-09-09,11.360,11.680,11.410,11.220,145896640,1667711872
2015-09-08,10.940,11.350,11.150,10.320,153630256,1678346752
2015-09-07,11.830,12.550,11.290,11.270,223934464,2683632896
2015-09-02,11.100,12.090,12.070,10.880,350014336,4132300800
2015-09-01,11.100,11.650,11.640,10.620,332582688,3753786112
2015-08-31,11.090,11.670,11.590,10.380,361570080,3958164224
2015-08-28,10.100,10.930,10.930,10.030,306385088,3275508992
2015-08-27,9.300,9.940,9.940,9.110,266673264,2547675904
2015-08-26,10.040,10.260,9.040,9.040,256398608,2451796992
2015-08-25,10.040,10.430,10.040,10.040,150842944,1520184576
2015-08-24,11.900,12.000,11.160,11.160,154145824,1737495168
2015-08-21,12.760,13.120,12.400,12.190,135909072,1715636608
2015-09-30,10.990,11.160,10.940,10.920,52014532,573270848
2015-09-29,11.000,11.100,10.800,10.740,65765468,716918144
2015-09-28,11.400,11.430,11.260,11.000,53294684,597352448
2015-09-25,11.740,11.800,11.450,11.250,80334200,923133312
2015-09-24,11.750,11.960,11.850,11.610,87770656,1035647296
2015-09-23,12.050,12.160,11.710,11.650,143196560,1698019584
2015-09-22,12.000,12.600,12.360,12.000,186311552,2288321536
2015-09-21,12.080,12.300,11.990,11.820,183031328,2201059840
2015-10-12,11.350,12.000,11.820,11.340,136408816,1599057664
2015-10-09,11.390,11.390,11.290,11.110,68044080,766136960
2015-10-08,11.400,11.540,11.290,11.230,66334112,753583744
2015-11-20,12.600,12.930,12.650,12.550,103176032,1312548608
2015-11-19,12.410,12.500,12.470,12.300,63151904,783987776
2015-11-18,12.600,12.680,12.350,12.340,77521984,966351104
2015-11-17,12.750,13.000,12.600,12.550,117318744,1500684032
2015-11-16,12.300,12.800,12.680,12.220,90206312,1130537984
2015-11-13,12.750,12.840,12.490,12.460,106722664,1346355456
2015-11-12,13.010,13.090,12.870,12.800,113391608,1463884800
2015-11-11,13.100,13.280,13.040,12.920,126917584,1659290112
2015-11-10,13.170,13.290,13.090,12.980,155540816,2035529984
2015-11-09,13.100,13.670,13.320,13.060,215166192,2886514944
2015-11-06,13.030,13.550,13.310,12.910,247558016,3263215616
2015-11-05,12.680,13.900,13.260,12.590,396650720,5309747712
2015-11-04,12.200,12.780,12.690,12.190,142133792,1778996736
2015-11-03,12.290,12.450,12.160,12.090,67029960,822643456
2015-11-02,12.300,12.680,12.340,12.160,89521456,1108831744
2015-10-30,12.300,12.540,12.310,12.240,75998328,943565888
2015-10-29,12.390,12.580,12.330,12.220,74400920,920465152
2015-10-28,12.530,12.890,12.380,12.320,99436000,1253271680
2015-10-27,12.740,12.740,12.610,12.110,118192792,1473839360
2015-10-26,13.100,13.340,12.850,12.750,132834400,1731838464
2015-10-23,13.070,13.070,12.890,12.700,161535088,2077781760
2015-10-22,12.900,13.330,13.140,12.250,253504976,3277453824
2015-10-21,13.310,14.200,13.160,12.660,461718336,6206894592
2015-10-20,12.100,13.290,13.050,11.900,203462976,2523306752
2015-10-19,12.340,12.500,12.090,11.990,177907344,2177267712
2015-10-16,12.050,12.450,12.320,11.900,209524224,2551611136
2015-10-15,11.800,11.970,11.960,11.650,128713336,1526711296
2015-10-14,11.750,12.150,11.790,11.750,141406544,1691911936
2015-10-13,11.740,11.770,11.720,11.600,95384328,1114565760
