#date, start price, highest price, close price, lowest price, deal number, deal amount
2015-03-31,6.550,6.600,6.310,6.280,281693568,1813267712
2015-03-30,6.320,6.580,6.530,6.280,278601824,1794964608
2015-03-27,6.380,6.440,6.300,6.260,160391216,1017567488
2015-03-26,6.160,6.530,6.360,6.090,243514400,1547932160
2015-03-25,6.450,6.450,6.270,6.220,242692432,1540163584
2015-03-24,6.580,6.660,6.480,6.320,321469504,2079465728
2015-03-23,6.410,6.630,6.560,6.340,307573920,1996617472
2015-03-20,6.400,6.480,6.340,6.220,234480896,1484444800
2015-03-19,6.390,6.740,6.460,6.300,321972096,2090523008
2015-03-18,6.280,6.500,6.380,6.230,276087200,1750777984
2015-03-17,6.130,6.350,6.280,6.090,255943856,1597048320
2015-03-16,6.030,6.140,6.130,5.950,148429776,900229056
2015-03-13,6.040,6.140,6.040,5.900,109960152,662374592
2015-03-12,6.000,6.230,6.020,5.970,134818784,820385216
2015-03-11,6.120,6.260,5.980,5.880,161716176,976366272
2015-03-10,6.100,6.280,6.150,6.080,175924096,1084853376
2015-03-09,6.040,6.350,6.240,5.940,350790816,2166487040
2015-03-06,5.480,6.040,6.040,5.450,155981248,921276160
2015-03-05,5.600,5.630,5.490,5.410,82304104,453950432
2015-03-04,5.630,5.760,5.640,5.600,78300184,443589056
2015-03-03,5.600,5.890,5.680,5.450,184745856,1054865408
2015-03-02,5.480,5.700,5.620,5.420,143585184,803650176
2015-02-27,5.400,5.440,5.410,5.340,82829096,446990944
2015-02-26,5.160,5.420,5.400,5.100,121111088,640193152
2015-02-25,5.240,5.250,5.160,5.110,54116224,280161888
2015-02-17,5.200,5.250,5.240,5.170,56512992,294190240
2015-02-16,5.150,5.200,5.170,5.140,45397548,234490864
2015-02-13,5.060,5.240,5.140,5.060,84770144,437836672
2015-02-12,5.040,5.100,5.080,4.980,55202308,278742080
2015-02-11,5.030,5.100,5.040,4.980,55077080,277306016
2015-02-10,4.910,5.000,4.990,4.910,59087596,293530336
2015-02-09,4.860,5.000,4.940,4.730,103740024,502080128
2015-02-06,5.060,5.080,4.890,4.820,104198160,515878944
2015-02-05,5.300,5.380,5.090,5.080,85053432,442275232
2015-02-04,5.270,5.380,5.190,5.180,95045520,502665792
2015-02-03,5.160,5.250,5.220,5.110,83034664,429968448
2015-02-02,5.040,5.250,5.140,5.000,150562416,773240704
2015-01-30,5.680,5.770,5.530,5.480,90701952,508726496
2015-01-29,5.650,5.780,5.650,5.600,72805224,412961984
2015-01-28,5.790,5.830,5.700,5.680,86792256,498926304
2015-01-27,5.960,6.070,5.860,5.720,132653992,782403520
2015-01-26,5.760,5.950,5.930,5.720,124705864,735168512
2015-01-23,5.860,5.980,5.790,5.760,147449920,859736960
2015-01-22,5.610,6.090,5.880,5.600,259890704,1532565760
2015-01-21,5.360,5.620,5.610,5.330,151746304,834284224
2015-01-20,5.270,5.390,5.350,5.170,111316408,592083264
2015-01-19,5.560,5.690,5.260,5.260,169683984,929984320
2015-01-16,5.880,5.980,5.840,5.760,153312304,897470656
2015-01-15,5.600,5.830,5.820,5.480,142572576,807738496
2015-01-14,5.750,5.790,5.590,5.500,118985976,670107648
2015-01-13,5.660,5.810,5.740,5.650,105578192,604354432
2015-01-12,6.000,6.020,5.720,5.630,211338256,1226201088
2015-01-09,6.110,6.350,6.090,6.050,178664560,1105842432
2015-01-08,6.540,6.580,6.170,6.150,225592432,1420913408
2015-01-07,6.480,6.740,6.580,6.400,228494368,1500416256
2015-01-06,6.770,6.970,6.570,6.460,307210624,2048202368
2015-01-05,6.250,6.770,6.700,6.220,368073696,2423547904
2015-06-30,9.150,9.360,9.330,8.230,662831232,5817406976
2015-06-29,8.880,9.380,9.140,8.420,636649728,5777532416
2015-06-26,8.610,9.490,8.670,8.200,500239264,4483443200
2015-06-25,9.130,9.470,8.830,8.610,318158560,2909742080
2015-06-24,8.790,9.180,9.150,8.690,304020768,2707292416
2015-06-23,8.500,8.700,8.690,7.730,262537024,2202025728
2015-06-19,9.080,9.290,8.500,8.400,271984192,2417339648
2015-06-18,9.600,9.950,9.330,9.300,270154656,2626397696
2015-06-17,9.240,9.770,9.690,9.180,278988480,2643240704
2015-06-16,9.900,9.960,9.240,9.100,369803936,3522259456
2015-06-15,10.400,10.470,10.040,10.000,372842976,3793776128
2015-06-12,10.480,10.580,10.350,10.110,389806240,4033678592
2015-06-11,10.100,10.650,10.430,10.020,446381888,4640189440
2015-06-10,10.300,10.650,10.200,10.150,420413024,4352251904
2015-06-09,10.290,10.800,10.570,9.910,640108096,6644438016
2015-06-08,9.980,10.780,10.390,9.880,708691392,7256934912
2015-06-05,9.540,10.150,9.870,9.480,575550016,5669238784
2015-06-04,9.620,9.620,9.480,8.700,345141088,3185399296
2015-06-03,9.310,9.740,9.620,9.220,399512000,3795534336
2015-06-02,9.280,9.480,9.330,9.100,382013152,3538787328
2015-06-01,8.850,9.300,9.290,8.770,316447008,2878105344
2015-05-29,8.990,9.270,8.850,8.280,434084544,3851728128
2015-05-28,10.100,10.140,9.080,9.080,513709440,5002367488
2015-05-27,10.140,10.270,10.090,9.850,494178336,4960247808
2015-05-26,10.110,10.270,10.140,9.830,544539264,5491291648
2015-05-25,9.710,10.250,10.110,9.620,535761920,5358449664
2015-05-22,9.520,9.850,9.740,9.420,437660896,4241732352
2015-05-21,9.530,9.590,9.490,9.310,297997984,2806243072
2015-05-20,9.740,9.850,9.560,9.450,403085216,3895232000
2015-05-19,9.400,9.840,9.740,9.320,398801536,3834888704
2015-05-18,9.900,10.000,9.530,9.500,649803968,6332126208
2015-05-15,10.190,10.450,10.430,9.880,1019013696,10528413696
2015-05-14,8.550,9.500,9.500,8.330,481693184,4298228736
2015-05-13,8.890,8.910,8.640,8.560,266497904,2324684032
2015-05-12,8.850,8.990,8.950,8.710,251890624,2230383360
2015-05-11,8.570,8.850,8.830,8.410,258591328,2232997120
2015-05-08,8.500,8.580,8.470,8.100,245585632,2059240960
2015-05-07,8.560,8.730,8.330,8.240,241462512,2047391232
2015-05-06,8.900,9.150,8.750,8.520,270157696,2409692672
2015-05-05,9.520,9.520,8.800,8.700,328195360,2982108160
2015-05-04,9.420,9.770,9.560,9.050,317531552,2998625792
2015-04-30,9.920,10.000,9.500,9.410,411430176,3970092288
2015-04-29,10.350,10.350,10.000,9.880,366962912,3715388928
2015-04-28,9.910,10.880,10.380,9.800,569102208,5855990272
2015-04-27,9.570,10.350,10.170,9.310,525267808,5109271552
2015-04-24,9.500,9.980,9.460,9.250,591982784,5676096000
2015-04-23,8.690,9.550,9.550,8.600,551234112,5073493504
2015-04-22,8.300,8.950,8.680,8.180,404288256,3471323392
2015-04-21,8.200,8.350,8.280,7.910,380987488,3095629824
2015-04-20,8.050,8.770,8.380,7.840,686256128,5646521856
2015-04-17,7.470,8.140,8.020,7.400,526388224,4156407040
2015-04-16,7.100,7.530,7.400,7.040,293291776,2148470528
2015-04-15,7.000,7.500,7.170,6.930,425962176,3070699008
2015-04-14,7.080,7.140,7.000,6.950,247868688,1742674176
2015-04-13,7.000,7.140,7.130,6.910,306795488,2150915328
2015-04-10,6.880,7.100,7.000,6.830,245736160,1715534080
2015-04-09,7.160,7.160,6.920,6.700,328254976,2273734656
2015-04-08,7.140,7.180,7.070,6.820,358059520,2503408384
2015-04-07,6.670,7.120,7.080,6.630,478325024,3293220608
2015-04-03,6.470,6.640,6.590,6.440,286323392,1875879680
2015-04-02,6.400,6.550,6.530,6.320,312712448,2008718080
2015-04-01,6.300,6.420,6.370,6.250,208176832,1318466560
2015-08-14,7.480,7.600,7.310,7.260,273162624,2034007552
2015-08-13,7.100,7.490,7.420,7.070,285728480,2083320064
2015-08-12,7.080,7.280,7.160,7.000,239279632,1714314240
2015-08-11,7.200,7.480,7.200,7.100,417781600,3036212224
2015-08-10,6.850,7.210,7.210,6.720,400574080,2821537024
2015-08-07,6.360,6.640,6.550,6.360,135679200,884862656
2015-08-06,6.300,6.500,6.350,6.250,93193688,595364544
2015-08-05,6.600,6.680,6.470,6.400,149717296,981326336
2015-08-04,6.450,6.680,6.650,6.400,176619920,1160201984
2015-08-03,6.130,6.430,6.390,5.900,230684560,1417886720
2015-07-31,5.970,6.270,6.250,5.970,197022336,1209516032
2015-07-30,6.340,6.600,6.090,6.010,229354528,1464985856
2015-07-29,6.110,6.430,6.380,5.960,214400768,1317475072
2015-07-28,5.900,6.310,6.010,5.700,325974560,1940438528
2015-07-27,6.780,6.950,6.330,6.330,359784928,2395039232
2015-07-24,6.980,7.550,7.030,6.880,541035200,3880791040
2015-07-23,6.730,7.200,7.050,6.650,424699552,2932078336
2015-07-22,6.550,6.840,6.750,6.400,324076800,2149931776
2015-07-21,6.550,6.790,6.630,6.430,264244688,1753488384
2015-07-20,6.510,6.800,6.640,6.340,321794592,2123475840
2015-07-17,6.060,6.500,6.490,6.040,253178000,1594047616
2015-07-16,5.870,6.250,6.040,5.510,234206592,1403353856
2015-07-15,6.360,6.400,5.870,5.870,292377952,1782513280
2015-07-14,6.800,7.070,6.520,6.460,436965216,2942836736
2015-07-13,6.500,7.050,7.040,6.460,569440704,3836822784
2015-07-10,6.010,6.410,6.410,5.830,393005792,2480022272
2015-07-09,5.300,5.830,5.830,4.780,439262304,2414109440
2015-07-08,5.300,5.470,5.300,5.300,272654048,1447247360
2015-07-07,6.200,6.260,5.890,5.730,521100288,3055106816
2015-07-06,7.370,7.380,6.370,6.200,420589536,2821549056
2015-07-03,7.120,7.460,6.870,6.870,305432896,2133861888
2015-07-02,8.300,8.430,7.630,7.630,383515296,3028343552
2015-07-01,8.900,9.210,8.480,8.420,439388544,3930679808
2015-08-17,7.270,7.640,7.550,7.220,237173344,1769936128
2015-08-18,7.500,7.550,6.800,6.800,311364832,2213584896
2015-08-20,6.710,7.020,6.640,6.600,195797984,1329332352
2015-08-19,6.500,6.980,6.850,6.180,218827696,1439726976
2015-09-14,5.300,5.400,5.070,4.720,155077520,782617728
2015-09-11,5.220,5.340,5.240,5.130,84587368,443164544
2015-09-10,5.360,5.480,5.240,5.170,125006360,666044480
2015-09-09,5.330,5.480,5.470,5.270,143408736,774522752
2015-09-08,5.020,5.320,5.280,4.990,93209664,481348256
2015-09-07,5.180,5.350,5.100,5.060,98189472,510197792
2015-09-02,5.290,5.550,5.050,5.020,139925184,740239424
2015-09-01,5.210,5.630,5.550,5.010,275877760,1475561344
2015-08-31,5.300,5.400,5.360,5.100,186966848,981765888
2015-08-28,5.110,5.450,5.430,5.010,222533856,1161804544
2015-08-27,4.800,5.000,4.990,4.530,181709872,872432960
2015-08-26,5.010,5.190,4.660,4.560,236310064,1167439616
2015-08-25,5.020,5.230,5.010,5.010,144661984,731209152
2015-08-24,5.900,5.950,5.570,5.570,164016624,925243328
2015-08-21,6.500,6.600,6.190,6.100,175322704,1113649664
2015-09-30,4.730,4.740,4.670,4.660,44167052,207372144
2015-09-29,4.770,4.780,4.680,4.630,52236384,246316800
2015-09-28,4.830,4.880,4.850,4.760,44770588,215519680
2015-09-25,4.990,5.050,4.820,4.760,70014448,343641952
2015-09-24,4.950,5.050,5.010,4.950,61802860,309232448
2015-09-23,5.000,5.050,4.950,4.890,102409144,509590880
2015-09-22,5.110,5.280,5.170,5.070,123145704,637516608
2015-09-21,5.020,5.130,5.100,4.960,87313480,440595488
2015-09-18,5.000,5.080,5.030,4.930,72926272,364812512
2015-09-17,5.030,5.240,4.960,4.950,121130104,617236736
2015-09-16,4.640,5.090,5.040,4.640,108781312,528882432
2015-09-15,4.900,4.990,4.630,4.600,87959992,423701152
2015-10-12,5.060,5.320,5.240,5.010,145031488,751527872
2015-10-09,4.850,5.040,5.000,4.820,98019568,485425344
2015-10-08,4.900,4.930,4.850,4.830,77057040,375816704
2015-11-20,5.400,5.490,5.390,5.360,109567520,593049920
2015-11-19,5.350,5.410,5.400,5.310,64757412,347263296
2015-11-18,5.390,5.480,5.320,5.300,79795200,430137856
2015-11-17,5.420,5.540,5.410,5.370,127388144,694535040
2015-11-16,5.270,5.410,5.400,5.230,85027176,452517184
2015-11-13,5.460,5.480,5.360,5.350,133964872,724628608
2015-11-12,5.570,5.770,5.540,5.530,194499824,1095687552
2015-11-11,5.620,5.660,5.560,5.510,159059168,885459968
2015-11-10,5.490,5.740,5.680,5.420,262856192,1466743680
2015-11-09,5.450,5.650,5.550,5.410,234407392,1298619904
2015-11-06,5.400,5.550,5.490,5.380,217380016,1185344384
2015-11-05,5.240,5.680,5.450,5.220,341285600,1856597504
2015-11-04,5.050,5.260,5.250,5.030,130624624,674339392
2015-11-03,5.030,5.110,5.020,4.980,62713176,316252384
2015-11-02,5.060,5.130,4.980,4.970,92313176,465770336
2015-10-30,5.200,5.240,5.140,5.110,86793368,448735552
2015-10-29,5.320,5.350,5.250,5.190,130218864,683847808
2015-10-28,5.270,5.540,5.330,5.170,220351024,1183061504
2015-10-27,5.310,5.340,5.300,5.100,132118984,694222528
2015-10-26,5.300,5.500,5.400,5.200,233166800,1250708224
2015-10-23,5.240,5.300,5.250,5.120,142764480,745896704
2015-10-22,4.990,5.200,5.180,4.950,152690688,776005056
2015-10-21,5.370,5.420,4.990,4.940,185293600,971512960
2015-10-20,5.380,5.420,5.380,5.280,126248768,675448704
2015-10-19,5.310,5.450,5.400,5.250,170620064,912496576
2015-10-16,5.350,5.410,5.370,5.250,155175440,827158272
2015-10-15,5.130,5.340,5.330,5.100,138076384,723247296
2015-10-14,5.160,5.460,5.190,5.120,183922112,973315520
2015-10-13,5.180,5.230,5.180,5.130,90800584,469229408
