#date, start price, highest price, close price, lowest price, deal number, deal amount
2015-03-31,21.980,22.600,22.330,21.670,4852333,106897816
2015-03-30,22.150,22.180,21.940,21.800,4116374,90412912
2015-03-27,22.650,22.670,22.170,21.980,4382720,97624536
2015-03-26,21.260,22.400,22.400,21.130,7981395,175981504
2015-03-25,21.490,21.770,21.370,20.900,5870182,124831040
2015-03-24,22.250,22.320,21.560,21.040,5800607,125176488
2015-03-23,21.500,22.280,22.230,21.500,6139183,135135840
2015-03-20,20.750,21.490,21.340,20.600,4930474,104113312
2015-03-19,20.850,20.980,20.800,20.550,3654931,75835152
2015-03-18,20.500,21.000,20.920,20.260,4367543,89937872
2015-03-17,20.390,20.800,20.500,20.180,3300416,67583760
2015-03-16,20.300,20.550,20.350,20.000,4221092,85453920
2015-03-13,19.790,20.610,20.140,19.680,4072417,81423840
2015-03-12,20.940,20.950,19.750,19.680,5206275,104913984
2015-03-11,21.000,21.180,20.990,20.480,4127262,85947296
2015-03-10,20.030,21.650,21.110,19.940,7473195,156704080
2015-03-09,19.470,20.170,19.940,19.200,3818854,75784136
2015-03-06,19.830,20.090,19.570,19.400,5009475,98715832
2015-03-05,18.550,20.360,19.670,18.370,12224716,241054848
2015-03-04,17.970,18.660,18.530,17.880,4045218,73997872
2015-03-03,18.080,18.290,17.970,17.930,3693453,67005740
2015-03-02,18.180,18.260,18.080,17.910,3372344,61099992
2015-02-27,17.950,18.140,18.100,17.950,2646047,47823604
2015-02-26,17.750,18.060,17.990,17.750,2665064,47784764
2015-02-25,18.000,18.030,17.780,17.700,2599778,46461260
2015-02-17,17.960,18.050,17.910,17.600,3733649,66537328
2015-02-16,17.700,18.020,17.960,17.700,2961465,53073708
2015-02-13,17.370,17.740,17.710,17.370,3418150,60340064
2015-02-12,17.360,17.500,17.330,17.260,2092220,36287400
2015-02-11,17.120,17.370,17.330,17.070,1584711,27353362
2015-02-10,17.060,17.230,17.190,17.000,1130901,19362596
2015-02-09,17.270,17.350,17.060,16.920,1389050,23750030
2015-02-06,17.410,17.690,17.280,17.180,2421806,42061624
2015-02-05,17.760,17.800,17.390,17.350,3836962,67566624
2015-02-04,17.240,17.950,17.600,17.240,6586978,116686336
2015-02-03,16.990,17.300,17.240,16.900,2453357,41946700
2015-02-02,17.100,17.350,16.880,16.820,2122300,36107336
2015-01-30,17.420,17.540,17.300,17.230,2963038,51555804
2015-01-29,17.400,17.790,17.390,17.300,3277756,57220828
2015-01-28,17.980,18.100,17.650,17.600,3581335,63763808
2015-01-27,17.800,18.130,17.970,16.770,5496530,97580096
2015-01-26,17.480,17.790,17.790,17.480,4121905,72777256
2015-01-23,17.710,17.760,17.450,17.330,3094693,54371704
2015-01-22,17.690,18.180,17.730,17.530,4852289,86430608
2015-01-21,16.720,17.530,17.520,16.580,5129822,88287520
2015-01-20,16.420,16.790,16.750,16.330,2755134,45603256
2015-01-19,16.860,17.000,16.260,16.010,3398278,56408076
2015-01-16,17.060,17.250,17.180,16.930,2673738,45721136
2015-01-15,17.040,17.120,17.060,16.710,1540034,26170116
2015-01-14,16.960,17.030,17.010,16.770,1558956,26286280
2015-01-13,16.700,17.010,16.930,16.700,2040157,34425136
2015-01-12,17.140,17.140,16.700,16.600,3415544,57504600
2015-01-09,17.430,17.610,17.170,17.160,3098145,53964924
2015-01-08,17.450,17.670,17.490,17.330,2462152,43133784
2015-01-07,17.650,17.730,17.440,17.300,4298701,74984048
2015-01-06,18.010,18.550,17.700,17.460,7495173,134000232
2015-01-05,17.860,18.180,17.950,17.570,2880752,51610152
2015-06-30,28.500,32.060,31.220,27.760,10777824,322098528
2015-06-29,33.680,34.270,30.840,30.840,7826985,245092368
2015-06-26,35.980,36.700,34.270,34.270,4920595,170228944
2015-06-25,41.500,41.860,38.080,38.080,8644851,346608704
2015-06-24,40.390,44.390,42.310,37.320,13111181,525251168
2015-06-23,40.990,41.290,40.400,37.500,8812289,353147584
2015-06-19,40.990,42.800,39.370,37.530,7187742,293800896
2015-06-18,45.110,47.690,41.260,41.170,8814157,391215392
2015-06-17,48.000,48.020,45.740,45.020,12111214,552387008
2015-06-16,55.000,55.000,50.020,50.020,11640660,590324160
2015-06-15,55.580,55.580,55.580,54.000,8866567,492133504
2015-06-12,50.530,50.530,50.530,50.530,233580,11802797
2015-06-11,45.940,45.940,45.940,45.940,185141,8505378
2015-06-04,41.800,43.150,41.760,38.630,6538954,267433200
2015-06-03,38.700,42.920,42.920,38.040,11034452,448060832
2015-06-02,40.480,40.480,39.520,37.800,7531914,292761184
2015-06-01,35.550,38.870,38.870,35.550,8251343,309254048
2015-05-29,34.400,37.300,35.340,32.610,11187052,400337856
2015-05-28,32.800,36.400,33.910,32.400,8363517,297351296
2015-05-27,31.490,33.500,33.090,30.800,6346822,201876720
2015-05-26,31.310,31.970,31.500,30.850,5499403,173160944
2015-05-25,30.180,31.840,31.410,30.110,4047931,126711688
2015-05-22,30.780,31.870,31.000,30.410,4150585,128634560
2015-05-21,29.990,30.580,30.530,29.010,4487138,133854768
2015-05-20,29.940,31.880,29.930,29.360,6275045,193303360
2015-05-19,27.900,30.390,29.970,27.560,5709069,162287328
2015-05-18,27.530,28.440,27.900,26.790,4740955,131874568
2015-05-15,27.500,27.900,27.620,26.000,5304119,143122096
2015-05-14,27.920,28.380,27.500,27.400,4099999,114158280
2015-05-13,26.800,28.450,27.850,26.500,4928139,135430672
2015-05-12,27.200,27.450,27.010,26.350,5064449,136104016
2015-05-11,26.700,27.460,27.170,26.040,4924306,133242512
2015-05-08,24.510,26.750,26.400,24.510,5210671,133410944
2015-05-07,25.280,25.730,24.360,24.140,3757656,94343592
2015-05-06,25.090,26.740,25.280,25.090,4926112,127756120
2015-05-05,25.910,27.480,25.290,24.720,6456448,169618560
2015-05-04,24.700,26.140,25.920,24.690,6836338,175470448
2015-04-30,24.690,25.010,24.700,24.280,6217887,152759888
2015-04-29,24.070,24.750,24.690,23.910,4338790,106590144
2015-04-28,25.480,25.560,24.070,23.500,6561701,160609552
2015-04-27,26.000,26.230,25.600,25.120,9051246,231369936
2015-04-24,24.240,26.900,26.480,23.950,12799988,333176032
2015-04-23,23.430,25.080,24.450,23.170,9159689,220389840
2015-04-22,22.450,23.370,23.280,22.340,8296879,190141456
2015-04-21,21.390,22.420,22.260,21.390,4635918,101897672
2015-04-20,21.870,22.910,21.450,21.120,9174037,202880048
2015-04-17,21.550,22.240,22.120,21.410,5083426,110966056
2015-04-16,21.200,21.800,21.540,20.280,3404791,72383432
2015-04-15,22.390,22.390,21.280,21.250,4153414,90531672
2015-04-14,22.500,23.000,22.440,22.210,5069481,114844936
2015-04-13,21.950,22.750,22.370,21.850,6413740,142974560
2015-04-10,21.200,21.850,21.810,21.190,3717136,80314592
2015-04-09,22.050,22.050,21.400,20.810,5889141,125292776
2015-04-08,22.990,23.010,22.060,21.800,6355915,141821040
2015-04-07,22.300,23.070,23.010,22.260,7394493,167283776
2015-04-03,22.150,22.430,22.290,21.200,5397204,118807840
2015-04-02,22.700,22.780,22.200,21.860,4220486,94090752
2015-04-01,22.300,22.490,22.400,21.800,4652791,103229952
2015-08-20,26.990,27.820,26.570,26.500,5901785,159641920
2015-08-19,26.700,28.400,27.730,25.330,9455125,254406080
2015-08-18,30.600,30.990,27.990,27.990,9839130,291378272
2015-08-17,31.550,31.680,31.100,29.810,9009862,276921920
2015-08-14,31.160,32.280,31.890,31.160,13082807,415060832
2015-08-13,31.400,31.890,31.160,29.470,13275735,409239616
2015-08-12,31.300,32.870,31.630,30.800,14882059,475626368
2015-08-11,30.990,32.680,31.290,30.420,15725973,495698368
2015-08-10,29.800,31.000,30.810,29.280,13235502,401003872
2015-08-07,29.500,29.550,29.220,28.600,11903461,345708320
2015-08-06,29.410,30.660,28.790,28.470,9531138,280296640
2015-08-05,28.290,32.180,29.990,28.010,19154398,577981440
2015-08-04,25.560,29.890,29.620,25.560,20479180,553206144
2015-08-03,28.400,28.980,28.400,28.400,5340300,151918496
2015-07-31,31.560,31.560,31.560,31.560,4533100,143064640
2015-07-30,32.380,35.220,35.070,31.800,20017862,683380608
2015-07-29,29.800,32.020,32.020,29.800,17193428,530605344
2015-07-28,27.700,31.500,29.110,27.300,13274575,383767424
2015-07-27,32.000,35.660,30.330,30.180,19817770,663571904
2015-07-24,33.880,34.270,33.110,31.500,23250448,769835904
2015-07-23,28.320,31.150,31.150,28.300,16330896,490451680
2015-07-22,28.620,29.300,28.320,27.500,9560522,271122400
2015-07-21,28.170,29.960,28.650,27.510,14688523,422694944
2015-07-20,26.640,29.300,29.020,25.880,18660136,510950432
2015-07-17,24.560,26.850,26.640,24.420,11787600,303520832
2015-07-16,24.010,25.310,24.420,22.680,7814458,188880768
2015-07-15,27.280,27.280,24.010,23.800,13200547,339395200
2015-07-14,25.650,25.650,25.650,25.650,1051600,26973540
2015-07-13,23.320,23.320,23.320,23.320,858473,20019590
2015-07-07,22.210,22.880,21.200,21.200,5469889,117448672
2015-07-06,27.040,27.040,23.560,22.120,10943830,264011984
2015-07-03,24.520,27.320,24.580,23.190,9268927,232173440
2015-07-02,27.450,28.750,25.770,25.290,11432485,304257952
2015-07-01,30.500,32.270,28.100,28.100,12372588,379832416
2015-09-14,24.100,24.600,22.430,21.730,5163876,117851080
2015-09-11,24.070,24.590,24.140,23.610,3315596,80102360
2015-09-10,23.880,24.890,23.930,23.510,4623363,112543920
2015-09-09,24.390,25.500,24.210,23.880,8033069,197547872
2015-09-08,22.670,24.790,24.430,21.750,6874046,159396144
2015-09-07,22.870,24.250,23.220,22.220,9737398,225083376
2015-09-02,19.200,22.070,22.070,18.400,13069438,282507168
2015-09-01,21.300,21.440,20.060,19.900,4644883,96257656
2015-08-31,21.950,23.010,21.720,21.200,7332138,160614752
2015-08-28,20.310,21.990,21.990,20.300,7321699,154616208
2015-08-27,19.500,20.400,19.990,18.410,5590539,109813776
2015-08-26,19.850,20.400,18.790,18.590,7838763,153811088
2015-08-25,19.550,20.150,19.550,19.550,10226873,201311232
2015-08-24,22.870,22.900,21.720,21.720,5832355,127713056
2015-08-21,26.270,26.270,24.130,23.910,7619681,190383088
2015-09-30,25.650,26.180,25.400,24.550,1956500,50539384
2015-09-29,24.920,26.140,25.690,24.900,2208114,55991756
2015-09-28,24.060,26.550,25.720,23.800,3211178,81990616
2015-09-25,24.140,24.500,24.180,23.200,2883018,68771664
2015-09-24,24.390,24.880,24.550,24.130,2333089,57141592
2015-09-23,25.060,25.180,24.290,23.510,6147925,149686672
2015-09-22,26.200,26.200,25.560,25.010,3720441,95308792
2015-09-21,23.390,26.150,26.040,23.240,4465939,111709768
2015-09-18,23.400,23.990,23.860,22.800,2406052,56681596
2015-09-17,23.600,24.500,23.190,23.100,3666779,87695256
2015-09-16,21.480,23.220,23.220,21.480,3915482,87802072
2015-09-15,21.700,22.800,21.110,20.630,2727626,59175344
2015-10-12,27.320,28.770,27.550,27.050,9080982,250954096
2015-10-09,26.300,27.400,27.320,26.010,2481057,66894328
2015-10-08,26.300,27.260,26.420,26.000,2421192,64383304
2015-11-20,29.600,30.780,30.670,29.360,4783061,144250240
2015-11-19,28.710,29.530,29.410,28.600,2504851,72924872
2015-11-18,29.580,29.700,28.630,28.600,3191807,93001352
2015-11-17,30.010,30.520,29.760,29.600,4743550,142530800
2015-11-16,28.500,29.530,29.520,28.200,3116729,90429328
2015-11-13,29.800,30.690,29.510,29.000,5217171,156621456
2015-11-12,30.260,30.450,29.570,29.000,4422235,131358288
2015-11-11,30.110,31.980,30.500,28.930,5984188,179335216
2015-11-10,29.800,30.300,29.910,29.580,4385640,131197984
2015-11-09,29.290,30.500,30.280,29.260,4775043,143495664
2015-11-06,28.800,29.600,29.260,28.500,4861891,141953168
2015-11-05,29.000,30.290,28.780,28.400,7374474,216565504
2015-11-04,27.500,28.790,28.660,27.360,4712025,133175584
2015-11-03,26.700,27.780,27.500,26.680,2538453,68949216
2015-11-02,28.380,28.380,27.060,26.010,5902769,161998592
2015-10-30,27.900,28.800,28.490,27.270,4210966,118367968
2015-10-29,27.960,28.390,28.060,27.250,5115100,142545024
2015-10-28,26.850,29.280,27.850,26.850,7520749,212273264
2015-10-27,26.960,26.960,26.850,25.500,3748562,98393000
2015-10-26,27.590,27.620,26.940,26.000,4521197,121844040
2015-10-23,26.850,27.380,27.230,26.610,4054867,109496880
2015-10-22,26.000,26.890,26.770,25.680,4718167,125163424
2015-10-21,28.360,28.660,26.010,25.980,5427201,149848272
2015-10-20,26.780,29.000,28.870,25.890,7572213,210365936
2015-10-19,27.620,27.870,26.530,25.550,4992807,133660744
2015-10-16,27.810,28.200,27.610,27.260,2809294,77354064
2015-10-15,26.680,28.100,27.800,26.610,3820509,105157872
2015-10-14,27.100,27.270,26.690,26.550,2106814,56793736
2015-10-13,27.000,27.420,27.290,26.610,4872768,131685648
