#date, start price, highest price, close price, lowest price, deal number, deal amount
2015-06-30,39.030,43.900,43.130,35.960,4760780,189047008
2015-06-29,45.700,46.400,39.950,39.950,4363013,187058016
2015-06-26,47.000,53.160,44.390,43.660,5375513,258450832
2015-06-25,50.600,51.200,48.430,48.300,4067670,202425008
2015-06-24,51.620,51.710,50.640,49.200,4092668,205291136
2015-06-23,48.580,50.680,50.590,46.020,3670805,181254304
2015-06-19,49.200,51.980,48.130,47.100,3926005,193391232
2015-06-18,57.000,57.780,52.070,52.070,4111094,224376528
2015-06-17,56.600,58.000,57.860,55.010,4298429,244465536
2015-06-16,55.540,58.900,57.080,54.030,5696127,318997984
2015-06-15,63.030,63.060,59.720,59.720,5035927,303765952
2015-06-12,72.850,75.690,66.350,66.290,10534914,752096064
2015-06-11,63.000,70.860,70.860,62.700,9265488,625328832
2015-06-10,61.280,65.520,64.420,59.900,6656835,425211296
2015-06-09,60.250,62.900,61.480,59.580,4068568,249959200
2015-06-08,66.740,66.740,60.490,60.280,6021620,375085152
2015-06-05,67.900,68.900,66.750,64.200,6165767,412582368
2015-06-04,73.000,73.000,66.750,66.680,6934452,472297088
2015-06-03,73.890,75.980,74.090,71.560,7311084,538755776
2015-06-02,72.020,79.980,73.560,71.570,12425198,916946368
2015-06-01,84.000,84.700,79.520,79.520,6273323,504437984
2015-05-29,84.200,102.000,88.360,84.200,13962963,1243725056
2015-05-28,114.330,114.330,93.550,93.550,1321060,138270048
2015-05-27,103.940,103.940,103.940,103.940,117010,12162019
2015-05-26,94.490,94.490,94.490,94.490,157120,14846269
2015-05-25,85.900,85.900,85.900,83.090,1413755,121087672
2015-05-22,78.090,78.090,78.090,73.000,2573597,200047424
2015-05-21,70.000,70.990,70.990,66.000,2520421,176828496
2015-05-20,59.100,64.540,64.540,59.100,6189344,386301312
2015-05-19,58.670,58.670,58.670,49.000,11507365,636490560
2015-05-18,53.340,53.340,53.340,52.200,912770,48633936
2015-05-15,48.200,48.490,48.490,44.500,3709186,178347264
2015-05-14,42.400,44.080,44.080,41.000,5864457,255273600
2015-05-13,36.510,40.070,40.070,34.500,9309173,354894304
2015-05-12,33.300,36.430,36.430,33.120,11492378,405237888
2015-05-11,30.000,33.120,33.120,29.310,11451967,361199968
2015-05-08,27.100,32.190,30.110,27.100,14276868,417256032
2015-05-07,26.940,29.630,29.630,26.000,16679703,467638144
2015-05-06,26.940,26.940,26.940,26.510,3954524,106491600
2015-05-05,24.490,24.490,24.490,24.490,103600,2537164
2015-05-04,22.260,22.260,22.260,22.260,85085,1893992
2015-04-30,20.240,20.240,20.240,20.240,68900,1394536
2015-04-29,18.400,18.400,18.400,18.400,40900,752560
2015-04-28,16.730,16.730,16.730,16.730,12200,204106
2015-04-27,15.210,15.210,15.210,15.210,14200,215982
2015-04-24,13.830,13.830,13.830,13.830,11300,156279
2015-04-23,12.570,12.570,12.570,12.570,45300,569421
2015-08-20,44.750,49.230,49.230,44.750,7218250,346961696
2015-08-19,39.050,44.750,44.750,36.610,4217525,176161824
2015-08-18,44.550,46.700,40.680,40.510,3370190,145417920
2015-08-17,46.000,46.210,45.010,44.430,2619820,118470232
2015-08-14,46.010,47.500,46.460,45.510,3465026,160567376
2015-08-13,44.020,45.880,45.780,44.020,2596410,116723960
2015-08-12,44.910,46.120,44.960,43.970,3312595,148697136
2015-08-11,45.550,48.200,46.100,45.430,4016044,187039232
2015-08-10,43.490,45.880,45.150,43.000,3523287,157180560
2015-08-07,42.330,43.600,43.080,42.200,3153453,136020944
2015-08-06,44.500,45.500,42.470,42.100,4366462,190555584
2015-08-05,44.400,48.000,46.150,44.000,6480029,300105312
2015-08-04,46.260,46.280,45.900,42.050,6907859,307278144
2015-08-03,42.700,46.250,45.950,41.620,8192043,360893888
2015-07-31,39.050,44.480,43.530,39.040,7196985,305818976
2015-07-30,39.800,42.400,40.690,37.300,7216983,295295552
2015-07-29,36.500,38.750,38.750,34.200,4373747,159504512
2015-07-28,35.140,38.550,35.230,35.050,4607037,166435760
2015-07-27,41.290,45.100,38.940,38.940,4906599,205086576
2015-07-24,44.990,47.000,43.270,42.390,8223416,373994336
2015-07-23,41.020,44.980,44.980,39.600,7061616,302765056
2015-07-22,40.550,41.520,40.890,38.530,6398620,258820176
2015-07-21,35.720,40.370,40.370,35.200,5972313,228336528
2015-07-20,36.800,38.500,36.700,36.050,4377032,161464784
2015-07-17,34.100,37.600,36.930,33.330,3710248,132430192
2015-07-16,31.590,36.880,34.280,31.590,4940192,167576816
2015-07-15,39.000,39.000,35.100,35.100,4102359,148076816
2015-07-14,37.140,39.000,39.000,36.500,7670124,294378272
2015-07-13,35.300,35.450,35.450,33.000,4668847,163435936
2015-07-10,31.000,32.230,32.230,30.010,2426699,76903952
2015-07-09,23.980,29.300,29.300,23.980,3875644,106297360
2015-07-08,26.640,26.640,26.640,26.640,361600,9633024
2015-07-07,30.600,32.000,29.600,29.600,1661637,50420568
2015-07-06,36.120,36.120,32.890,30.000,4055729,135206128
2015-07-03,34.380,36.900,32.840,31.540,3556252,118942472
2015-07-02,38.200,39.390,35.040,35.000,3511775,129954040
2015-07-01,41.610,44.580,38.820,38.820,4296544,180994704
2015-09-14,44.500,44.670,39.860,39.860,3299789,135778016
2015-09-11,45.090,46.050,44.290,42.850,3381210,149059904
2015-09-10,46.550,48.750,45.420,44.600,4680903,218220352
2015-09-09,42.040,46.230,46.230,41.200,4962234,216380272
2015-09-08,39.600,42.210,42.030,37.660,4113010,162543504
2015-09-07,44.400,46.480,40.740,39.960,5161066,223466144
2015-09-02,44.400,49.330,44.400,44.400,3954557,179002736
2015-09-01,49.550,52.000,49.330,49.330,4950926,246879392
2015-08-31,57.950,57.950,54.810,54.810,5010755,278985952
2015-08-28,60.000,65.960,60.900,57.000,9620852,585879232
2015-08-27,57.830,62.500,62.240,55.320,10779025,628997248
2015-08-26,50.000,57.270,57.270,49.700,11224217,625931136
2015-08-25,47.960,53.500,52.060,47.960,5514033,271391072
2015-08-24,53.490,58.760,53.290,49.260,7700645,427988096
2015-08-21,49.260,54.150,54.150,48.680,6205239,323066176
2015-09-30,32.790,32.990,32.230,31.610,1583011,51087132
2015-09-29,32.500,33.000,32.190,31.610,2605605,84005584
2015-09-28,32.530,33.860,33.580,32.510,2858216,95198768
2015-09-25,35.000,35.400,32.490,32.220,4707434,158176416
2015-09-24,34.860,36.510,35.790,34.860,4901814,174336736
2015-09-23,34.800,35.120,33.900,33.850,4515918,155373584
2015-09-22,34.030,37.090,35.800,33.860,6195978,221113040
2015-09-21,31.430,34.510,33.860,31.010,4598000,152676016
2015-09-18,34.400,35.000,32.780,32.500,4964738,165586624
2015-09-17,37.110,38.940,35.170,35.170,9713667,354299968
2015-09-16,32.410,39.600,39.080,32.410,7565453,271349984
2015-09-15,36.860,38.600,36.010,35.870,5142259,185270528
2015-10-12,34.890,38.260,38.260,34.730,5511916,200750288
2015-10-09,34.200,35.880,34.780,34.000,4159518,145736496
2015-10-08,34.000,34.280,34.150,33.300,2951151,99980216
2015-11-20,48.500,49.080,48.400,47.580,3714009,179543680
2015-11-19,46.000,49.310,49.040,45.310,4377364,209275856
2015-11-18,48.400,48.570,45.610,45.020,3911705,182798336
2015-11-17,49.700,51.460,48.140,47.810,3884802,192775136
2015-11-16,47.120,50.000,49.130,47.010,4446250,215705856
2015-11-13,55.450,58.000,49.990,49.790,8220924,438922912
2015-11-12,50.330,55.320,55.320,49.500,6858377,360140992
2015-11-11,46.540,50.500,50.290,45.460,6372803,307453024
2015-11-10,47.000,47.550,46.570,45.100,5840245,270891456
2015-11-09,45.020,48.000,47.650,44.400,6307224,291125216
2015-11-06,41.960,45.000,44.340,41.600,5603171,245714848
2015-11-05,43.430,44.000,42.070,41.810,5151535,220191696
2015-11-04,43.000,43.500,43.320,41.300,5839342,247596896
2015-11-03,40.140,42.130,42.090,40.000,4337158,179360176
2015-11-02,38.310,41.490,40.120,37.800,3747586,150850848
2015-10-30,41.010,41.500,39.600,38.810,3583600,142922880
2015-10-29,43.000,43.850,41.640,41.200,5145956,215707536
2015-10-28,44.390,46.000,43.400,42.800,8251930,365470816
2015-10-27,42.090,42.090,42.090,42.090,738458,31081696
