#date, start price, highest price, close price, lowest price, deal number, deal amount
2015-03-31,70.820,70.820,69.900,68.230,3933508,274201536
2015-03-30,72.200,74.720,72.200,72.200,5524504,401312896
2015-03-27,74.010,82.880,80.220,74.010,3915534,309315904
2015-03-26,78.100,78.100,75.350,73.000,2953868,223682240
2015-03-25,69.200,75.930,75.930,69.200,3965752,294471136
2015-03-24,69.390,70.800,69.030,66.860,2276559,156865008
2015-03-23,67.720,69.880,69.640,67.720,1740170,119958016
2015-03-20,66.610,68.580,67.360,66.610,1239784,83797184
2015-03-19,66.080,66.600,66.260,65.650,1166997,77133880
2015-03-18,65.000,66.460,66.380,64.830,1526003,100712280
2015-03-17,65.380,65.540,64.990,64.460,1205681,78277984
2015-03-16,63.500,65.120,64.890,63.500,1980669,127781784
2015-03-13,62.300,63.300,62.890,62.300,943231,59173924
2015-03-12,62.340,62.900,61.980,61.500,833944,51804392
2015-03-11,63.010,63.160,62.310,62.160,771420,48249732
2015-03-10,63.050,63.880,62.930,62.730,759780,48009220
2015-03-09,63.920,63.920,63.520,62.000,800854,50369340
2015-03-06,62.990,65.400,64.260,62.420,1458896,93233848
2015-03-05,63.050,63.110,62.390,61.950,1190078,74193464
2015-03-04,62.170,63.630,63.280,61.810,1445626,90919904
2015-03-03,64.000,67.090,62.960,62.830,3759264,244579904
2015-02-27,61.740,61.740,61.690,60.810,1022331,62617344
2015-02-26,58.300,61.780,61.740,58.100,1678046,101659608
2015-02-25,59.470,59.470,58.410,58.090,522690,30573088
2015-02-17,60.100,60.100,59.370,59.330,527451,31410120
2015-02-16,60.010,60.190,59.990,59.210,595513,35576364
2015-02-13,59.350,60.000,59.470,59.270,640751,38187108
2015-02-12,57.290,59.500,59.070,57.200,847314,49851308
2015-02-11,57.000,57.260,57.110,56.820,429077,24473516
2015-02-10,56.280,57.050,57.020,56.030,507771,28714572
2015-02-09,56.390,57.300,56.200,56.030,436634,24673508
2015-02-06,57.720,57.880,56.390,56.150,865050,49128344
2015-02-05,59.400,59.450,58.000,57.980,736080,43165284
2015-02-04,60.050,60.490,59.000,58.920,649798,38708456
2015-02-03,58.290,60.030,59.980,58.290,754477,44827672
2015-02-02,58.060,58.760,58.040,57.360,584556,33935912
2015-01-30,59.620,59.700,58.580,58.550,470856,27843544
2015-01-29,59.880,60.260,59.400,59.180,594304,35436056
2015-01-28,60.000,60.710,60.220,59.650,566005,34104068
2015-01-27,60.860,60.980,60.370,59.510,889652,53530528
2015-01-26,60.000,61.410,60.810,59.700,964471,58483920
2015-01-23,61.970,62.890,60.600,60.280,1462694,90256240
2015-01-22,61.400,62.590,61.980,61.100,1202479,74480928
2015-01-21,61.120,61.860,61.370,60.550,1575471,96121256
2015-01-20,59.010,61.590,61.010,59.010,2213519,134446256
2015-01-19,58.400,60.690,58.860,57.000,1516832,89751536
2015-01-16,57.110,59.440,58.840,57.010,981021,57301136
2015-01-15,56.800,57.880,57.110,56.360,637201,36384760
2015-01-14,57.250,57.390,56.720,56.100,937387,52878424
2015-01-13,55.510,57.650,57.200,55.480,1087159,61453640
2015-01-12,57.500,57.510,55.410,55.100,1209830,67565296
2015-01-09,58.300,59.170,57.730,57.700,774379,45212812
2015-01-08,58.780,59.650,58.610,58.580,583419,34489716
2015-01-07,60.010,60.170,59.140,58.600,865138,51133800
2015-01-06,57.580,60.490,60.200,57.580,1216959,72162368
2015-01-05,59.580,59.580,58.170,57.250,997608,57747256
2015-04-07,80.940,82.380,79.920,78.560,4584159,368240544
2015-04-03,70.710,78.030,78.030,70.300,5333060,396208096
2015-04-02,70.650,71.740,70.940,70.030,2440283,172821296
2015-04-01,69.520,71.680,70.750,69.500,2291659,161540752
2015-08-20,82.260,82.900,78.590,77.640,1686586,134883168
2015-08-19,76.500,84.800,83.860,75.020,2685276,214458544
2015-08-18,86.600,89.970,77.950,77.820,2778485,231050000
2015-08-17,89.000,90.020,86.470,86.200,2221034,194713488
2015-08-14,93.880,95.450,91.510,90.300,2125917,196175808
2015-08-13,88.700,95.680,94.510,87.010,2910859,267361632
2015-08-12,91.010,94.000,88.910,88.000,3027366,275052736
2015-08-11,89.890,99.000,94.460,88.470,4253000,404656704
2015-08-10,91.260,94.000,90.240,88.100,5111736,465646368
2015-08-07,77.900,86.020,86.020,77.900,2239893,188796336
2015-08-06,80.800,83.000,78.200,75.700,4471055,353803104
2015-08-05,78.600,83.690,83.690,78.600,5390594,447685120
2015-08-04,70.140,76.080,76.080,70.140,2193853,161946320
2015-08-03,70.800,72.900,69.160,67.600,2447850,170809728
2015-07-31,77.800,79.800,72.860,72.860,4029064,307456768
2015-07-30,79.900,81.830,80.960,78.020,4784823,388206016
2015-07-29,74.390,74.390,74.390,74.390,959990,71413656
2015-07-28,62.850,69.680,67.630,60.000,2671004,176410528
2015-07-27,71.650,75.500,66.050,66.050,2838459,201169776
2015-07-24,75.850,80.130,73.390,72.660,2565153,195992608
2015-07-23,71.200,78.500,76.250,70.760,2913389,218191648
2015-07-22,68.000,71.980,71.390,67.590,2737612,190920432
2015-07-21,66.150,68.400,67.800,65.080,1537700,103216800
2015-07-20,66.700,69.900,67.020,66.000,2144985,145345952
2015-07-17,65.280,67.990,67.480,64.500,2988137,198915744
2015-07-16,65.790,69.990,64.410,62.110,2489900,165198240
2015-07-15,67.500,71.600,67.990,64.880,4831925,326586912
2015-07-14,65.050,72.350,70.020,65.020,7448441,513415552
2015-07-13,64.000,68.990,68.440,63.010,6787133,447957632
2015-07-10,58.900,63.170,63.170,58.010,4794030,299062432
2015-07-09,46.990,57.430,57.430,46.990,5231463,270942720
2015-07-08,52.210,52.210,52.210,52.210,198600,10368906
2015-07-07,58.050,60.800,58.010,58.010,709200,41168260
2015-07-06,64.490,71.500,64.450,64.450,7757203,505892800
2015-07-03,71.610,71.610,71.610,71.610,110800,7934388
2015-09-14,60.100,60.600,54.060,54.060,1271859,71425104
2015-09-11,58.810,60.620,60.070,58.610,775930,46192940
2015-09-10,59.970,61.890,59.640,58.000,1466956,88587824
2015-09-09,58.800,62.200,60.430,57.980,2044287,123491744
2015-09-08,53.900,58.390,58.370,53.380,1464624,82418704
2015-09-07,53.000,57.500,54.660,53.000,1399928,77600608
2015-09-02,52.800,58.980,53.160,52.100,1630906,89964376
2015-09-01,60.010,62.300,57.470,57.470,1706752,100082232
2015-08-31,68.800,69.900,63.850,63.850,2035477,135045200
2015-08-28,66.020,71.000,70.940,65.640,2481451,167640256
2015-08-27,64.480,66.850,65.380,60.000,2014292,128089088
2015-08-26,65.500,69.990,62.320,60.020,2806827,183668944
2015-08-25,65.500,69.050,65.420,65.420,2291101,151799072
2015-08-24,74.460,77.950,72.690,72.690,2039890,150468304
2015-08-21,80.860,85.500,80.770,75.010,2537495,205931920
2015-09-30,54.700,55.130,54.130,53.530,511441,27695054
2015-09-29,54.010,54.900,54.620,53.900,484220,26358428
2015-09-28,53.510,55.490,55.400,52.630,637964,34653924
2015-09-25,56.200,56.990,53.550,53.000,886432,48434112
2015-09-24,55.550,57.430,56.670,55.530,894907,50619444
2015-09-23,55.880,56.330,55.700,54.820,883101,49108860
2015-09-22,56.110,57.500,56.630,55.310,1172588,66260360
2015-09-21,53.000,56.000,55.990,52.200,1042246,57242024
2015-09-18,53.100,53.890,53.470,52.600,687312,36543248
2015-09-17,54.290,55.700,52.870,52.700,1279337,69492696
2015-09-16,50.880,54.730,54.250,50.010,1140451,59681320
2015-09-15,51.230,53.450,49.750,49.550,1189311,60750364
2015-10-12,56.880,61.160,60.960,56.870,1686276,100360768
2015-10-09,56.880,57.300,56.690,55.620,956210,53943668
2015-10-08,55.510,57.450,56.700,55.510,1024628,57862484
2015-11-20,74.750,78.870,77.530,74.320,2071842,158876848
2015-11-19,72.000,74.650,74.460,71.800,1484613,108378752
2015-11-18,74.450,75.570,71.650,71.060,2018423,147872048
2015-11-17,77.490,79.200,74.680,74.500,2005834,153995616
2015-11-16,73.120,76.600,76.520,73.120,1956153,147950832
2015-11-13,80.000,80.460,74.610,74.010,3777593,290459552
2015-11-12,79.100,84.980,81.980,79.100,3922169,322444352
2015-11-11,75.050,79.000,78.980,74.000,3148870,244677888
2015-11-10,75.300,76.300,75.060,73.030,2573890,192637344
2015-11-09,73.990,78.000,76.320,73.880,3624891,276311744
2015-11-06,68.250,75.460,74.420,68.250,3498478,253417552
2015-11-05,69.600,72.000,68.770,67.980,2900894,201900048
2015-11-04,68.800,70.600,69.980,68.000,2675168,185965920
2015-11-03,66.080,69.880,68.970,64.810,3124550,211038336
2015-11-02,61.550,67.990,65.940,61.300,3349971,220371504
2015-10-30,63.050,63.460,62.640,61.520,1159474,72544416
2015-10-29,62.080,63.900,63.040,62.080,1489664,94103440
2015-10-28,61.700,63.100,61.800,61.500,1461455,91053360
2015-10-27,61.510,63.260,62.450,59.600,1916752,117146232
2015-10-26,62.800,64.820,63.110,61.750,2092324,132888752
2015-10-23,60.320,61.740,61.460,60.060,1380198,83948840
2015-10-22,58.670,60.540,60.320,58.590,1443933,85755960
2015-10-21,63.200,63.700,58.610,58.030,1906536,116697384
2015-10-20,62.500,63.360,63.070,62.310,1241056,78107768
2015-10-19,63.510,64.000,62.310,62.020,1321163,82995152
2015-10-16,64.000,64.800,63.700,63.000,1136498,72455560
2015-10-15,61.030,64.300,63.770,61.030,1621784,102143200
2015-10-14,60.010,65.000,62.370,59.620,2780920,173423696
2015-10-13,60.000,63.100,61.690,59.600,1187420,72465896
