#date, start price, highest price, close price, lowest price, deal number, deal amount
2015-06-30,49.000,54.040,53.990,44.680,8802544,431093088
2015-06-29,55.900,56.700,49.640,49.640,6432345,333821120
2015-06-26,59.780,59.780,55.150,55.150,5117293,291533472
2015-06-25,65.370,65.370,61.280,60.100,5491654,345716512
2015-06-24,66.000,67.660,65.720,63.510,6335051,416887072
2015-06-23,60.880,65.790,65.250,60.010,5889906,367393152
2015-06-19,62.740,65.850,60.350,60.000,4957153,310959456
2015-06-18,69.680,69.990,64.370,64.000,5564435,374937408
2015-06-17,67.790,70.450,70.360,66.300,5560046,381308672
2015-06-16,68.010,70.200,68.310,63.800,7789207,521144736
2015-06-15,75.760,75.800,69.680,69.470,9378395,674141440
2015-06-12,81.990,85.430,77.190,77.000,11394970,908256448
2015-06-11,77.800,82.980,82.430,76.800,10640346,852313152
2015-06-10,73.100,79.000,77.700,73.000,8433605,653157824
2015-06-09,72.530,75.700,74.970,72.530,7492993,558703424
2015-06-08,78.010,78.580,72.470,71.670,10101756,745071936
2015-06-05,80.000,81.360,77.730,75.970,9714260,765753984
2015-06-04,85.000,85.000,78.650,77.180,10848529,861364672
2015-06-03,83.200,86.700,85.760,83.000,9900736,843649792
2015-06-02,86.220,87.700,83.460,81.500,13389394,1124533632
2015-06-01,89.500,93.200,87.830,83.600,18734520,1622560896
2015-05-29,88.590,105.000,92.240,88.590,25787628,2399212288
2015-05-28,118.000,120.310,98.430,98.430,15404050,1786375936
2015-05-27,105.010,109.370,109.370,99.500,14806940,1583706496
2015-05-26,95.000,99.430,99.430,92.000,18679784,1839088128
2015-05-25,83.110,90.390,90.390,82.000,16410257,1439143552
2015-05-22,76.500,82.170,82.170,74.710,16708679,1314778112
2015-05-21,72.450,77.980,74.700,69.280,16586798,1201939072
2015-05-20,72.250,78.880,73.290,71.510,16339515,1227334912
2015-05-19,85.900,85.900,74.840,70.350,24199120,1881242240
2015-05-18,76.200,78.090,78.090,73.800,7375959,569367424
2015-05-15,67.600,70.990,70.990,65.000,17239314,1188450048
2015-05-14,58.920,64.540,64.540,58.480,17527472,1102944000
2015-05-13,56.500,60.800,58.670,56.000,14064098,818969152
2015-05-12,59.340,61.870,58.050,57.800,17955532,1065763776
2015-05-11,53.200,58.370,58.370,52.500,15833360,880420992
2015-05-08,51.920,53.450,53.060,51.160,12138787,638394944
2015-05-07,51.300,54.050,50.850,49.570,14741267,750687872
2015-05-06,56.900,57.110,54.180,54.180,25036468,1389298688
2015-05-05,60.200,60.200,60.200,60.200,4011780,241509152
2015-05-04,54.730,54.730,54.730,54.730,449385,24594840
2015-04-30,49.750,49.750,49.750,49.750,147000,7313250
2015-04-29,45.230,45.230,45.230,45.230,68300,3089209
2015-04-28,41.120,41.120,41.120,41.120,20900,859408
2015-04-27,37.380,37.380,37.380,37.380,13700,512106
2015-04-24,28.320,33.980,33.980,28.320,43100,1461142
2015-08-20,45.000,45.350,43.410,43.000,3553512,157905312
2015-08-19,43.350,46.700,45.900,41.070,6688322,290254144
2015-08-18,50.740,51.400,45.630,45.630,5610397,272154080
2015-08-17,51.800,51.800,50.700,49.600,4076029,206214528
2015-08-14,52.700,52.990,52.130,51.200,5137881,267238336
2015-08-13,51.100,52.170,52.100,49.980,4230128,216942768
2015-08-12,53.000,53.640,51.170,51.000,5512509,288990432
2015-08-11,54.290,55.600,54.010,53.760,7603052,415091680
2015-08-10,52.550,56.000,55.540,51.500,10319069,552045696
2015-08-07,50.880,52.920,52.000,50.880,5279534,274426560
2015-08-06,51.000,52.770,50.590,50.150,5700819,292471584
2015-08-05,52.290,54.200,52.520,51.100,9772718,512255520
2015-08-04,49.840,53.540,53.230,49.000,10546756,538903104
2015-08-03,47.400,51.300,48.670,46.310,6576717,317109248
2015-07-31,47.000,50.300,48.600,46.110,6083049,293470880
2015-07-30,49.000,51.670,47.940,47.310,7090928,352966720
2015-07-29,45.990,49.280,49.280,43.980,6220544,287516064
2015-07-28,44.700,48.260,44.800,43.430,8398483,379461408
2015-07-27,51.840,54.490,48.260,48.260,7820662,403754048
2015-07-24,57.310,58.880,53.620,53.010,14298035,809429504
2015-07-23,50.900,56.420,56.420,50.500,12873960,701633152
2015-07-22,50.130,51.990,51.290,49.180,8462851,427990880
2015-07-21,47.880,50.680,50.130,47.010,7036642,346637120
2015-07-20,49.120,50.530,48.930,47.200,6713766,330424480
2015-07-17,46.020,49.800,49.080,46.020,5762077,276957152
2015-07-16,42.200,48.500,45.930,42.080,6121237,279341216
2015-07-15,49.890,49.890,46.220,46.220,5532135,263450720
2015-07-14,50.000,53.600,51.360,48.700,14360530,738684544
2015-07-13,48.540,48.730,48.730,46.600,7473789,359098016
2015-07-10,42.920,44.300,44.300,41.850,3955361,173177632
2015-07-09,33.100,40.270,40.270,33.100,7977155,306178144
2015-07-08,36.610,36.610,36.610,36.610,1166400,42701904
2015-07-07,43.680,44.880,40.680,40.680,4963290,207521408
2015-07-06,48.610,48.610,45.200,42.250,8142158,374449184
2015-07-03,45.750,48.790,44.190,42.370,6246140,282220960
2015-07-02,49.000,51.050,46.730,45.020,6781108,327825696
2015-07-01,52.000,55.800,48.770,48.600,7758101,414224320
2015-09-14,40.500,41.010,36.590,36.590,4494486,170906304
2015-09-11,40.300,41.400,40.650,39.950,3716018,150992032
2015-09-10,42.140,42.250,40.550,40.400,5614785,233043808
2015-09-09,41.140,43.220,43.100,40.880,9772586,411895648
2015-09-08,38.000,41.850,41.700,37.500,8196492,324386016
2015-09-07,37.810,39.190,38.100,36.810,6208695,236916720
2015-09-02,35.390,39.550,36.380,34.580,7077448,267875456
2015-09-01,37.410,39.760,37.530,35.000,7037886,263083568
2015-08-31,39.530,39.530,37.360,37.320,4996829,192971520
2015-08-28,39.600,41.550,40.660,38.510,7764175,306671008
2015-08-27,36.500,38.610,38.610,35.300,9281299,341412608
2015-08-26,34.000,36.270,35.100,32.980,8013189,281152192
2015-08-25,34.010,36.990,32.970,32.970,6755980,233575840
2015-08-24,38.980,39.550,36.630,36.630,5284293,196931984
2015-08-21,42.880,43.450,40.700,40.100,3910065,163296496
2015-09-30,37.170,37.500,36.990,36.550,2138623,79334112
2015-09-29,36.980,37.460,37.040,36.590,2459335,91005408
2015-09-28,36.250,37.880,37.770,36.250,2844243,105794160
2015-09-25,39.090,39.300,36.570,36.120,4547611,170297328
2015-09-24,39.010,40.200,39.380,38.850,4141724,163318304
2015-09-23,38.600,39.730,38.990,38.030,5355070,209380928
2015-09-22,38.920,39.800,38.600,38.000,5179750,201555728
2015-09-21,36.320,38.840,38.800,36.000,5794390,217696256
2015-09-18,35.800,36.940,36.580,35.600,3642425,132109544
2015-09-17,36.890,37.800,35.620,35.550,4799365,177451680
2015-09-16,34.220,37.270,36.960,34.220,4494233,160317808
2015-09-15,35.000,35.940,33.880,33.110,4345114,150266192
2015-10-12,39.800,41.680,41.370,39.700,6830019,279456928
2015-10-09,38.600,39.520,39.360,38.600,4575838,178943232
2015-10-08,39.500,39.990,39.130,38.890,6104936,239700032
2015-11-20,57.070,60.790,59.440,56.360,8939078,525263904
2015-11-19,55.480,57.420,57.050,55.210,5214914,292962624
2015-11-18,57.700,58.490,55.420,55.000,6853435,387916032
2015-11-17,59.800,60.000,57.790,57.140,9713360,568576320
2015-11-16,53.200,58.820,58.500,53.160,8921486,494537216
2015-11-13,60.200,62.380,56.000,54.860,15711303,917453888
2015-11-12,55.900,60.030,60.030,55.900,12396186,720823424
2015-11-11,50.900,54.690,54.570,50.680,8773143,463760160
2015-11-10,52.400,52.760,51.360,50.680,7197547,371818016
2015-11-09,49.640,53.810,52.290,49.300,10362127,533221536
2015-11-06,49.080,50.770,50.090,49.080,7703224,385359488
2015-11-05,50.000,51.350,49.080,48.850,10588033,526111328
2015-11-04,48.540,50.500,50.460,47.800,12659920,622177920
2015-11-03,44.880,49.340,49.010,44.200,15573440,737975296
2015-11-02,42.500,46.350,44.850,42.040,8900885,399951648
2015-10-30,43.800,43.980,43.530,42.500,4118359,178550720
2015-10-29,43.650,44.380,43.980,43.350,4088172,179492944
2015-10-28,44.250,45.500,43.660,43.560,5572816,247154432
2015-10-27,43.610,44.610,44.340,41.600,6019549,260570960
2015-10-26,45.600,45.650,44.610,44.000,6553805,292534944
2015-10-23,43.440,44.820,44.470,43.190,8351987,368958848
2015-10-22,40.400,42.620,42.470,40.400,6046334,250633488
2015-10-21,43.150,45.170,40.350,40.000,9331173,402357632
2015-10-20,42.050,43.230,43.130,42.050,4706073,200814656
2015-10-19,43.490,43.490,42.240,41.900,5928365,252034144
2015-10-16,43.850,44.820,43.490,42.450,7558585,328540704
2015-10-15,41.200,43.550,43.480,41.100,7271868,308002240
2015-10-14,41.510,42.800,41.580,40.910,6639522,277532352
2015-10-13,40.930,41.790,41.610,40.650,4601871,190173136
